# in Mpc/h Units 
# D1 = 0.425202 
# k P N P(z=0)
0.314159 163.657 6 905.2
0.444288 91.9303 12 508.474
0.54414 61.4005 8 339.611
0.628319 50.1546 6 277.409
0.702481 31.9858 24 176.916
0.76953 30.6349 24 169.444
0.888577 16.4508 12 90.991
0.942478 25.7263 30 142.294
0.993459 15.3621 24 84.9689
1.04195 20.2595 24 112.057
1.08828 15.4686 8 85.5579
1.13272 17.418 24 96.3404
1.17548 17.9148 48 99.0884
1.25664 13.2069 6 73.0483
1.29531 13.3091 48 73.6138
1.33286 10.1153 36 55.9483
1.36939 8.50875 24 47.0626
1.40496 12.3001 24 68.033
1.43966 9.36362 48 51.791
1.47354 16.6992 24 92.3648
1.53906 9.52196 24 52.6667
1.5708 13.8405 30 76.5528
1.6019 8.10547 72 44.8321
1.63242 8.34459 32 46.1546
1.6918 6.9374 72 38.3713
1.72072 9.77785 48 54.0821
1.77715 10.0355 12 55.5073
1.80471 5.55875 48 30.7459
1.83185 7.64806 48 42.302
1.85859 7.60224 48 42.0486
1.88496 4.53188 30 25.0662
1.91096 4.19676 24 23.2126
1.93661 6.52295 72 36.079
1.98692 7.2061 24 39.8576
2.0116 7.02489 96 38.8552
2.03598 7.60215 48 42.0481
2.06008 7.03958 24 38.9365
2.0839 5.69362 24 31.4919
2.10744 5.4484 72 30.1356
2.13073 6.40958 48 35.4519
2.17656 7.70029 8 42.5909
2.19911 6.4898 54 35.8956
2.22144 7.33389 84 40.5643
2.24355 4.71281 48 26.0669
2.26543 7.43644 24 41.1316
2.28711 5.49371 72 30.3862
2.30859 4.33362 96 23.9696
2.35095 4.72377 48 26.1276
2.37185 5.81274 48 32.1507
2.39257 8.69305 24 48.082
2.4131 6.51456 72 36.0326
2.45366 4.83453 72 26.7402
2.47369 4.82845 96 26.7066
2.51327 2.95593 6 16.3495
2.53283 4.2372 96 23.4363
2.55224 5.22575 96 28.904
2.5715 4.02239 24 22.2482
2.59062 4.9508 48 27.3833
2.6096 5.54394 96 30.664
2.62844 3.92671 48 21.719
2.66573 4.25624 36 23.5416
2.68418 4.99319 48 27.6177
2.7025 3.79927 120 21.0141
2.7207 4.24837 56 23.4981
2.73878 7.14959 24 39.545
2.75674 4.52933 96 25.0521
2.77458 3.97265 48 21.9731
2.80993 5.26407 24 29.116
2.82743 4.7098 102 26.0503
2.84483 2.78632 48 15.4113
2.86213 4.26403 72 23.5847
2.87932 3.49281 48 19.319
2.89641 3.55419 48 19.6585
2.91339 4.04933 120 22.3972
2.94708 4.74568 24 26.2488
2.96377 4.7814 144 26.4463
2.98038 3.70215 120 20.4769
2.99689 2.40447 48 13.2993
3.02964 4.36327 48 24.1336
3.04589 4.18767 96 23.1623
3.07812 2.86285 24 15.8346
3.09411 4.47742 48 24.765
3.11002 3.84002 108 21.2395
3.12585 3.20842 72 17.7461
3.14159 4.15603 30 22.9874
3.15726 3.56103 168 19.6964
3.17285 3.50579 48 19.3908
3.20381 3.59023 72 19.8579
3.21917 3.708 96 20.5093
3.23447 4.17933 72 23.1163
3.24969 3.27213 72 18.0984
3.26484 2.98738 32 16.5235
3.27992 3.3615 72 18.5927
3.29493 4.12261 144 22.8025
3.33956 3.04088 96 16.8194
3.3543 4.29041 96 23.7306
3.36898 4.74959 48 26.2704
3.3836 2.8384 72 15.6994
3.39815 3.89183 120 21.526
3.41264 2.78618 72 15.4106
3.44144 4.16716 48 23.0489
3.45575 3.27475 78 18.1129
3.47 2.65167 120 14.6666
3.48419 3.14038 48 17.3697
3.51241 3.24039 144 17.9229
3.52643 3.4876 144 19.2902
3.55431 2.42666 12 13.4221
3.56816 2.87864 144 15.922
3.58197 3.44383 48 19.0481
3.59572 3.57303 120 19.7627
3.60942 3.32718 48 18.4029
3.62306 2.54798 48 14.0931
3.63666 3.6869 168 20.3926
3.6637 3.44678 48 19.0645
3.67714 3.68658 96 20.3908
3.69054 3.03562 96 16.7903
3.70388 2.94611 72 16.2952
3.71718 3.0188 48 16.6972
3.73043 3.53171 96 19.5342
3.74364 3.29839 48 18.2437
3.76991 2.22684 30 12.3168
3.78298 3.12675 96 17.2943
3.796 2.83697 192 15.6915
3.80898 3.74263 56 20.7008
3.82191 3.37993 24 18.6947
3.8348 2.62803 168 14.5358
3.84765 2.65158 120 14.6661
3.87322 2.60505 72 14.4087
3.88594 2.78931 144 15.4279
3.89861 2.82485 96 15.6245
3.91125 2.46967 96 13.6599
3.9364 3.22836 72 17.8563
3.94892 2.75337 96 15.2291
3.97384 3.50963 24 19.4121
3.98623 2.75643 192 15.2461
3.99859 2.97701 108 16.4661
4.01092 3.08658 24 17.0722
4.0232 2.77922 96 15.3721
4.03545 2.60213 96 14.3926
4.04766 2.72083 120 15.0491
4.07197 3.31815 48 18.3529
4.08407 3.15865 78 17.4707
4.09614 2.91707 144 16.1345
4.10817 3.14818 120 17.4129
4.12016 3.31877 24 18.3564
4.13212 2.74218 168 15.1672
4.14405 3.08539 144 17.0655
4.16779 2.12783 24 11.7692
4.17962 2.51154 48 13.8915
4.19141 2.6925 96 14.8925
4.20316 3.03894 120 16.8086
4.21489 2.87153 72 15.8827
4.22658 2.93908 120 16.2563
4.23824 2.39657 144 13.2556
4.26146 2.69219 48 14.8907
4.27303 2.53163 192 14.0026
4.28456 2.24591 144 12.4223
4.29606 3.25462 48 18.0016
4.31898 2.52658 192 13.9747
4.33039 2.2474 48 12.4306
4.35312 2.52657 8 13.9747
4.36444 2.44848 48 13.5427
4.37573 3.13048 240 17.3149
4.387 2.56417 96 14.1827
4.39823 2.05505 54 11.3667
4.40944 2.53852 120 14.0408
4.42061 1.96138 120 10.8486
4.44288 2.65376 84 14.6781
4.45398 2.16263 144 11.9617
4.46504 2.22833 72 12.3251
4.47608 1.95886 96 10.8346
4.48709 2.07546 48 11.4796
4.49808 2.57876 96 14.2633
4.50903 2.38105 240 13.1698
4.53087 1.80338 24 9.97466
4.54175 2.63282 240 14.5624
4.5526 2.73854 96 15.1471
4.56883 3.05854 144 16.9171
4.585 2.62916 96 14.5421
4.59575 2.43504 72 13.4684
4.61718 2.18428 96 12.0815
4.62785 2.63709 96 14.586
4.63851 2.23506 120 12.3623
4.64913 1.9564 96 10.821
4.67484 2.29461 336 12.6917
4.70191 2.4196 48 13.383
4.71239 2.41041 150 13.3322
4.72285 3.29172 96 18.2068
4.73329 2.80111 120 15.4932
4.75112 2.71604 168 15.0227
4.76446 2.55767 240 14.1467
4.78513 2.6808 24 14.8278
4.79543 2.06667 144 11.4309
4.80571 2.27328 216 12.5737
4.82211 1.93661 120 10.7116
4.83642 2.08018 144 11.5056
4.84661 2.12714 96 11.7654
4.87706 2.45303 144 13.5679
4.88717 2.49244 132 13.7859
4.89726 2.6149 104 14.4633
4.90732 2.24447 72 12.4143
4.922 2.90385 312 16.0614
4.94739 1.71669 96 9.49518
4.95735 2.61716 144 14.4757
4.97264 2.51887 312 13.9321
4.99701 2.80024 48 15.4883
5.00687 2.49225 192 13.7848
5.02655 0.903091 6 4.99507
5.03636 2.20761 192 12.2105
5.05103 2.65497 192 14.6849
5.06567 3.12035 96 17.2589
5.0754 2.47192 216 13.6724
5.08511 1.72443 72 9.53795
5.10448 2.3421 96 12.9543
5.11414 1.63172 96 9.0252
5.12539 2.41786 288 13.3734
5.14301 3.06463 24 16.9507
5.1526 2.26383 264 12.5214
5.16216 1.95705 192 10.8246
5.18125 1.75184 48 9.68959
5.19646 2.44361 240 13.5158
5.20974 2.27761 120 12.5977
5.21921 2.2331 96 12.3515
5.23525 2.66471 240 14.7387
5.26471 2.11957 288 11.7235
5.27563 2.00473 96 11.0883
5.28498 2.26884 72 12.5492
5.30362 2.10035 192 11.6172
5.31292 1.89597 144 10.4868
5.33146 1.88305 36 10.4153
5.34719 2.23875 342 12.3827
5.35916 2.33979 96 12.9416
5.37587 2.29311 264 12.6834
5.38671 2.25215 168 12.4568
5.405 2.29593 120 12.699
5.41412 1.86664 192 10.3246
5.42984 2.47591 264 13.6945
5.4414 1.89166 56 10.4629
5.45589 2.10602 240 11.6486
5.48556 2.01658 216 11.1538
5.49554 1.90489 240 10.5361
5.50963 1.90122 168 10.5158
5.52599 2.02911 240 11.2232
5.55508 2.42378 144 13.4061
5.56692 2.00509 312 11.0903
5.57577 2.37118 144 13.1152
5.59826 1.71621 264 9.49251
5.62783 1.97293 264 10.9125
5.64176 1.83736 192 10.1626
5.65487 2.13986 102 11.8357
5.66891 1.94716 432 10.7699
5.68967 2.12909 48 11.7762
5.69833 1.97455 288 10.9214
5.71069 2.33698 168 12.926
5.72964 1.93157 192 10.6837
5.74147 2.10757 144 11.6571
5.75863 1.15557 48 6.39156
5.77277 1.90839 276 10.5554
5.78642 1.88629 192 10.4332
5.80132 2.0467 336 11.3205
5.80982 2.13378 216 11.8021
5.83055 1.94988 216 10.785
5.84792 2.03888 240 11.2772
5.87392 1.75515 408 9.7079
5.89415 1.80102 24 9.96157
5.90669 2.02878 384 11.2214
5.92421 1.7298 240 9.56769
5.93942 1.63302 168 9.03238
5.96499 2.05749 246 11.3801
5.97997 1.69018 320 9.34853
6.00063 1.81964 288 10.0646
6.01022 2.00776 144 11.1051
6.0348 1.73442 288 9.59324
6.04764 1.89463 336 10.4794
6.0651 2.05954 168 11.3915
6.07555 1.8922 336 10.4659
6.09177 2.00009 96 11.0627
6.10391 1.90676 384 10.5464
6.11603 1.83619 72 10.1561
6.13444 1.99366 336 11.0271
6.15624 0.822234 24 4.54785
6.16996 1.72829 336 9.55931
6.18252 1.96329 168 10.8591
6.19954 1.73894 456 9.61822
6.22004 1.5047 108 8.32264
6.23156 1.77216 264 9.80199
6.24595 1.87633 264 10.3781
6.26564 1.75239 312 9.69263
6.28319 1.55643 30 8.60873
6.29452 1.73448 432 9.59356
6.31756 1.93963 432 10.7283
6.33013 1.9812 192 10.9582
6.35192 1.5527 240 8.58814
6.36456 1.53424 336 8.48599
6.38447 1.92078 240 10.624
6.3922 1.85046 240 10.235
6.41275 1.83028 216 10.1234
6.42832 1.9215 312 10.628
6.44655 1.76941 336 9.78675
6.46894 1.72156 72 9.52211
6.48007 1.82566 624 10.0979
6.49634 1.85427 120 10.2561
6.51021 1.64608 336 9.1046
6.52968 1.52248 32 8.42094
6.54409 1.68312 528 9.3095
6.56562 1.82014 312 10.0673
6.57487 1.38458 96 7.65824
6.59474 1.45505 414 8.04799
6.60897 1.57983 216 8.73815
6.63315 1.6263 480 8.99522
6.6632 1.65765 636 9.16858
6.68355 1.52636 240 8.4424
6.69388 1.64949 168 9.12347
6.7191 1.54934 504 8.56951
6.7321 1.49074 240 8.2454
6.74682 1.46913 456 8.12588
6.7725 1.75289 264 9.69536
6.78639 1.69447 264 9.37225
6.80514 1.66823 552 9.22713
6.82529 1.65964 72 9.17961
6.83702 1.43833 384 7.95553
6.8562 1.80593 336 9.98874
6.86853 1.78344 96 9.86435
6.89291 1.43191 480 7.92003
6.90756 1.28892 174 7.12911
6.92267 1.42968 552 7.90765
6.94474 1.37496 360 7.60501
6.95933 1.58753 432 8.78076
6.98042 1.61626 480 8.93968
7.00371 1.39356 288 7.70789
7.01377 1.25644 168 6.9495
7.03217 1.59883 504 8.84328
7.05566 1.73635 240 9.6039
7.06849 1.51474 440 8.37815
7.09018 1.3634 552 7.54109
7.10861 0.955447 12 5.28466
7.12185 1.4704 528 8.13293
7.14393 1.41021 480 7.8
7.16393 1.5842 48 8.76236
7.17479 1.36891 624 7.57154
7.19862 1.27103 504 7.03019
7.22401 1.43884 198 7.95836
7.23516 1.50421 552 8.31993
7.25595 1.4241 432 7.87683
7.27644 1.2344 312 6.82758
7.29122 1.44015 336 7.9656
7.31192 1.485 408 8.21364
7.33337 1.17003 432 6.47155
7.34474 1.46594 456 8.10826
7.36312 1.62784 528 9.00371
7.39021 1.49836 456 8.28755
7.40396 1.59853 168 8.8416
7.41823 1.33182 504 7.36642
7.44195 1.31658 336 7.28209
7.45982 1.37716 456 7.61719
7.47564 1.21394 408 6.71442
7.49795 1.3474 696 7.45258
7.52344 1.39214 384 7.70004
7.54481 1.65198 126 9.13726
7.558 1.34682 492 7.44938
7.57485 1.24966 528 6.91195
7.59872 1.32794 696 7.34495
7.61833 1.29657 416 7.17146
7.63208 1.12437 264 6.21898
7.65511 1.35911 768 7.51737
7.6749 1.39116 408 7.69463
7.69957 1.40521 360 7.77232
7.71 1.32263 408 7.31556
7.72931 1.33075 456 7.36051
7.75392 1.52514 408 8.43566
7.77036 1.21959 504 6.74568
7.79066 1.47133 648 8.13807
7.81535 1.21964 360 6.74591
7.83053 1.30571 528 7.222
7.85864 1.38194 582 7.64362
7.87632 1.32897 600 7.35066
7.89523 1.25317 576 6.93137
7.914 1.18504 408 6.55454
7.93268 1.29441 408 7.15948
7.95698 1.31858 624 7.29316
7.97865 1.33842 576 7.40293
8.00144 1.31048 348 7.24835
8.01209 1.2705 576 7.02723
8.03437 1.3054 600 7.22028
8.0589 1.37562 600 7.60868
8.07879 1.10267 576 6.09897
8.10331 1.2125 768 6.70642
8.12088 1.25672 240 6.95103
8.14134 1.18022 336 6.5279
8.15994 1.39198 590 7.69913
8.17963 1.24388 744 6.88
8.20288 1.20373 504 6.65791
8.22478 1.17282 648 6.48694
8.24775 1.29124 696 7.14197
8.26774 1.23783 696 6.84654
8.29585 1.21133 552 6.69999
8.31341 1.15748 648 6.4021
8.33446 1.23596 504 6.8362
8.35037 1.27574 480 7.05623
8.37174 1.29991 600 7.18989
8.39493 1.26943 792 7.0213
8.41471 1.27182 336 7.03452
8.43909 1.20085 588 6.64202
8.46013 1.15326 744 6.37876
8.48605 1.12324 894 6.21275
8.50984 1.15895 648 6.41022
8.53082 1.2287 528 6.79604
8.54904 1.21165 696 6.70176
8.57637 1.29174 648 7.14472
8.59669 1.08667 936 6.01048
8.6208 1.22789 144 6.79154
8.63354 1.15406 840 6.38319
8.66042 1.22813 792 6.79289
8.68183 1.12709 480 6.23401
8.70268 1.09773 536 6.07163
8.72506 1.17641 888 6.50681
8.7477 1.15991 792 6.41556
8.77145 1.11744 744 6.18067
8.79242 1.11828 534 6.1853
8.81805 1.11295 816 6.15579
8.83728 1.1528 408 6.37623
8.8592 1.10164 960 6.09325
8.88614 1.12562 708 6.22591
8.90971 1.16324 1056 6.43396
8.93776 1.16222 864 6.42834
8.95479 1.14615 552 6.33945
8.98268 1.11631 528 6.17441
8.99967 1.10229 936 6.09683
9.02501 1.07564 888 5.94946
9.04798 1.0534 504 5.82643
9.07075 1.01062 696 5.58982
9.08827 1.09141 600 6.03666
9.1155 0.992002 798 5.48685
9.13638 1.05344 912 5.82667
9.1598 1.07518 912 5.9469
9.18648 1.00158 1104 5.53984
9.21077 1.05215 648 5.81951
9.24054 1.06439 912 5.88725
9.25969 1.03848 824 5.74392
9.28649 1.02205 888 5.65304
9.30524 0.991607 456 5.48466
9.32993 1.06002 1068 5.86303
9.35118 1.05099 648 5.81311
9.37753 1.00038 1032 5.53316
9.39943 1.02615 576 5.67575
9.42618 0.957567 1254 5.29638
9.45345 0.957618 792 5.29667
9.47224 0.957706 816 5.29715
9.49886 0.979041 936 5.41516
9.52401 0.900192 912 4.97904
9.54544 1.04269 624 5.76719
9.57046 1.02424 1224 5.66514
9.59495 0.912029 816 5.04451
9.61947 0.884634 888 4.89299
9.64548 0.962314 1152 5.32264
9.67583 0.958791 1104 5.30316
9.69991 0.917986 840 5.07746
9.71865 0.980055 480 5.42076
9.74574 0.923551 894 5.10824
9.76669 0.952593 1236 5.26887
9.79605 0.918185 1184 5.07856
9.82348 0.950373 792 5.25659
9.84219 0.960979 792 5.31525
9.86897 0.910237 1440 5.0346
9.89283 0.890345 864 4.92457
9.92079 0.841476 960 4.65427
9.94684 0.887759 1128 4.91027
9.97686 0.864195 816 4.77994
9.99766 0.867231 1008 4.79672
10.0218 0.865444 1008 4.78685
10.0521 0.914839 1518 5.06005
10.0762 0.891319 816 4.92996
10.1025 0.907037 1104 5.0169
10.13 0.865723 1056 4.78839
10.1552 0.915894 1104 5.06589
10.1774 0.87652 1056 4.84811
10.2056 0.959908 1188 5.30933
10.233 0.877276 912 4.85229
10.26 0.869981 1368 4.81194
10.2868 0.905582 1128 5.00885
10.3108 0.898846 1128 4.97159
10.3392 0.856323 992 4.73639
10.3669 0.892088 1326 4.93422
10.3909 0.887389 672 4.90822
10.4156 0.796719 1632 4.40672
10.4477 0.849819 1128 4.70042
10.468 0.833404 1152 4.60963
10.4961 0.839728 1104 4.64461
10.527 0.820875 1560 4.54033
10.556 0.853607 1272 4.72137
10.5803 0.86731 1080 4.79716
10.6074 0.8342 1224 4.61403
10.633 0.768051 960 4.24815
10.6646 0.865714 1332 4.78834
10.6881 0.820291 1158 4.5371
10.7153 0.833978 1656 4.6128
10.7456 0.82919 1248 4.58632
10.7692 0.779442 1152 4.31116
10.7959 0.741154 1272 4.09938
10.8278 0.817822 1608 4.52344
10.8578 0.859556 1464 4.75428
10.8878 0.848656 824 4.69399
10.9128 0.80166 1704 4.43405
10.9379 0.820547 1200 4.53851
10.9681 0.786067 1416 4.3478
10.9964 0.757898 1326 4.192
11.0235 0.769283 1416 4.25497
11.0496 0.746282 1200 4.12775
11.0767 0.742323 1440 4.10585
11.1104 0.776545 1716 4.29514
11.1386 0.695279 1488 3.84564
11.1683 0.724108 1536 4.0051
11.1955 0.712839 1272 3.94277
11.221 0.741524 1392 4.10143
11.2573 0.728882 1800 4.03151
11.2826 0.788435 1032 4.3609
11.3096 0.724656 1446 4.00813
11.3402 0.680256 1920 3.76255
11.3665 0.721777 1032 3.99221
11.3923 0.721787 1656 3.99227
11.4292 0.694066 2168 3.83894
11.4591 0.686847 1440 3.79901
11.4849 0.686714 1248 3.79827
11.5152 0.654517 1464 3.62019
11.5455 0.719457 1884 3.97938
11.5794 0.680568 1680 3.76428
11.605 0.677055 1392 3.74485
11.6336 0.649666 1590 3.59336
11.6676 0.672014 2040 3.71696
11.6971 0.723299 1728 4.00063
11.728 0.660293 1464 3.65213
11.7556 0.707051 1608 3.91076
11.7865 0.666738 1656 3.68778
11.8171 0.640162 1776 3.54079
11.8458 0.658791 1800 3.64383
11.8722 0.631541 1560 3.4931
11.9022 0.652804 1512 3.61071
11.9368 0.643889 1782 3.5614
11.9681 0.659857 2264 3.64973
12.001 0.66286 1692 3.66633
12.0348 0.669898 2256 3.70526
12.0649 0.638252 1368 3.53022
12.0929 0.625687 2160 3.46073
12.1244 0.673146 1368 3.72323
12.1502 0.660429 1944 3.65289
12.1851 0.62541 1728 3.4592
12.2173 0.665238 2016 3.67949
12.2459 0.578439 1662 3.1994
12.279 0.599304 2592 3.3148
12.3152 0.610515 1680 3.37681
12.3441 0.610594 1992 3.37725
12.3741 0.607349 1920 3.3593
12.4055 0.636719 1968 3.52174
12.4398 0.617197 2004 3.41377
12.4691 0.599153 1920 3.31397
12.5021 0.616952 1952 3.41241
12.5336 0.600756 2304 3.32283
12.5696 0.582244 2118 3.22044
12.6001 0.603169 1848 3.33618
12.6298 0.580799 2064 3.21245
12.6656 0.553943 2352 3.06391
12.6997 0.586431 2184 3.2436
12.7271 0.567733 1896 3.14018
12.7606 0.585969 2472 3.24104
12.7965 0.575327 1944 3.18218
12.8269 0.579683 2088 3.20627
12.8578 0.600433 1968 3.32104
12.8928 0.573332 2250 3.17114
12.9243 0.572407 2472 3.16603
12.9622 0.584466 2832 3.23273
12.9935 0.562589 1776 3.11173
13.0248 0.572389 2496 3.16593
13.0599 0.56435 1856 3.12146
13.0924 0.543784 2472 3.00771
13.1278 0.555004 2928 3.06977
13.1613 0.578111 1752 3.19758
13.1941 0.547107 2166 3.0261
13.2228 0.54912 2448 3.03723
13.2609 0.538962 3048 2.98105
13.2985 0.55582 2352 3.07429
13.3341 0.546443 2340 3.02242
13.3669 0.541091 2856 2.99282
13.3981 0.538818 1872 2.98025
13.4328 0.561824 2856 3.1075
13.4672 0.533074 2208 2.94847
13.5027 0.521165 2622 2.8826
13.5372 0.539556 2712 2.98433
13.5706 0.534931 2520 2.95875
13.6106 0.515357 3080 2.85048
13.6462 0.515691 2832 2.85233
13.6782 0.527331 2232 2.91671
13.7154 0.501699 3000 2.77494
13.7476 0.496697 1872 2.74727
13.782 0.505596 2916 2.7965
13.8177 0.515782 2910 2.85284
13.8563 0.505874 3144 2.79803
13.8883 0.515253 2376 2.84991
13.9269 0.515005 3096 2.84854
13.9621 0.506701 2880 2.80261
14.0013 0.511088 2904 2.82687
14.0349 0.515688 2520 2.85231
14.0695 0.49519 3360 2.73894
14.1111 0.508678 2712 2.81354
14.1423 0.462178 2798 2.55635
14.181 0.462434 3048 2.55776
14.2158 0.484038 2724 2.67726
14.2491 0.488625 3264 2.70262
14.2875 0.480243 3048 2.65626
14.3254 0.468351 3024 2.59049
14.3617 0.472368 3120 2.61271
14.4019 0.461923 3456 2.55493
14.4372 0.484729 2334 2.68108
14.472 0.447282 3264 2.47395
14.5088 0.444518 3456 2.45867
14.5462 0.453215 3312 2.50677
14.5799 0.452227 2616 2.5013
14.6203 0.456605 3792 2.52552
14.6599 0.444021 3180 2.45591
14.6973 0.450225 3248 2.49023
14.7343 0.463848 3312 2.56558
14.7747 0.42874 3606 2.37139
14.8116 0.436025 3456 2.41169
14.8465 0.434814 2688 2.40499
14.8883 0.436792 4152 2.41593
14.9273 0.440151 3600 2.43451
14.9656 0.437949 3432 2.42233
15.0056 0.435642 3624 2.40957
15.0456 0.416022 3384 2.30105
15.0848 0.419969 3582 2.32288
15.1203 0.431919 3276 2.38898
15.1572 0.411993 3696 2.27877
15.1966 0.410692 3888 2.27157
15.2357 0.404209 3608 2.23571
15.2769 0.423381 3768 2.34176
15.3164 0.414557 3720 2.29295
15.3575 0.406791 3984 2.24999
15.3971 0.418248 3438 2.31337
15.4322 0.404573 3696 2.23773
15.4717 0.393117 4104 2.17436
15.5131 0.41077 3792 2.272
15.552 0.408199 3828 2.25778
15.5926 0.399963 4008 2.21223
15.6329 0.40366 4032 2.23268
15.6696 0.408463 3768 2.25924
15.714 0.39598 4206 2.1902
15.7514 0.377766 3456 2.08946
15.7915 0.389987 4568 2.15705
15.8322 0.392407 4272 2.17044
15.8721 0.391407 3960 2.1649
15.9156 0.373515 4584 2.06594
15.9588 0.387433 4416 2.14292
15.9995 0.390767 3252 2.16137
16.0387 0.38281 5166 2.11735
16.0805 0.374423 4272 2.07097
16.1203 0.371117 3984 2.05268
16.1623 0.36745 4608 2.03239
16.206 0.374529 4584 2.07155
16.2476 0.380582 4752 2.10503
16.2926 0.37974 4152 2.10038
16.3308 0.356898 4454 1.97404
16.3706 0.364422 4272 2.01565
16.4105 0.347602 4416 1.92262
16.4572 0.362737 5484 2.00633
16.4971 0.35923 3984 1.98693
16.5399 0.353962 5232 1.9578
16.5854 0.35755 4752 1.97764
16.626 0.364681 4200 2.01708
16.6696 0.354394 5070 1.96018
16.7114 0.353527 4848 1.95539
16.7541 0.352713 5376 1.95089
16.7993 0.340502 4824 1.88334
16.8373 0.34066 3912 1.88422
16.8821 0.3394 5708 1.87725
16.9286 0.352099 5424 1.94749
16.9743 0.340231 5046 1.88185
17.0151 0.345764 4872 1.91245
17.0591 0.347402 5112 1.92151
17.1027 0.335385 5640 1.85504
17.1485 0.321202 4920 1.7766
17.1891 0.323027 5040 1.78669
17.2339 0.317607 5736 1.75671
17.2803 0.328602 4734 1.81753
17.3215 0.318889 5580 1.7638
17.3661 0.330519 5592 1.82813
17.4108 0.31986 5432 1.76917
17.4551 0.318202 5616 1.76
17.5005 0.313617 5640 1.73464
17.5472 0.312091 5232 1.7262
17.5907 0.311864 5622 1.72494
17.6344 0.302111 6192 1.671
17.6832 0.313958 5760 1.73653
17.727 0.308904 5616 1.70857
17.7706 0.310699 5316 1.7185
17.8179 0.307539 6696 1.70102
17.8659 0.305319 6000 1.68874
17.9128 0.298419 6030 1.65058
17.9594 0.295266 5624 1.63314
18.0036 0.300315 6288 1.66106
18.0498 0.294066 6432 1.62651
18.0972 0.296634 5856 1.64071
18.143 0.292266 6192 1.61655
18.1863 0.296369 5328 1.63924
18.2352 0.289505 7338 1.60128
18.2837 0.28764 6240 1.59096
18.3278 0.286913 6216 1.58694
18.3778 0.291302 7128 1.61121
18.4243 0.284224 5472 1.57207
18.47 0.285277 6984 1.57789
18.5178 0.288198 6422 1.59405
18.5668 0.284887 7176 1.57573
18.6134 0.282852 6312 1.56448
18.6623 0.278087 6756 1.53812
18.71 0.269551 7224 1.49091
18.7595 0.264534 7224 1.46316
18.8071 0.275812 5856 1.52554
18.8564 0.275596 7710 1.52434
18.9065 0.270125 7392 1.49408
18.9507 0.270877 5688 1.49824
18.9981 0.269856 8256 1.49259
19.051 0.267603 7040 1.48013
19.1004 0.267122 7044 1.47747
19.1475 0.257067 7062 1.42186
19.1943 0.260992 7368 1.44357
19.2465 0.258812 7776 1.43151
19.2965 0.262863 7872 1.45392
19.3469 0.244183 7032 1.3506
19.3974 0.256017 8136 1.41605
19.4426 0.261154 6384 1.44446
19.4935 0.249964 8286 1.38257
19.5444 0.250384 7692 1.38489
19.5944 0.252726 8072 1.39785
19.6434 0.248618 7584 1.37513
19.6937 0.251279 7992 1.38985
19.7458 0.248142 7944 1.3725
19.7992 0.242674 8646 1.34225
19.8493 0.245506 8232 1.35792
19.9018 0.24298 8472 1.34395
19.9524 0.241549 7560 1.33602
20.0013 0.244163 8220 1.35048
20.0525 0.240711 8616 1.33139
20.1063 0.238359 8622 1.31838
20.157 0.237807 8336 1.31533
20.2078 0.236261 8184 1.30678
20.2598 0.237956 9312 1.31616
20.3126 0.237401 8736 1.31308
20.3651 0.230739 8184 1.27624
20.4177 0.226823 9354 1.25458
20.4698 0.22938 8544 1.26872
20.5231 0.227639 9816 1.25909
20.576 0.22748 8712 1.25821
20.627 0.230891 8256 1.27708
20.6786 0.223612 9344 1.23681
20.7331 0.222163 9822 1.2288
20.7882 0.225486 9624 1.24718
20.8426 0.229341 9480 1.2685
20.8961 0.225172 9132 1.24544
20.9485 0.221199 9816 1.22347
20.9997 0.219962 8688 1.21663
21.0552 0.223941 10062 1.23864
21.1104 0.223053 10512 1.23373
21.1672 0.222793 10104 1.23229
21.2183 0.21055 8936 1.16457
21.2722 0.219206 10488 1.21245
21.3287 0.20925 9660 1.15738
21.3821 0.21176 10206 1.17126
21.4364 0.213241 10680 1.17946
21.4933 0.216842 10296 1.19937
21.5483 0.20708 10224 1.14538
21.6033 0.212179 10656 1.17358
21.6589 0.210764 10134 1.16575
21.7146 0.208348 11496 1.15239
21.7745 0.203429 10724 1.12518
21.8273 0.2065 10656 1.14217
21.8816 0.20173 10320 1.11579
21.94 0.201107 11592 1.11234
21.9988 0.197603 11358 1.09296
22.054 0.202338 10632 1.11915
22.1087 0.198656 11640 1.09878
22.1666 0.199364 10920 1.1027
22.2221 0.198729 11004 1.09919
22.2772 0.197033 11262 1.0898
22.3371 0.198028 12440 1.09531
22.3946 0.197314 11712 1.09136
22.4502 0.195738 10512 1.08264
22.5085 0.195635 13632 1.08207
22.5697 0.195427 11496 1.08092
22.6258 0.187947 11022 1.03955
22.6838 0.187069 13500 1.0347
22.7451 0.191842 12624 1.0611
22.8008 0.186818 11040 1.03331
22.8586 0.1895 12488 1.04814
22.9186 0.190383 12774 1.05303
22.9762 0.182014 12720 1.00673
23.0377 0.186754 13320 1.03295
23.0988 0.188318 13044 1.0416
23.1576 0.187861 12552 1.03908
23.2162 0.186474 12672 1.0314
23.275 0.184555 13398 1.02079
23.3369 0.188257 13200 1.04126
23.3935 0.182075 12968 1.00707
23.4545 0.181633 13632 1.00462
23.5125 0.178601 12408 0.987857
23.5748 0.17582 14562 0.972474
23.6353 0.177379 13944 0.981099
23.6958 0.176201 13704 0.974584
23.7592 0.177234 14256 0.980294
23.8166 0.176926 12936 0.978594
23.8778 0.171612 14526 0.949199
23.9404 0.175184 14864 0.968959
24.0043 0.167309 14724 0.9254
24.0649 0.172787 14136 0.955701
24.1248 0.169039 13776 0.934971
24.1875 0.173537 15366 0.95985
24.2503 0.167756 14880 0.927875
24.3119 0.165794 14736 0.917019
24.3743 0.167836 15576 0.928316
24.4392 0.16583 14892 0.917217
24.5001 0.165369 14774 0.91467
24.5622 0.163465 16128 0.90414
24.6263 0.164514 14928 0.90994
24.6879 0.160977 15672 0.890376
24.7527 0.162247 16176 0.897402
24.8164 0.165007 15486 0.912665
24.8796 0.161632 15780 0.893998
24.9442 0.159214 17712 0.880629
25.0107 0.157602 15272 0.871711
25.0724 0.159101 16392 0.880002
25.1394 0.159753 17070 0.88361
25.2035 0.157545 16824 0.871392
25.2688 0.155358 16608 0.859296
25.3326 0.15412 16644 0.85245
25.3969 0.154371 16512 0.853837
25.4633 0.151533 18366 0.838141
25.5297 0.15403 16368 0.851954
25.5949 0.1514 18752 0.837408
25.6601 0.148944 16080 0.823822
25.7231 0.15128 16920 0.836741
25.7904 0.149208 19074 0.825282
25.8577 0.147627 18168 0.816535
25.9252 0.146791 18432 0.811912
25.9924 0.148335 17856 0.820451
26.0586 0.147716 18414 0.817029
26.1268 0.146748 19280 0.811675
26.195 0.145075 18828 0.802424
26.2596 0.145008 17256 0.80205
26.3249 0.143991 19392 0.796425
26.3952 0.14318 19446 0.791939
26.4628 0.142091 19272 0.785915
26.5322 0.140885 20592 0.779248
26.6014 0.141203 19008 0.781008
26.6684 0.138316 18500 0.765035
26.7356 0.136979 21246 0.75764
26.8047 0.139218 18696 0.770024
26.8729 0.136729 21240 0.756259
26.945 0.138008 21048 0.763335
27.0152 0.134023 20022 0.741293
27.0829 0.135695 20124 0.75054
27.1495 0.134394 20280 0.743345
27.2209 0.134404 22232 0.743401
27.2926 0.134583 20376 0.74439
27.3615 0.134151 21390 0.742002
27.4318 0.131018 21960 0.724673
27.5002 0.131674 20040 0.728299
27.5719 0.13226 23268 0.731539
27.6439 0.130223 21510 0.720272
27.715 0.129989 22608 0.71898
27.7861 0.130239 21896 0.720362
27.8576 0.128171 23304 0.708925
27.9287 0.128925 20838 0.713094
27.9986 0.128397 23556 0.710172
28.0714 0.127787 23184 0.706803
28.1449 0.12622 24168 0.698132
28.2185 0.127488 22272 0.705144
28.29 0.12545 24374 0.693876
28.3629 0.125187 23328 0.692419
28.4352 0.124031 23844 0.686026
28.5081 0.123344 24096 0.682228
28.5827 0.12208 24942 0.675237
28.6568 0.122675 24120 0.678525
28.7292 0.12132 25008 0.671031
28.8041 0.12152 24776 0.672135
28.8793 0.121725 25266 0.673273
28.9524 0.121757 24960 0.673446
29.0269 0.121562 26184 0.672369
29.103 0.1195 25032 0.660962
29.1757 0.119054 25392 0.658498
29.251 0.119703 26526 0.662086
29.3255 0.117226 25548 0.648388
29.4021 0.115303 28256 0.63775
29.4795 0.117086 25680 0.647612
29.5542 0.1159 26526 0.641051
29.6293 0.115439 27600 0.638504
29.7043 0.115178 26328 0.63706
29.7817 0.115414 27996 0.638363
29.8574 0.113691 27246 0.628837
29.9347 0.112921 28664 0.624576
30.0127 0.113914 28320 0.630065
30.089 0.112 27408 0.619483
30.1652 0.110327 28254 0.610229
30.2438 0.11161 30012 0.617321
30.3223 0.109794 29040 0.607281
30.4007 0.109256 28824 0.604303
30.4792 0.109193 29654 0.603953
30.556 0.10745 29640 0.594313
30.6357 0.10941 29988 0.605154
30.7145 0.107176 30672 0.592798
30.7945 0.107504 29814 0.594613
30.8718 0.105394 30000 0.582941
30.9495 0.105117 31056 0.581411
31.0305 0.104993 31208 0.580724
31.1105 0.104548 31194 0.578263
31.1917 0.105317 33096 0.582518
31.2716 0.103004 30480 0.569725
31.3505 0.101502 31488 0.561418
31.4315 0.102828 33222 0.56875
31.5119 0.102245 31476 0.565525
31.5932 0.101515 34400 0.561487
31.6747 0.101549 31992 0.561674
31.756 0.100189 32958 0.554151
31.8369 0.100034 34728 0.553295
31.9214 0.0989297 34368 0.547189
32.0022 0.0983474 32268 0.543968
32.0837 0.0994911 35822 0.550294
32.1676 0.0984491 34512 0.54453
32.2483 0.0969469 33384 0.536221
32.331 0.0980494 36126 0.54232
32.4146 0.0986591 34788 0.545692
32.4973 0.0971258 36576 0.537211
32.5819 0.0962837 35664 0.532553
32.6656 0.0976151 35846 0.539917
32.7487 0.0957904 37200 0.529825
32.8335 0.094725 36456 0.523932
32.9169 0.0938832 36804 0.519276
33.0026 0.0942053 37902 0.521057
33.0877 0.0939949 37944 0.519894
33.174 0.093208 38936 0.515541
33.2581 0.0932273 36192 0.515648
33.3424 0.0930142 38898 0.514469
33.4279 0.0908909 39456 0.502725
33.515 0.0915486 39216 0.506363
33.6037 0.0904309 41214 0.500181
33.689 0.0896362 37704 0.495786
33.774 0.0910605 40772 0.503663
33.8615 0.0891783 40056 0.493253
33.9478 0.0895897 40014 0.495528
34.0351 0.0886256 42168 0.490196
34.124 0.0897759 41712 0.496558
34.2119 0.0871811 40818 0.482206
34.2993 0.0880237 42920 0.486866
34.3882 0.0876273 41976 0.484674
34.4753 0.0875781 41424 0.484402
34.5632 0.087505 43590 0.483998
34.6539 0.0869339 44244 0.480839
34.7436 0.0859934 44256 0.475637
34.8317 0.0856557 40982 0.473769
34.9193 0.0847202 45816 0.468595
35.0108 0.0845062 45360 0.467411
35.1021 0.0839983 44988 0.464602
35.1914 0.0834959 44526 0.461823
35.2811 0.0827765 45768 0.457844
35.3715 0.0832239 45968 0.460318
35.462 0.0819893 46038 0.45349
35.5548 0.0810688 47844 0.448398
35.6465 0.0816165 47736 0.451427
35.7382 0.0806633 46152 0.446155
35.8287 0.0808289 47694 0.447072
35.9205 0.0805876 48464 0.445737
36.0138 0.0803522 49404 0.444435
36.1075 0.0795609 49086 0.440058
36.2003 0.0796432 49080 0.440513
36.2923 0.0786384 49632 0.434955
36.3853 0.0787331 49092 0.435479
36.4786 0.0786614 51494 0.435083
36.5735 0.0792215 51792 0.43818
36.6689 0.0773638 50880 0.427906
36.7611 0.0766961 50430 0.424213
36.8562 0.0765602 53892 0.423461
36.9524 0.0756336 52704 0.418336
37.0461 0.0752549 50534 0.416241
37.1396 0.0757695 54072 0.419088
37.235 0.076025 53448 0.420501
37.3324 0.0747422 55284 0.413405
37.4296 0.0749271 55422 0.414428
37.5251 0.0745636 53096 0.412417
37.6202 0.073346 56184 0.405683
37.7181 0.0744057 55530 0.411544
37.8148 0.0728359 56952 0.402862
37.9117 0.0727915 55728 0.402616
38.0096 0.0730962 57894 0.404301
38.1077 0.07254 58088 0.401225
38.2064 0.0718345 57996 0.397323
38.3036 0.0716635 57222 0.396377
38.4004 0.0708476 58368 0.391864
38.4998 0.0716261 61080 0.39617
38.6002 0.0704759 59006 0.389808
38.6989 0.0695685 61044 0.384789
38.7988 0.0698579 61128 0.38639
38.8984 0.0693229 59616 0.383431
38.9979 0.068941 63222 0.381318
39.0985 0.0691136 61044 0.382273
39.1981 0.0686806 62816 0.379878
39.2989 0.0681556 62526 0.376974
39.3992 0.0674982 64416 0.373338
39.501 0.0668664 63156 0.369844
39.6035 0.0668197 66798 0.369586
39.7059 0.0663779 64448 0.367142
39.8075 0.0664787 65424 0.367699
39.9098 0.0660915 65694 0.365558
40.0124 0.0658873 67452 0.364428
40.1149 0.0654577 66528 0.362052
40.2191 0.0653248 68462 0.361317
40.3222 0.0654038 68400 0.361754
40.4256 0.0646908 67236 0.35781
40.53 0.0646555 71910 0.357615
40.6363 0.064458 69744 0.356523
40.7386 0.0643424 68088 0.355883
40.8419 0.063135 70250 0.349205
40.9466 0.0636164 72744 0.351868
41.053 0.0627935 71928 0.347316
41.159 0.0627544 72534 0.3471
41.2646 0.062207 73560 0.344072
41.3712 0.0619122 73988 0.342442
41.4772 0.0614132 73062 0.339682
41.5831 0.0614219 75336 0.33973
41.6906 0.060789 75648 0.336229
41.7987 0.0609298 76458 0.337008
41.906 0.0605996 76904 0.335182
42.0139 0.0602768 76368 0.333396
42.1216 0.0599724 78222 0.331712
42.2297 0.0593212 77940 0.32811
42.3371 0.0597834 77832 0.330667
42.4472 0.0589984 81494 0.326325
42.5562 0.0587272 79440 0.324825
42.6659 0.0585779 80940 0.323999
42.7753 0.058278 81390 0.322341
42.8856 0.0577747 82848 0.319557
42.996 0.0573461 81806 0.317186
43.1072 0.0572371 85044 0.316583
43.2176 0.0571322 82608 0.316003
43.3292 0.0565424 85470 0.312741
43.4392 0.0566718 83400 0.313457
43.5506 0.0559595 86876 0.309517
43.6633 0.0554768 87198 0.306847
43.7751 0.0554893 85608 0.306916
43.8881 0.0551217 91104 0.304883
44.0026 0.0544959 86946 0.301421
44.1136 0.0546495 88808 0.302271
44.2274 0.0544075 90360 0.300933
44.3405 0.0539559 89958 0.298435
44.4551 0.0539458 92916 0.298379
44.5696 0.0532396 91046 0.294472
44.6839 0.0536347 93384 0.296658
44.7984 0.0526842 92880 0.291401
44.9142 0.0528176 95082 0.292138
45.0292 0.052163 94464 0.288518
45.1451 0.052337 95792 0.28948
45.2606 0.0522219 95370 0.288844
45.3774 0.0516188 99624 0.285508
45.4939 0.0516211 94824 0.285521
45.6102 0.0509338 101094 0.281719
45.7283 0.0508997 98756 0.281531
45.8464 0.0508781 101550 0.281411
45.9653 0.0502048 101520 0.277687
46.083 0.0502396 101088 0.277879
46.201 0.0501282 101618 0.277263
46.3191 0.0494639 104568 0.273589
46.4392 0.0490166 103566 0.271115
46.5579 0.048927 105168 0.27062
46.6782 0.0487134 106692 0.269438
46.7986 0.0484882 106046 0.268192
46.9191 0.0481984 108960 0.266589
47.0397 0.0478545 106548 0.264687
47.1601 0.0477806 109806 0.264279
47.281 0.0479448 109328 0.265187
47.4019 0.0475891 109854 0.263219
47.524 0.0469983 112884 0.259952
47.6471 0.0466288 113832 0.257908
47.7703 0.0463919 112518 0.256597
47.8919 0.0460029 113624 0.254446
48.0151 0.0460567 115434 0.254743
48.1378 0.0458265 115056 0.25347
48.2625 0.0451815 119808 0.249903
48.388 0.045524 116786 0.251797
48.5109 0.0450039 118488 0.248921
48.6355 0.0449308 118398 0.248516
48.7605 0.0444836 122640 0.246043
48.8868 0.0443446 121620 0.245274
49.0127 0.0438796 122126 0.242702
49.1384 0.0436677 123888 0.24153
49.2648 0.0437802 123714 0.242152
49.3907 0.043015 125088 0.23792
49.5181 0.0434698 127424 0.240435
49.6456 0.0428966 126222 0.237265
49.7726 0.0428251 128676 0.236869
49.9009 0.0424613 129126 0.234857
50.0299 0.0423785 132056 0.234399
50.1588 0.0423203 130308 0.234077
50.2871 0.0416218 131814 0.230214
50.4164 0.0416077 133728 0.230136
50.5457 0.0415764 133574 0.229962
50.6763 0.040949 137772 0.226492
50.806 0.0408245 132888 0.225804
50.9364 0.0407784 140166 0.225549
51.0677 0.0404816 137484 0.223907
51.199 0.0403555 140270 0.223209
51.33 0.0401045 138696 0.221821
51.4617 0.040006 143286 0.221276
51.5948 0.0400141 143436 0.221321
51.728 0.0393545 144680 0.217673
51.8612 0.0392399 144654 0.217039
51.9944 0.03903 146772 0.215878
52.1276 0.0388685 145710 0.214985
52.2609 0.0387508 148880 0.214334
52.3956 0.0384458 149556 0.212647
52.5302 0.0383521 151326 0.212129
52.6653 0.0379158 151704 0.209715
52.8005 0.0377041 152342 0.208544
52.9367 0.0374196 156876 0.206971
53.0737 0.0375413 154398 0.207644
53.2091 0.0371421 156744 0.205436
53.3461 0.0373372 157274 0.206515
53.4833 0.0367944 160416 0.203513
53.6213 0.0366214 161016 0.202556
53.7601 0.0364893 162258 0.201825
53.8972 0.0363924 160880 0.20129
54.0355 0.0360405 164310 0.199343
54.1742 0.0360365 165780 0.199321
54.3141 0.0358826 167454 0.19847
54.4533 0.0355714 166520 0.196748
54.5929 0.0354586 169290 0.196125
54.7333 0.0350458 171552 0.193841
54.8742 0.0349517 171120 0.193321
55.0156 0.0347518 174734 0.192215
55.1569 0.0344286 173628 0.190428
55.2995 0.0342387 177438 0.189377
55.4406 0.0340286 174728 0.188215
55.5832 0.0339976 180474 0.188044
55.7266 0.0338466 179904 0.187208
55.8696 0.0337938 180726 0.186916
56.0132 0.0334059 183932 0.184771
56.1569 0.0334734 182328 0.185144
56.3011 0.033138 187350 0.183289
56.4471 0.0329184 188676 0.182074
56.5927 0.0327643 187766 0.181222
56.7371 0.0324076 189408 0.179249
56.8838 0.0325939 192594 0.180279
57.0301 0.0319757 193632 0.17686
57.1771 0.0320688 194030 0.177375
57.3236 0.0319698 195852 0.176828
57.4711 0.031755 197070 0.17564
57.618 0.0315781 198416 0.174661
57.7665 0.031524 201018 0.174362
57.9147 0.0310914 201744 0.171969
58.0633 0.0309644 202806 0.171267
58.2129 0.0309642 207212 0.171266
58.3628 0.0308394 205614 0.170575
58.5129 0.0307254 210096 0.169945
58.6636 0.0305459 208812 0.168952
58.8139 0.0303867 211502 0.168071
58.965 0.0300694 213912 0.166317
59.1179 0.0299302 217362 0.165546
59.2701 0.0297617 215360 0.164614
59.4221 0.0295577 218526 0.163486
59.5747 0.0294327 219300 0.162795
59.7282 0.0292595 222726 0.161837
59.8809 0.029034 221480 0.16059
60.0349 0.02899 225978 0.160346
60.1888 0.0287588 225192 0.159067
60.3444 0.0288217 232382 0.159415
60.4997 0.0286218 228348 0.158309
60.6552 0.0284576 232974 0.157402
60.8106 0.0282541 232524 0.156276
60.9674 0.0281473 238310 0.155685
61.1244 0.0280664 236064 0.155238
61.2815 0.0277602 240498 0.153544
61.4388 0.0277316 240536 0.153386
61.5968 0.027615 243174 0.152741
61.7548 0.0275925 244452 0.152616
61.9144 0.0273635 249678 0.15135
62.0739 0.0273035 248432 0.151018
62.234 0.0270161 251682 0.149428
62.3932 0.0269047 250032 0.148812
62.5527 0.026749 254126 0.147951
62.7132 0.0267246 256788 0.147816
62.8757 0.0265239 261654 0.146706
63.0381 0.0265267 260676 0.146721
63.1996 0.0262329 260846 0.145096
63.3622 0.0260973 267240 0.144346
63.5255 0.0259922 264810 0.143765
63.6877 0.0260726 267560 0.14421
63.8519 0.0257419 273894 0.142381
64.0167 0.0255737 271554 0.14145
64.1806 0.0255024 274616 0.141056
64.3453 0.0253437 276426 0.140178
64.5106 0.0252789 280896 0.13982
64.6769 0.0251928 280286 0.139344
64.843 0.0250069 284748 0.138315
65.0109 0.0248369 288774 0.137375
65.1777 0.0247611 285264 0.136956
65.3455 0.0246315 292730 0.136239
65.5132 0.0244862 289776 0.135435
65.6811 0.0244233 295314 0.135088
65.8496 0.0243582 296288 0.134727
66.0197 0.0242016 302190 0.133861
66.1897 0.0239391 300564 0.132409
66.3601 0.0238222 305702 0.131763
66.5303 0.0237885 303510 0.131576
66.7004 0.0236505 308652 0.130813
66.873 0.0235088 314558 0.130029
67.0452 0.0234201 311988 0.129538
67.2167 0.0233046 314166 0.1289
67.3893 0.0231514 319856 0.128052
67.5627 0.0229833 319770 0.127123
67.736 0.022944 323448 0.126905
67.9099 0.0227458 324522 0.125809
68.0843 0.0226765 329726 0.125426
68.2601 0.0225811 332016 0.124898
68.4362 0.0225052 334626 0.124478
68.612 0.0223469 335168 0.123603
68.7884 0.0222976 338658 0.12333
68.9655 0.022132 343800 0.122414
69.1432 0.022109 342110 0.122287
69.3207 0.0219387 347556 0.121345
69.4995 0.0217264 350334 0.120171
69.6777 0.0216372 349538 0.119677
69.8564 0.0214595 355776 0.118694
70.0364 0.0214421 357534 0.118598
70.2163 0.0213561 360068 0.118122
70.3968 0.0212715 362454 0.117654
70.5773 0.0210555 365028 0.11646
70.7588 0.0208978 369782 0.115587
70.9406 0.0208692 369918 0.115429
71.1227 0.0208258 374796 0.115189
71.3065 0.0205822 379982 0.113842
71.4899 0.0206052 378780 0.113969
71.6738 0.020503 384414 0.113404
71.8578 0.0202662 383942 0.112094
72.0427 0.020232 392340 0.111905
72.2278 0.0201958 387750 0.111705
72.4132 0.0201244 398828 0.11131
72.5999 0.0199205 396150 0.110182
72.7859 0.0198768 401364 0.10994
72.9733 0.0198518 405398 0.109802
73.1618 0.019646 409662 0.108664
73.3494 0.0195923 407364 0.108367
73.5378 0.0194898 414878 0.1078
73.7266 0.0194167 415908 0.107395
73.9161 0.0193447 421094 0.106997
74.1066 0.0191702 424146 0.106032
74.2971 0.0191005 426792 0.105646
74.4885 0.0189561 431078 0.104848
74.6798 0.018902 431538 0.104549
74.8715 0.0187726 438096 0.103833
75.0646 0.0187018 440258 0.103441
75.2577 0.0185567 444936 0.102639
75.4513 0.0185082 445530 0.10237
75.645 0.0184378 451022 0.101981
75.8399 0.0182988 455808 0.101212
76.0354 0.0182309 457122 0.100836
76.2304 0.0181522 459488 0.100401
76.4264 0.0180604 466050 0.0998939
76.6232 0.0179106 467550 0.0990652
76.8199 0.0178373 471692 0.0986596
77.0177 0.0177863 476262 0.0983777
77.2151 0.0176714 475634 0.0977419
77.4132 0.0176283 484896 0.0975036
77.6125 0.0174384 484782 0.0964533
77.8115 0.0173467 489914 0.095946
78.0117 0.0172498 495264 0.0954101
78.2131 0.0171749 500082 0.0949959
78.4143 0.0171198 500456 0.0946912
78.6159 0.0170378 506682 0.0942376
78.8177 0.0169332 507134 0.0936589
79.0203 0.016843 516012 0.0931598
79.2243 0.0167911 518838 0.0928732
79.4272 0.0166911 515978 0.0923199
79.6311 0.0166139 530376 0.0918929
79.8371 0.0165622 529734 0.0916071
80.0421 0.016418 532778 0.0908091
80.2477 0.0163307 537816 0.0903265
80.4541 0.0162346 541322 0.0897951
80.6607 0.0161644 546414 0.0894067
80.8685 0.0160868 551916 0.0889772
81.0764 0.016062 553094 0.0888402
81.2845 0.0159663 558474 0.0883109
81.4935 0.0158298 564552 0.0875562
81.7033 0.0157455 566498 0.0870896
81.913 0.0156738 571878 0.0866933
82.1239 0.0156189 577724 0.0863896
82.3355 0.0155135 582438 0.0858066
82.5465 0.0154196 579690 0.0852872
82.758 0.0153246 592112 0.0847619
82.9721 0.0152406 598134 0.0842972
83.1855 0.0151986 596618 0.0840649
83.3989 0.0151154 603792 0.0836044
83.6131 0.0150443 606738 0.0832112
83.8282 0.0149745 614870 0.082825
84.044 0.0149188 617940 0.0825172
84.2603 0.0148349 623510 0.0820531
84.477 0.0147787 626322 0.0817423
84.6934 0.0146891 629328 0.0812464
84.911 0.0146094 639050 0.0808057
85.1297 0.0145362 641766 0.0804012
85.3485 0.0144854 647306 0.0801201
85.5682 0.0144112 653112 0.0797093
85.7884 0.0142973 656874 0.0790794
86.0089 0.0142584 662126 0.0788644
86.2299 0.014171 666780 0.0783807
86.4514 0.0141126 670934 0.078058
86.6737 0.0139868 679698 0.077362
86.8964 0.013933 680064 0.0770647
87.12 0.013821 691682 0.0764452
87.3448 0.0137698 694686 0.0761621
87.569 0.0137306 695450 0.0759452
87.7937 0.0136611 705840 0.0755606
88.0203 0.0135412 712314 0.0748976
88.2462 0.0135051 710150 0.0746976
88.4726 0.0134155 723276 0.0742024
88.7001 0.0133462 723230 0.0738189
88.9284 0.013266 736218 0.0733754
89.1579 0.0132095 738662 0.0730627
89.3867 0.013143 740364 0.072695
89.6161 0.0130425 748398 0.0721391
89.8463 0.0129849 753290 0.0718203
90.0772 0.0129341 762138 0.0715397
90.3085 0.0128899 763784 0.071295
90.5413 0.0128305 778170 0.0709668
90.7746 0.0127489 776006 0.0705152
91.0075 0.0126954 783738 0.0702191
91.2418 0.012654 794256 0.0699901
91.4765 0.0125633 792962 0.0694886
91.7111 0.0125237 801846 0.0692697
91.9473 0.0124414 813170 0.0688142
92.1839 0.0123425 812880 0.0682674
92.4211 0.0123207 824282 0.068147
92.6591 0.0122622 827622 0.0678231
92.8972 0.0121697 834186 0.0673115
93.1361 0.0120906 841472 0.0668742
93.375 0.0120631 841890 0.0667221
93.6147 0.0119871 856262 0.0663018
93.8558 0.0119559 861042 0.066129
94.0972 0.0118534 867476 0.065562
94.3397 0.011827 877470 0.0654161
94.5823 0.0117593 876842 0.0650419
94.8248 0.0116881 886686 0.0646477
95.0688 0.0115989 896130 0.0641542
95.3133 0.0115671 899528 0.0639784
95.5582 0.0114806 908634 0.0634999
95.804 0.0114639 915134 0.0634078
96.0501 0.0113887 920034 0.062992
96.2972 0.0113374 933212 0.0627079
96.545 0.0112607 933582 0.0622841
96.7929 0.0111684 944786 0.0617731
97.0421 0.0111463 952422 0.0616511
97.2918 0.0111062 958850 0.0614296
97.5418 0.0110553 964152 0.0611478
97.7929 0.0110174 977106 0.0609381
98.0448 0.0109698 980390 0.0606749
98.2967 0.0108804 987162 0.0601805
98.5494 0.0108632 997082 0.0600853
98.803 0.0108365 1005240 0.0599378
99.0568 0.0107485 1008218 0.0594508
99.3112 0.0106986 1020270 0.0591747
99.567 0.0106455 1029386 0.0588809
99.8227 0.0105796 1030422 0.0585169
100.079 0.010547 1048556 0.0583361
100.337 0.0104984 1044762 0.0580677
100.594 0.0104337 1061342 0.0577098
100.853 0.0103658 1066122 0.0573343
101.112 0.0103466 1080278 0.0572282
101.372 0.0102723 1080882 0.056817
101.633 0.0102154 1095860 0.0565022
101.895 0.0101899 1101246 0.0563614
102.156 0.0101576 1105722 0.0561825
102.419 0.010114 1122854 0.0559413
102.683 0.0100567 1122522 0.0556243
102.946 0.00999734 1135754 0.0552961
103.211 0.00996998 1146096 0.0551448
103.476 0.00992886 1150154 0.0549173
103.743 0.00987973 1165614 0.0546456
104.01 0.00982382 1169954 0.0543364
104.276 0.00977094 1174794 0.0540439
104.544 0.0097238 1188782 0.0537832
104.813 0.00965202 1202250 0.0533862
105.083 0.00960413 1207520 0.0531213
105.354 0.00953255 1221258 0.0527253
105.624 0.00949131 1222682 0.0524972
105.896 0.00946482 1236822 0.0523507
106.168 0.00940254 1245962 0.0520062
106.441 0.00933751 1251582 0.0516465
106.714 0.00930828 1263914 0.0514849
106.989 0.00924793 1277892 0.0511511
107.264 0.00920959 1287302 0.050939
107.541 0.00916075 1295394 0.0506689
107.817 0.0091317 1300334 0.0505082
108.094 0.00906277 1315458 0.0501269
108.372 0.00901701 1325810 0.0498738
108.651 0.00899479 1334190 0.0497509
108.93 0.00893564 1343954 0.0494238
109.21 0.0088713 1357794 0.0490679
109.491 0.00882917 1363328 0.0488349
109.771 0.00880315 1371210 0.048691
110.054 0.00872406 1394666 0.0482535
110.338 0.00870894 1396910 0.0481699
110.621 0.00866013 1410546 0.0478999
110.906 0.00862739 1416590 0.0477188
111.19 0.00857856 1429794 0.0474487
111.477 0.00855196 1449338 0.0473016
111.764 0.00848322 1451382 0.0469214
112.051 0.00843859 1459178 0.0466745
112.338 0.0084031 1474866 0.0464783
112.627 0.0083555 1486952 0.046215
112.917 0.00832813 1500402 0.0460636
113.208 0.00825833 1512098 0.0456775
113.499 0.0082324 1521486 0.0455341
113.791 0.00817724 1531346 0.045229
114.083 0.00813666 1544826 0.0450046
114.376 0.00810131 1556654 0.044809
114.67 0.00805506 1570562 0.0445532
114.965 0.00801662 1579914 0.0443406
115.261 0.00798113 1598798 0.0441443
115.558 0.00794513 1603074 0.0439452
115.855 0.00789651 1620794 0.0436762
116.153 0.00785984 1631262 0.0434734
116.451 0.00780661 1639754 0.043179
116.751 0.0077817 1658106 0.0430412
117.051 0.00771731 1667510 0.0426851
117.351 0.00768148 1679754 0.0424869
117.653 0.00764065 1698164 0.0422611
117.956 0.00762481 1707206 0.0421735
118.259 0.00757755 1717866 0.041912
118.563 0.00752833 1737602 0.0416398
118.868 0.00748964 1745166 0.0414258
119.174 0.00745428 1768226 0.0412302
119.48 0.00741381 1771986 0.0410064
119.788 0.00737655 1789838 0.0408003
120.096 0.00735583 1802874 0.0406857
120.404 0.00730947 1814282 0.0404293
120.714 0.00726659 1834154 0.0401921
121.024 0.00722435 1843710 0.0399585
121.336 0.00717978 1859306 0.039712
121.647 0.0071574 1870050 0.0395882
121.96 0.00710323 1891334 0.0392886
122.274 0.00706847 1898490 0.0390963
122.588 0.00702824 1921898 0.0388738
122.903 0.00701099 1926590 0.0387784
123.219 0.00696676 1950426 0.0385337
123.536 0.00692751 1966178 0.0383167
123.854 0.00689214 1973922 0.038121
124.172 0.00684595 1991942 0.0378655
124.492 0.00681309 2008394 0.0376838
124.811 0.00678078 2021802 0.037505
125.132 0.00673322 2039858 0.037242
125.454 0.0067067 2057670 0.0370953
125.777 0.00667763 2069354 0.0369345
126.1 0.00663515 2086922 0.0366996
126.424 0.00660065 2101206 0.0365088
126.75 0.00656598 2122514 0.036317
127.076 0.00652204 2133600 0.0360739
127.402 0.00649008 2148026 0.0358971
127.73 0.00645628 2177030 0.0357102
128.059 0.0064221 2183874 0.0355212
128.387 0.00638774 2194802 0.0353311
128.717 0.00635615 2228706 0.0351564
129.049 0.00633391 2238902 0.0350334
129.381 0.00629364 2249906 0.0348106
129.713 0.00627093 2273034 0.034685
130.047 0.00622773 2286386 0.0344461
130.381 0.00620234 2303982 0.0343056
130.716 0.0061575 2326394 0.0340577
131.052 0.00612811 2342522 0.0338951
131.389 0.00609724 2361450 0.0337244
131.727 0.00606382 2375606 0.0335395
132.066 0.00604275 2398010 0.033423
132.405 0.00600801 2411016 0.0332308
132.746 0.00596545 2442266 0.0329954
133.087 0.0059426 2449086 0.032869
133.429 0.00591606 2476418 0.0327222
133.772 0.0058834 2484818 0.0325416
134.116 0.00585195 2516802 0.0323676
134.461 0.00581846 2530442 0.0321824
134.807 0.00579334 2554382 0.0320434
135.154 0.0057572 2565978 0.0318436
135.502 0.00572439 2590778 0.0316621
135.85 0.00569884 2606874 0.0315208
136.199 0.00567531 2631164 0.0313906
136.549 0.00563328 2649554 0.0311582
136.9 0.00560595 2666754 0.031007
137.252 0.0055729 2693714 0.0308242
137.606 0.00553961 2715650 0.03064
137.959 0.00552004 2725038 0.0305318
138.313 0.00549502 2755226 0.0303934
138.669 0.00547147 2773802 0.0302632
139.026 0.00543762 2798760 0.0300759
139.383 0.00541032 2820002 0.0299249
139.742 0.0053762 2837054 0.0297362
140.101 0.00536176 2870922 0.0296563
140.462 0.00532788 2881346 0.029469
140.823 0.00529805 2902394 0.029304
141.185 0.00526917 2928498 0.0291442
141.547 0.00524305 2947664 0.0289997
141.911 0.00521281 2979758 0.0288325
142.277 0.00517998 2998434 0.0286509
142.643 0.00516121 3024578 0.0285471
143.01 0.00513102 3043514 0.0283801
143.377 0.00510884 3061818 0.0282574
143.746 0.00507124 3091868 0.0280494
144.115 0.00504326 3114722 0.0278947
144.486 0.00502368 3143634 0.0277864
144.857 0.00499914 3160586 0.0276507
145.23 0.00496541 3184658 0.0274641
145.603 0.00494488 3222000 0.0273506
145.978 0.00492788 3231974 0.0272565
146.353 0.00490535 3262802 0.0271319
146.729 0.00487923 3286002 0.0269874
147.106 0.00485695 3312602 0.0268642
147.485 0.00482751 3337568 0.0267014
147.864 0.00479498 3366362 0.0265215
148.244 0.00476199 3396018 0.026339
148.625 0.00475533 3408926 0.0263021
149.007 0.00472473 3444482 0.0261329
149.39 0.0046921 3467784 0.0259524
149.774 0.00467169 3498770 0.0258395
150.16 0.00465457 3524282 0.0257448
150.546 0.00462649 3548354 0.0255895
150.933 0.00460704 3580968 0.0254819
151.321 0.00458262 3607658 0.0253468
151.71 0.00455894 3634646 0.0252159
152.1 0.0045374 3660666 0.0250968
152.491 0.00450062 3689696 0.0248933
152.884 0.00449158 3722978 0.0248433
153.277 0.00446864 3749090 0.0247164
153.671 0.00445125 3773754 0.0246203
154.066 0.00442694 3805976 0.0244858
154.462 0.00440513 3833522 0.0243651
154.859 0.0043845 3862434 0.0242511
155.257 0.00436306 3903374 0.0241325
155.657 0.00434033 3917240 0.0240067
156.057 0.00432124 3961082 0.0239012
156.458 0.00429827 3985818 0.0237741
156.861 0.00427613 4017122 0.0236516
157.264 0.00425707 4050344 0.0235462
157.668 0.0042361 4079402 0.0234302
158.073 0.0042068 4102290 0.0232682
158.48 0.00418507 4147256 0.023148
158.887 0.00416079 4173074 0.0230137
159.296 0.00414252 4204082 0.0229126
159.705 0.00411824 4241100 0.0227783
160.116 0.0040923 4268354 0.0226349
160.528 0.00407603 4310354 0.0225448
160.94 0.00405322 4336802 0.0224187
161.354 0.00403236 4373568 0.0223033
161.769 0.00401024 4401866 0.022181
162.185 0.00399105 4440074 0.0220748
162.602 0.00397147 4476560 0.0219665
163.02 0.00395159 4509378 0.0218566
163.44 0.00392765 4546658 0.0217242
163.86 0.00390529 4583720 0.0216005
164.282 0.00388594 4613090 0.0214934
164.704 0.00386989 4650386 0.0214047
165.127 0.00384586 4686120 0.0212718
165.552 0.00382585 4713410 0.0211611
165.977 0.00380464 4757864 0.0210438
166.404 0.0037931 4793786 0.0209799
166.832 0.00376505 4840422 0.0208248
167.261 0.00375379 4868024 0.0207625
167.691 0.00373304 4904978 0.0206478
168.122 0.00371548 4946690 0.0205506
168.554 0.0036954 4985120 0.0204396
168.988 0.00367831 5023338 0.020345
169.423 0.00365706 5067146 0.0202275
169.858 0.0036331 5094296 0.020095
170.295 0.00362023 5139554 0.0200238
170.733 0.00360546 5182520 0.0199421
171.172 0.0035825 5223618 0.0198151
171.612 0.00355987 5252786 0.0196899
172.053 0.00354373 5301128 0.0196007
172.496 0.00352752 5349314 0.019511
172.939 0.00350837 5379920 0.0194051
173.384 0.00349472 5428778 0.0193296
173.83 0.0034721 5458488 0.0192045
174.277 0.00345925 5513570 0.0191334
174.725 0.00344 5549522 0.0190269
175.174 0.00342338 5588936 0.018935
175.624 0.00340105 5646746 0.0188115
176.076 0.00338526 5677520 0.0187241
176.529 0.0033664 5723130 0.0186198
176.982 0.00334981 5769560 0.0185281
177.438 0.00332875 5817050 0.0184116
177.894 0.00331933 5857202 0.0183595
178.351 0.00329973 5906408 0.0182511
178.81 0.00328595 5946794 0.0181749
179.27 0.00326755 6000396 0.0180731
179.731 0.00325096 6038906 0.0179813
180.193 0.00323301 6091256 0.017882
180.656 0.00321611 6140858 0.0177886
181.121 0.00320111 6177776 0.0177056
181.586 0.00318663 6239738 0.0176255
182.053 0.0031667 6270456 0.0175153
182.521 0.00314703 6326018 0.0174065
182.991 0.00312993 6384392 0.0173119
183.461 0.00311658 6427970 0.017238
183.933 0.00310353 6477032 0.0171659
184.406 0.00308324 6519386 0.0170537
184.88 0.00306364 6578144 0.0169453
185.355 0.00305245 6629210 0.0168833
185.832 0.00303765 6675720 0.0168015
186.31 0.00302169 6738554 0.0167132
186.789 0.00300323 6772208 0.0166111
187.269 0.00298701 6835742 0.0165214
187.75 0.00297069 6893840 0.0164311
188.233 0.00295188 6937658 0.0163271
188.717 0.00294081 6992360 0.0162659
189.202 0.00292467 7055024 0.0161766
189.689 0.00291218 7095962 0.0161075
190.176 0.00289681 7160064 0.0160225
190.666 0.00288236 7221338 0.0159426
191.156 0.00287057 7261952 0.0158774
191.647 0.00285374 7331066 0.0157842
192.14 0.00283668 7376108 0.0156899
192.634 0.00281775 7444178 0.0155852
193.13 0.00280427 7498544 0.0155106
193.626 0.00278923 7553096 0.0154275
194.124 0.00277899 7605074 0.0153708
194.623 0.00276431 7677224 0.0152896
195.123 0.00274685 7730426 0.0151931
195.625 0.00273437 7797984 0.015124
196.128 0.00272167 7853588 0.0150538
196.633 0.0027081 7911458 0.0149787
197.138 0.00269362 7965872 0.0148986
197.645 0.0026788 8040818 0.0148167
198.153 0.00266814 8091080 0.0147577
198.663 0.00265472 8170088 0.0146835
199.174 0.00264104 8227610 0.0146078
199.686 0.00262637 8278412 0.0145267
200.199 0.00261191 8352296 0.0144467
200.714 0.00259977 8419322 0.0143795
201.23 0.00258496 8471912 0.0142976
201.747 0.00257433 8540552 0.0142389
202.266 0.00256266 8612762 0.0141743
202.786 0.00254814 8694428 0.014094
203.308 0.0025365 8739866 0.0140296
203.831 0.00252062 8821520 0.0139417
204.355 0.00251036 8874512 0.013885
204.88 0.00249484 8948306 0.0137992
205.407 0.0024854 9023400 0.013747
205.935 0.00247408 9093620 0.0136844
206.465 0.00246239 9151952 0.0136197
206.995 0.00244964 9229178 0.0135491
207.527 0.002438 9302240 0.0134848
208.061 0.00242694 9377192 0.0134236
208.596 0.00241112 9446270 0.0133361
209.133 0.00239943 9521792 0.0132714
209.67 0.00238314 9588752 0.0131813
210.209 0.0023713 9670178 0.0131159
210.75 0.00235991 9742832 0.0130528
211.292 0.00234451 9819980 0.0129677
211.835 0.0023351 9888560 0.0129156
212.38 0.00232157 9971810 0.0128408
212.926 0.00231035 10045688 0.0127787
213.474 0.002296 10131500 0.0126994
214.022 0.00228707 10193840 0.01265
214.573 0.002277 10289138 0.0125943
215.125 0.00226286 10359176 0.0125161
215.677 0.00225018 10435556 0.0124459
216.232 0.00223959 10527032 0.0123873
216.788 0.00222873 10604282 0.0123273
217.345 0.00221953 10681544 0.0122764
217.904 0.00220699 10773116 0.0122071
218.465 0.00219437 10854352 0.0121372
219.026 0.00218212 10925264 0.0120695
219.589 0.00217116 11022962 0.0120089
220.154 0.00216025 11104076 0.0119485
220.72 0.00214947 11198888 0.0118889
221.288 0.00213965 11274560 0.0118346
221.857 0.00212953 11362352 0.0117786
222.427 0.00211561 11450918 0.0117016
222.999 0.00210521 11540792 0.0116441
223.573 0.00209351 11638856 0.0115794
224.147 0.00208529 11715836 0.0115339
224.724 0.00207428 11809448 0.011473
225.302 0.00206104 11906312 0.0113998
225.881 0.00205186 11989478 0.011349
226.462 0.00204088 12091352 0.0112883
227.044 0.00203021 12185264 0.0112293
227.628 0.002019 12267320 0.0111672
228.213 0.00200806 12372476 0.0111068
228.8 0.00199864 12468856 0.0110546
229.388 0.00198742 12568520 0.0109926
229.978 0.00197756 12652574 0.0109381
230.569 0.00196805 12752984 0.0108855
231.162 0.00195866 12859160 0.0108335
231.756 0.0019462 12949244 0.0107646
232.352 0.0019385 13055168 0.010722
232.95 0.00192856 13151840 0.010667
233.549 0.00191762 13271996 0.0106065
234.149 0.00190721 13354232 0.0105489
234.751 0.00189598 13465052 0.0104868
235.355 0.00188663 13566064 0.0104351
235.96 0.00187881 13671944 0.0103919
236.567 0.00186961 13776566 0.010341
237.175 0.00185836 13890512 0.0102788
237.785 0.0018483 13999112 0.0102231
238.397 0.00184009 14097908 0.0101777
239.009 0.00183078 14203280 0.0101262
239.624 0.00182182 14324084 0.0100766
240.24 0.0018132 14438080 0.010029
240.858 0.00180327 14534936 0.00997403
241.477 0.00179466 14653316 0.00992642
242.098 0.00178564 14776880 0.00987652
242.721 0.00177744 14873084 0.00983116
243.345 0.00176714 15008984 0.00977422
243.971 0.00175798 15105272 0.00972353
244.598 0.00175075 15237076 0.00968353
245.227 0.00174098 15350984 0.00962951
245.857 0.00173173 15445892 0.00957835
246.489 0.00172371 15598592 0.00953399
247.123 0.00171631 15704288 0.00949307
247.759 0.00170578 15842660 0.00943479
248.396 0.00169658 15932848 0.00938392
249.034 0.00168893 16083092 0.00934163
249.675 0.00168033 16195904 0.00929406
250.317 0.00167053 16313708 0.00923983
250.96 0.00165939 16448672 0.00917822
251.605 0.00165131 16589012 0.00913355
252.252 0.00164293 16698160 0.00908717
252.901 0.00163342 16835390 0.00903458
253.551 0.00162294 16968356 0.00897662
254.203 0.00161633 17101592 0.00894008
254.857 0.00160791 17226524 0.00889346
255.513 0.00159888 17365816 0.00884351
256.169 0.0015901 17485796 0.00879498
256.828 0.00158302 17631224 0.00875583
257.488 0.001576 17771780 0.00871701
258.151 0.0015663 17908096 0.00866336
258.814 0.00155762 18033524 0.0086153
259.479 0.00155048 18177278 0.00857585
260.147 0.0015424 18323780 0.00853113
260.816 0.00153384 18474272 0.00848377
261.486 0.00152526 18609292 0.00843635
262.159 0.00151859 18751232 0.00839943
262.833 0.00151156 18896948 0.00836059
263.509 0.00150229 19043600 0.00830929
264.186 0.0014928 19187434 0.00825682
264.866 0.001486 19343312 0.0082192
265.547 0.00147741 19484900 0.00817167
266.229 0.00147087 19639040 0.00813552
266.914 0.00146345 19790812 0.00809449
267.6 0.00145629 19944428 0.00805487
268.288 0.00144735 20083934 0.00800544
268.978 0.00144116 20264708 0.00797118
269.67 0.00143394 20416744 0.00793124
270.363 0.00142635 20561780 0.00788925
271.058 0.00141791 20722592 0.00784255
271.755 0.00141072 20897122 0.00780283
272.454 0.00140271 21038948 0.00775853
273.155 0.0013962 21220016 0.00772249
273.857 0.00138889 21375740 0.00768207
274.561 0.00138219 21538654 0.00764499
275.267 0.00137521 21710852 0.00760641
275.975 0.00136841 21863168 0.00756878
276.684 0.00135954 22042780 0.00751973
277.396 0.00135309 22225562 0.00748403
278.109 0.00134551 22374104 0.00744212
278.824 0.0013392 22567564 0.00740723
279.541 0.00133207 22732424 0.00736778
280.26 0.0013255 22921610 0.00733147
280.981 0.00131756 23086564 0.00728751
281.703 0.00131035 23262032 0.00724766
282.427 0.0013042 23433890 0.00721363
283.153 0.00129665 23636092 0.00717187
283.882 0.00129001 23824040 0.00713517
284.612 0.00128345 23985218 0.00709889
285.343 0.00127645 24179260 0.00706017
286.077 0.0012699 24376712 0.00702391
286.813 0.00126261 24544178 0.00698361
287.55 0.00125607 24753748 0.00694745
288.29 0.00124964 24937064 0.00691186
289.031 0.00124367 25134674 0.00687882
289.774 0.0012364 25307668 0.00683864
290.519 0.00123029 25517864 0.00680484
291.266 0.00122412 25728626 0.00677069
292.015 0.00121754 25893652 0.0067343
292.766 0.00121094 26127710 0.0066978
293.519 0.00120404 26319604 0.00665966
294.273 0.00119886 26520908 0.00663098
295.03 0.00119088 26726654 0.00658684
295.788 0.00118426 26929204 0.00655022
296.549 0.00117924 27145994 0.00652247
297.312 0.00117364 27352564 0.00649153
298.076 0.00116754 27572150 0.00645774
298.843 0.00116072 27769916 0.00642002
299.611 0.00115473 27998308 0.00638692
300.382 0.00114894 28207190 0.00635487
301.154 0.00114376 28426180 0.00632621
301.928 0.00113828 28624130 0.0062959
302.704 0.00113185 28896460 0.00626034
303.483 0.00112625 29080694 0.00622941
304.263 0.00111988 29319836 0.00619416
305.046 0.00111451 29532394 0.00616445
305.83 0.00110847 29767340 0.00613106
306.616 0.00110226 30014194 0.00609671
307.405 0.0010967 30224432 0.00606593
308.195 0.0010895 30473410 0.00602614
308.988 0.00108374 30702596 0.00599425
309.782 0.0010782 30930418 0.00596361
310.578 0.00107248 31176008 0.00593196
311.377 0.00106718 31426922 0.00590266
312.178 0.00106078 31653868 0.00586725
312.98 0.00105556 31911962 0.0058384
313.785 0.00104981 32153338 0.00580661
314.592 0.00104388 32400824 0.00577379
315.401 0.00103837 32673226 0.00574332
316.212 0.00103335 32897276 0.00571555
317.025 0.001028 33149338 0.00568598
317.84 0.00102337 33432602 0.00566032
318.657 0.0010177 33673084 0.00562896
319.476 0.00101215 33919790 0.00559826
320.298 0.00100705 34217764 0.0055701
321.122 0.00100226 34469282 0.00554361
321.948 0.000997293 34723138 0.00551611
322.775 0.00099213 34993172 0.00548756
323.605 0.000986674 35281954 0.00545738
324.437 0.000981688 35524210 0.0054298
325.271 0.000977539 35815028 0.00540685
326.108 0.000971724 36103222 0.00537469
326.946 0.000966515 36363554 0.00534587
327.787 0.000961369 36666988 0.00531741
328.63 0.00095662 36930554 0.00529114
329.475 0.000951656 37232002 0.00526369
330.322 0.000946656 37512140 0.00523603
331.171 0.000941337 37794946 0.00520662
332.023 0.00093677 38093978 0.00518135
332.877 0.000931185 38400652 0.00515046
333.733 0.000926188 38670034 0.00512283
334.591 0.000921811 38996498 0.00509861
335.451 0.000916368 39277894 0.00506851
336.314 0.000912009 39591956 0.0050444
337.178 0.000907379 39888106 0.00501879
338.045 0.000902185 40208698 0.00499006
338.914 0.000897881 40517882 0.00496625
339.786 0.000892848 40820764 0.00493842
340.66 0.000887615 41154026 0.00490947
341.536 0.000883545 41459578 0.00488696
342.414 0.00087875 41788306 0.00486044
343.294 0.000874858 42081866 0.00483891
344.177 0.000870444 42446572 0.0048145
345.062 0.000865861 42763874 0.00478915
345.949 0.000861345 43094746 0.00476417
346.839 0.000856758 43426258 0.0047388
347.73 0.000852513 43752578 0.00471532
348.624 0.000848313 44101090 0.00469209
349.521 0.000844121 44436868 0.0046689
350.42 0.000839517 44782802 0.00464344
351.321 0.000835431 45128914 0.00462084
352.224 0.000830976 45483370 0.0045962
353.13 0.000826534 45816314 0.00457163
354.037 0.000822157 46188442 0.00454742
354.948 0.000818546 46553674 0.00452744
355.861 0.000814131 46895978 0.00450303
356.776 0.000809965 47266582 0.00447998
357.693 0.000805819 47633458 0.00445705
358.613 0.000801442 47988956 0.00443285
359.535 0.000797059 48376618 0.0044086
360.459 0.000793087 48746386 0.00438663
361.386 0.00078926 49117010 0.00436546
362.315 0.000785347 49488418 0.00434382
363.247 0.000781203 49895914 0.0043209
364.181 0.000776708 50262466 0.00429604
365.117 0.000772107 50665130 0.00427059
366.056 0.000768506 51039802 0.00425067
366.997 0.00076477 51446590 0.00423001
367.941 0.000760479 51844810 0.00420627
368.887 0.000756502 52248530 0.00418427
369.836 0.000752858 52642810 0.00416412
370.787 0.000748961 53061658 0.00414256
371.74 0.00074491 53477170 0.00412016
372.696 0.00074076 53869586 0.00409721
373.654 0.000737502 54282286 0.00407919
374.615 0.000734139 54713002 0.00406058
375.578 0.000730792 55139536 0.00404207
376.544 0.000727314 55571090 0.00402284
377.512 0.00072372 55982746 0.00400296
378.483 0.000720532 56420434 0.00398532
379.456 0.000717009 56893246 0.00396584
380.432 0.000713246 57287866 0.00394502
381.41 0.000710118 57743522 0.00392772
382.39 0.000706708 58181746 0.00390886
383.373 0.000703038 58643734 0.00388856
384.359 0.000699292 59099032 0.00386784
385.348 0.000696213 59564794 0.00385081
386.339 0.000692986 60009410 0.00383296
387.332 0.000689513 60480010 0.00381375
388.328 0.000686528 60944086 0.00379724
389.326 0.000683003 61411906 0.00377774
390.327 0.000680212 61897144 0.00376231
391.331 0.000676876 62377450 0.00374386
392.337 0.00067385 62855294 0.00372712
393.346 0.000670491 63328810 0.00370854
394.358 0.000667678 63845434 0.00369298
395.372 0.000664571 64315900 0.0036758
396.388 0.000661501 64821082 0.00365882
397.407 0.000658904 65323114 0.00364445
398.429 0.000655803 65803834 0.0036273
399.453 0.00065262 66337516 0.0036097
400.481 0.000649836 66866810 0.0035943
401.511 0.000646813 67364626 0.00357758
402.543 0.000643793 67877710 0.00356088
403.578 0.000640776 68429272 0.00354419
404.616 0.000638167 68934970 0.00352975
405.656 0.000635337 69468262 0.0035141
406.699 0.000631983 69998872 0.00349555
407.745 0.000629528 70555138 0.00348197
408.793 0.00062692 71098054 0.00346755
409.844 0.000624102 71666560 0.00345196
410.898 0.000621401 72194566 0.00343702
411.955 0.000618742 72762586 0.00342232
413.014 0.000616084 73331672 0.00340761
414.076 0.00061326 73882918 0.00339199
415.141 0.000610699 74467456 0.00337783
416.208 0.00060805 75008962 0.00336318
417.278 0.00060545 75649294 0.00334879
418.351 0.000602717 76200112 0.00333368
419.427 0.00060032 76798606 0.00332042
420.505 0.000597832 77363128 0.00330666
421.586 0.000595596 77993662 0.00329429
422.671 0.000593417 78583960 0.00328224
423.757 0.000591275 79193662 0.00327039
424.847 0.000588989 79812544 0.00325775
425.939 0.000586467 80441746 0.0032438
427.035 0.000584292 81027292 0.00323177
428.133 0.000582305 81674242 0.00322078
429.233 0.000580024 82306036 0.00320816
430.337 0.000578213 82931794 0.00319814
431.444 0.000576023 83595436 0.00318603
432.553 0.000574156 84226090 0.0031757
433.665 0.000572077 84905020 0.00316421
434.78 0.000569945 85521378 0.00315241
435.898 0.000568226 86208148 0.00314291
437.019 0.000566374 86867170 0.00313266
438.143 0.000564494 87522292 0.00312226
439.269 0.000562774 88222264 0.00311275
440.399 0.00056044 88892302 0.00309984
441.531 0.000558794 89582572 0.00309074
442.666 0.000556777 90272914 0.00307958
443.805 0.000555038 90984868 0.00306996
444.946 0.00055335 91689400 0.00306063
446.09 0.000551583 92388094 0.00305085
447.237 0.000549921 93094336 0.00304166
448.387 0.000548278 93815556 0.00303257
449.54 0.000546907 94551622 0.00302499
450.696 0.000545612 95291992 0.00301783
451.855 0.000544269 96010564 0.0030104
453.016 0.000543012 96766954 0.00300345
454.181 0.000541789 97501132 0.00299668
455.349 0.00054055 98254180 0.00298983
456.52 0.000539297 99021864 0.0029829
457.694 0.000537797 99782158 0.0029746
458.871 0.000536398 100571620 0.00296686
460.051 0.000535594 101334952 0.00296241
461.233 0.000534782 102118276 0.00295792
462.419 0.000533686 102902278 0.00295186
463.608 0.000532989 103719888 0.002948
464.8 0.000532212 104491492 0.00294371
465.995 0.000531462 105311284 0.00293956
467.194 0.000531145 106140496 0.00293781
468.395 0.000530204 106951822 0.0029326
469.599 0.000529728 107791596 0.00292997
470.807 0.000529254 108606772 0.00292735
472.017 0.000528898 109435288 0.00292538
473.231 0.00052835 110302564 0.00292235
474.448 0.000527853 111143388 0.0029196
475.668 0.00052771 112020700 0.00291881
476.891 0.000527446 112894306 0.00291735
478.117 0.000527231 113729956 0.00291616
479.346 0.000527045 114639612 0.00291513
480.579 0.000527163 115499620 0.00291578
481.815 0.000527241 116421520 0.00291622
483.053 0.000526497 116939335 0.0029121
484.295 0.000524265 116939280 0.00289976
485.54 0.000522038 116943532 0.00288744
486.789 0.000519749 116899072 0.00287478
488.04 0.000517718 116889072 0.00286354
489.295 0.000515644 116872720 0.00285207
490.553 0.00051357 116858284 0.0028406
491.815 0.000511284 116795044 0.00282795
493.079 0.000508766 116788176 0.00281403
494.347 0.000506496 116732812 0.00280147
495.618 0.000504577 116648368 0.00279086
496.892 0.000502691 116650344 0.00278043
498.17 0.000500604 116564920 0.00276888
499.451 0.000498394 116498052 0.00275666
500.735 0.000496153 116435392 0.00274426
502.023 0.000494102 116367904 0.00273292
503.314 0.000492145 116257824 0.0027221
504.608 0.000490309 116196436 0.00271194
505.905 0.000488556 116095600 0.00270224
507.206 0.000486696 115986576 0.00269195
508.51 0.000484655 115891240 0.00268067
509.818 0.000482694 115796928 0.00266982
511.129 0.000480816 115651240 0.00265943
512.443 0.000479047 115542868 0.00264965
513.761 0.000477193 115417320 0.00263939
515.082 0.000475318 115277548 0.00262902
516.406 0.000473343 115132296 0.0026181
517.734 0.000471622 114982240 0.00260858
519.065 0.000469856 114819180 0.00259881
520.399 0.000468289 114670768 0.00259015
521.738 0.000466698 114525108 0.00258135
523.079 0.000464834 114298600 0.00257103
524.424 0.000463201 114176136 0.002562
525.773 0.000461606 113947792 0.00255318
527.124 0.000459986 113768896 0.00254422
528.48 0.000458523 113558592 0.00253613
529.839 0.000456927 113367724 0.0025273
531.201 0.000455454 113127276 0.00251916
532.567 0.00045367 112914256 0.00250929
533.936 0.000451871 112688340 0.00249934
535.309 0.000450421 112426152 0.00249132
536.686 0.000448584 112198672 0.00248116
538.066 0.000447009 111958488 0.00247244
539.449 0.00044562 111666640 0.00246476
540.836 0.000444189 111400152 0.00245685
542.227 0.000442624 111137236 0.00244819
543.621 0.000441255 110862960 0.00244062
545.019 0.00043986 110551120 0.0024329
546.42 0.000438352 110256372 0.00242456
547.825 0.000436898 109929480 0.00241652
549.234 0.000435526 109648240 0.00240893
550.646 0.000434539 109288116 0.00240347
552.062 0.000433535 108971368 0.00239792
553.481 0.000432101 108615876 0.00238998
554.904 0.000430747 108258792 0.0023825
556.331 0.000429375 107896156 0.00237491
557.762 0.00042814 107548044 0.00236808
559.196 0.000426855 107155156 0.00236097
560.634 0.000425888 106745640 0.00235562
562.075 0.000424802 106381152 0.00234962
563.52 0.000423504 105950332 0.00234244
564.969 0.000422448 105560460 0.0023366
566.422 0.00042121 105095832 0.00232975
567.878 0.00042043 104691448 0.00232544
569.339 0.000419444 104227416 0.00231998
570.802 0.000418358 103768020 0.00231397
572.27 0.000417352 103321584 0.00230841
573.742 0.000416217 102828700 0.00230213
575.217 0.000415344 102352788 0.0022973
576.696 0.000414391 101856600 0.00229203
578.179 0.000413455 101332732 0.00228685
579.665 0.000412591 100832628 0.00228208
581.156 0.000411921 100293552 0.00227837
582.65 0.000411205 99747192 0.00227441
584.148 0.000410659 99219016 0.00227139
585.65 0.000410057 98641428 0.00226806
587.156 0.000409363 98075004 0.00226422
588.666 0.000408691 97492236 0.0022605
590.179 0.00040787 96889368 0.00225596
591.697 0.000407385 96288544 0.00225328
593.218 0.000406795 95667084 0.00225002
594.744 0.000406411 95038752 0.00224789
596.273 0.00040605 94392264 0.0022459
597.806 0.000405853 93742056 0.0022448
599.343 0.000405461 93080044 0.00224264
600.884 0.000405027 92395188 0.00224024
602.429 0.000404732 91699368 0.00223861
603.978 0.000404528 90981384 0.00223748
605.531 0.000404332 90300588 0.00223639
607.088 0.000403901 89544360 0.00223401
608.649 0.000403493 88824232 0.00223175
610.214 0.000403071 88040328 0.00222942
611.783 0.000403034 87297984 0.00222921
613.356 0.00040305 86497968 0.0022293
614.933 0.000403287 85707504 0.00223062
616.514 0.000403659 84898392 0.00223267
618.099 0.000403858 84056904 0.00223377
619.689 0.00040375 83247912 0.00223317
621.282 0.000404226 82396368 0.00223581
622.88 0.000404447 81516660 0.00223703
624.481 0.000404789 80625504 0.00223892
626.087 0.000404912 79743588 0.0022396
627.696 0.000405569 78851196 0.00224324
629.311 0.000405779 77904480 0.0022444
630.928 0.000406166 76957480 0.00224654
632.551 0.00040659 76018464 0.00224888
634.177 0.000407449 75041040 0.00225363
635.808 0.00040816 74065920 0.00225756
637.442 0.000408539 73055520 0.00225966
639.081 0.00040908 72045396 0.00226266
640.725 0.00041012 70993964 0.00226841
642.372 0.000410935 69966888 0.00227292
644.024 0.00041179 68889276 0.00227764
645.68 0.000412858 67824288 0.00228355
647.34 0.000414109 66704700 0.00229047
649.004 0.000414586 65602596 0.00229311
650.673 0.000415719 64452240 0.00229938
652.346 0.000416666 63318708 0.00230462
654.023 0.00041762 62140668 0.00230989
655.705 0.00041886 60969048 0.00231675
657.391 0.00041986 59742948 0.00232228
659.081 0.000420719 58545444 0.00232703
660.775 0.000421981 57293532 0.00233401
662.474 0.000422584 56035064 0.00233735
664.178 0.000423206 54769164 0.00234079
665.885 0.000423475 53467236 0.00234228
667.597 0.000423964 52159800 0.00234498
669.314 0.000423947 50824572 0.00234489
671.035 0.000424104 49478256 0.00234575
672.76 0.000423447 48107940 0.00234212
674.49 0.000422828 46713656 0.0023387
676.224 0.000421963 45286716 0.00233391
677.962 0.000421052 43878768 0.00232887
679.705 0.000419089 42417696 0.00231801
681.452 0.000416804 40952868 0.00230538
683.205 0.0004141 39518069 0.00229042
684.962 0.000412329 38220792 0.00228063
686.723 0.000411097 37010586 0.00227381
688.489 0.000409899 35872284 0.00226719
690.259 0.000409007 34769120 0.00226225
692.034 0.000408385 33713676 0.00225881
693.814 0.000407733 32679294 0.00225521
695.597 0.000407363 31689516 0.00225316
697.386 0.000407034 30731648 0.00225134
699.179 0.000406574 29789496 0.00224879
700.977 0.000406806 28876206 0.00225008
702.78 0.000406665 27977588 0.0022493
704.586 0.000406943 27112026 0.00225083
706.398 0.000407681 26263032 0.00225492
708.215 0.000407522 25433732 0.00225404
710.036 0.000408518 24617118 0.00225955
711.861 0.000408646 23829618 0.00226026
713.691 0.000409888 23045474 0.00226712
715.526 0.000410077 22291164 0.00226817
717.366 0.00041096 21548138 0.00227305
719.211 0.000412501 20822178 0.00228158
721.06 0.000413246 20107248 0.0022857
722.914 0.000414956 19406348 0.00229516
724.772 0.000416004 18723654 0.00230095
726.636 0.00041859 18059312 0.00231526
728.504 0.000420043 17402742 0.00232329
730.377 0.000422576 16754724 0.0023373
732.255 0.000424362 16135814 0.00234718
734.138 0.000425797 15515232 0.00235512
736.025 0.00042747 14911028 0.00236437
737.918 0.000429355 14330256 0.0023748
739.815 0.000431513 13745288 0.00238673
741.717 0.00043277 13186902 0.00239369
743.624 0.000434983 12629240 0.00240593
745.536 0.000437686 12094086 0.00242088
747.453 0.000442215 11563610 0.00244593
749.375 0.000446135 11050836 0.00246761
751.302 0.000449515 10549550 0.0024863
753.233 0.000452909 10053218 0.00250508
755.17 0.000456452 9573252 0.00252467
757.111 0.000460251 9108968 0.00254568
759.058 0.00046436 8650770 0.00256841
761.009 0.000467938 8203508 0.00258821
762.966 0.000471516 7772340 0.002608
764.927 0.000476517 7352690 0.00263566
766.894 0.000483546 6941804 0.00267453
768.866 0.000487941 6542412 0.00269884
770.843 0.00049418 6154682 0.00273335
772.825 0.000499903 5779532 0.002765
774.811 0.00050722 5414334 0.00280548
776.803 0.000513 5062910 0.00283745
778.8 0.000518622 4721528 0.00286854
780.802 0.000527957 4393398 0.00292018
782.81 0.000534671 4074230 0.00295731
784.822 0.000541996 3767654 0.00299783
786.839 0.000549279 3472146 0.00303811
788.861 0.00055811 3188006 0.00308695
790.888 0.000566614 2916440 0.00313399
792.921 0.000575875 2661902 0.00318521
794.961 0.00058495 2410242 0.00323541
797.003 0.000593471 2171384 0.00328254
799.05 0.000604501 1949174 0.00334354
801.105 0.000617964 1738592 0.00341801
803.163 0.000628741 1533366 0.00347762
805.226 0.000639093 1347812 0.00353488
807.296 0.00065141 1170398 0.003603
809.37 0.000667363 1004792 0.00369124
811.448 0.000681611 853736 0.00377005
813.531 0.000699769 711416 0.00387048
815.621 0.000719367 587334 0.00397888
817.718 0.000733435 468236 0.00405669
819.802 0.000747677 363320 0.00413546
821.909 0.000766058 280856 0.00423713
824.035 0.000784662 198080 0.00434003
826.109 0.000819312 128864 0.00453168
828.186 0.000846247 83264 0.00468067
830.313 0.000871461 42368 0.00482012
832.391 0.000878142 15296 0.00485707
834.243 0.000853455 2046 0.00472053
835.799 2.71945e-07 1 1.50415e-06
