# in Mpc/h Units 
# D1 = 0.185087 
# k P N P(z=0)
0.314159 30.4858 6 889.91
0.444288 16.0029 12 467.139
0.54414 10.5571 8 308.172
0.628319 7.26426 6 212.051
0.702481 5.12395 24 149.573
0.76953 4.81076 24 140.43
0.888577 3.39559 12 99.1205
0.942478 3.42546 30 99.9924
0.993459 2.29374 24 66.9565
1.04195 2.46174 24 71.8604
1.08828 2.47567 8 72.2671
1.13272 1.69174 24 49.3835
1.17548 1.88921 48 55.1478
1.25664 1.7165 6 50.1062
1.29531 1.5067 48 43.9818
1.33286 1.19932 36 35.0093
1.36939 1.40615 24 41.0469
1.40496 1.8187 24 53.0894
1.43966 1.10284 48 32.1929
1.47354 1.19412 24 34.8575
1.53906 1.23008 24 35.9073
1.5708 1.0541 30 30.7702
1.6019 0.946537 72 27.6303
1.63242 0.846204 32 24.7015
1.6918 0.719269 72 20.9961
1.72072 1.14209 48 33.3386
1.77715 1.08591 12 31.6987
1.80471 0.895283 48 26.1342
1.83185 0.715835 48 20.8959
1.85859 0.682766 48 19.9306
1.88496 0.481804 30 14.0643
1.91096 0.458138 24 13.3735
1.93661 0.623173 72 18.191
1.98692 0.484843 24 14.153
2.0116 0.706844 96 20.6334
2.03598 0.613236 48 17.9009
2.06008 0.523005 24 15.267
2.0839 0.519787 24 15.1731
2.10744 0.54521 72 15.9152
2.13073 0.563919 48 16.4613
2.17656 0.234776 8 6.85332
2.19911 0.444398 54 12.9724
2.22144 0.429208 84 12.529
2.24355 0.464104 48 13.5476
2.26543 0.518114 24 15.1242
2.28711 0.487399 72 14.2276
2.30859 0.519925 96 15.1771
2.35095 0.33354 48 9.73634
2.37185 0.516753 48 15.0845
2.39257 0.526272 24 15.3624
2.4131 0.337191 72 9.84292
2.45366 0.472224 72 13.7847
2.47369 0.396581 96 11.5766
2.51327 0.366919 6 10.7107
2.53283 0.362017 96 10.5676
2.55224 0.455518 96 13.297
2.5715 0.386763 24 11.29
2.59062 0.394896 48 11.5274
2.6096 0.405324 96 11.8318
2.62844 0.431445 48 12.5943
2.66573 0.430943 36 12.5796
2.68418 0.339099 48 9.89861
2.7025 0.333663 120 9.73993
2.7207 0.283362 56 8.27159
2.73878 0.297476 24 8.68359
2.75674 0.230632 96 6.73236
2.77458 0.354839 48 10.3581
2.80993 0.32752 24 9.56062
2.82743 0.312325 102 9.11706
2.84483 0.31288 48 9.13325
2.86213 0.271044 72 7.91203
2.87932 0.285898 48 8.34565
2.89641 0.237135 48 6.92219
2.91339 0.318908 120 9.30924
2.94708 0.204841 24 5.97951
2.96377 0.28311 144 8.26425
2.98038 0.311622 120 9.09655
2.99689 0.257787 48 7.52504
3.02964 0.265376 48 7.74659
3.04589 0.250296 96 7.30637
3.07812 0.212652 24 6.20752
3.09411 0.279029 48 8.14512
3.11002 0.267348 108 7.80414
3.12585 0.209892 72 6.12695
3.14159 0.213238 30 6.22463
3.15726 0.28688 168 8.37429
3.17285 0.379814 48 11.0871
3.20381 0.235262 72 6.86753
3.21917 0.212715 96 6.20936
3.23447 0.234351 72 6.84092
3.24969 0.248361 72 7.2499
3.26484 0.234361 32 6.84123
3.27992 0.188912 72 5.51452
3.29493 0.278806 144 8.13861
3.33956 0.246549 96 7.19699
3.3543 0.157333 96 4.59269
3.36898 0.182466 48 5.32636
3.3836 0.238361 72 6.95799
3.39815 0.252192 120 7.36171
3.41264 0.284661 72 8.30951
3.44144 0.195733 48 5.71363
3.45575 0.224425 78 6.55119
3.47 0.189619 120 5.53515
3.48419 0.219768 48 6.41524
3.51241 0.164137 144 4.79132
3.52643 0.193503 144 5.64853
3.55431 0.161945 12 4.72733
3.56816 0.234541 144 6.84648
3.58197 0.285392 48 8.33086
3.59572 0.174572 120 5.09591
3.60942 0.224814 48 6.56252
3.62306 0.200816 48 5.862
3.63666 0.201659 168 5.88661
3.6637 0.207509 48 6.05738
3.67714 0.186587 96 5.44666
3.69054 0.200948 96 5.86586
3.70388 0.15707 72 4.58503
3.71718 0.148144 48 4.32445
3.73043 0.209814 96 6.12467
3.74364 0.165176 48 4.82165
3.76991 0.182904 30 5.33914
3.78298 0.191499 96 5.59002
3.796 0.178382 192 5.20713
3.80898 0.201344 56 5.87742
3.82191 0.196754 24 5.74343
3.8348 0.171646 168 5.01049
3.84765 0.197546 120 5.76654
3.87322 0.231856 72 6.76808
3.88594 0.17327 144 5.05792
3.89861 0.171151 96 4.99605
3.91125 0.12695 96 3.70579
3.9364 0.181763 72 5.30584
3.94892 0.195257 96 5.69973
3.97384 0.168787 24 4.92704
3.98623 0.161054 192 4.70133
3.99859 0.148695 108 4.34056
4.01092 0.138969 24 4.05663
4.0232 0.161478 96 4.71369
4.03545 0.178021 96 5.1966
4.04766 0.192806 120 5.62818
4.07197 0.101871 48 2.97371
4.08407 0.163477 78 4.77205
4.09614 0.15115 144 4.41221
4.10817 0.146535 120 4.2775
4.12016 0.162849 24 4.7537
4.13212 0.167081 168 4.87724
4.14405 0.16245 144 4.74208
4.16779 0.133563 24 3.89884
4.17962 0.125502 48 3.66353
4.19141 0.150449 96 4.39174
4.20316 0.171015 120 4.99209
4.21489 0.161151 72 4.70414
4.22658 0.173673 120 5.06967
4.23824 0.15015 144 4.38303
4.26146 0.134235 48 3.91844
4.27303 0.148976 192 4.34876
4.28456 0.159814 144 4.66511
4.29606 0.118054 48 3.44611
4.31898 0.134742 192 3.93324
4.33039 0.15659 48 4.57102
4.35312 0.15568 8 4.54445
4.36444 0.147427 48 4.30353
4.37573 0.131007 240 3.82421
4.387 0.141363 96 4.12652
4.39823 0.138352 54 4.03862
4.40944 0.139645 120 4.07638
4.42061 0.132665 120 3.8726
4.44288 0.146999 84 4.29103
4.45398 0.135123 144 3.94438
4.46504 0.128795 72 3.75963
4.47608 0.164547 96 4.80328
4.48709 0.150778 48 4.40135
4.49808 0.157744 96 4.60468
4.50903 0.131032 240 3.82495
4.53087 0.147786 24 4.31401
4.54175 0.152412 240 4.44905
4.5526 0.130773 96 3.8174
4.56883 0.10864 144 3.17132
4.585 0.141774 96 4.1385
4.59575 0.0959071 72 2.79962
4.61718 0.133186 96 3.88782
4.62785 0.134393 96 3.92307
4.63851 0.125853 120 3.67378
4.64913 0.0999229 96 2.91684
4.67484 0.141682 336 4.13583
4.70191 0.155248 48 4.53182
4.71239 0.134861 150 3.93673
4.72285 0.104884 96 3.06166
4.73329 0.0940694 120 2.74597
4.75112 0.137444 168 4.01211
4.76446 0.118082 240 3.44692
4.78513 0.167139 24 4.87894
4.79543 0.138023 144 4.02903
4.80571 0.10136 216 2.95879
4.82211 0.125371 120 3.65969
4.83642 0.131012 144 3.82436
4.84661 0.124594 96 3.63701
4.87706 0.116171 144 3.39114
4.88717 0.104844 132 3.06048
4.89726 0.113641 104 3.31727
4.90732 0.163354 72 4.76846
4.922 0.1204 312 3.51458
4.94739 0.146052 96 4.26339
4.95735 0.104757 144 3.05796
4.97264 0.117639 312 3.43398
4.99701 0.145251 48 4.24
5.00687 0.115239 192 3.36394
5.02655 0.0737569 6 2.15303
5.03636 0.134291 192 3.92007
5.05103 0.113809 192 3.32218
5.06567 0.09612 96 2.80583
5.0754 0.109255 216 3.18926
5.08511 0.117983 72 3.44405
5.10448 0.113078 96 3.30084
5.11414 0.133452 96 3.89558
5.12539 0.12286 288 3.58638
5.14301 0.109933 24 3.20905
5.1526 0.104153 264 3.04033
5.16216 0.118362 192 3.45509
5.18125 0.0897049 48 2.61857
5.19646 0.11326 240 3.30617
5.20974 0.0971392 120 2.83559
5.21921 0.0853413 96 2.49119
5.23525 0.0959448 240 2.80072
5.26471 0.0968424 288 2.82692
5.27563 0.113367 96 3.3093
5.28498 0.105891 72 3.09105
5.30362 0.10689 192 3.12021
5.31292 0.117507 144 3.43015
5.33146 0.0666026 36 1.94419
5.34719 0.106315 342 3.10342
5.35916 0.0743339 96 2.16988
5.37587 0.0963539 264 2.81266
5.38671 0.0907364 168 2.64868
5.405 0.104115 120 3.03921
5.41412 0.0807904 192 2.35835
5.42984 0.105535 264 3.08066
5.4414 0.0920964 56 2.68838
5.45589 0.0866275 240 2.52874
5.48556 0.0982195 216 2.86712
5.49554 0.0931541 240 2.71925
5.50963 0.0840838 168 2.45448
5.52599 0.0900883 240 2.62976
5.55508 0.117369 144 3.42612
5.56692 0.0984722 312 2.8745
5.57577 0.0830938 144 2.42559
5.59826 0.102341 264 2.98742
5.62783 0.0906299 264 2.64557
5.64176 0.0964687 192 2.81601
5.65487 0.0826704 102 2.41323
5.66891 0.0972346 432 2.83837
5.68967 0.0886344 48 2.58732
5.69833 0.0837739 288 2.44544
5.71069 0.079441 168 2.31896
5.72964 0.0789027 192 2.30324
5.74147 0.0759876 144 2.21815
5.75863 0.0785238 48 2.29218
5.77277 0.0852772 276 2.48932
5.78642 0.079868 192 2.33142
5.80132 0.0835757 336 2.43965
5.80982 0.100053 216 2.92064
5.83055 0.0758358 216 2.21372
5.84792 0.0800986 240 2.33815
5.87392 0.0856297 408 2.49961
5.89415 0.0808525 24 2.36016
5.90669 0.0824775 384 2.40759
5.92421 0.0835796 240 2.43977
5.93942 0.083476 168 2.43674
5.96499 0.0826209 246 2.41178
5.97997 0.0758527 320 2.21421
6.00063 0.0767234 288 2.23963
6.01022 0.0816712 144 2.38406
6.0348 0.0785853 288 2.29398
6.04764 0.0808128 336 2.359
6.0651 0.073796 168 2.15417
6.07555 0.0951251 336 2.77679
6.09177 0.0757662 96 2.21169
6.10391 0.0691582 384 2.01879
6.11603 0.0814091 72 2.37641
6.13444 0.0819828 336 2.39315
6.15624 0.0531276 24 1.55085
6.16996 0.077428 336 2.2602
6.18252 0.0622618 168 1.81748
6.19954 0.0867811 456 2.53322
6.22004 0.0729048 108 2.12816
6.23156 0.0754363 264 2.20206
6.24595 0.0669574 264 1.95455
6.26564 0.0726506 312 2.12074
6.28319 0.0723961 30 2.11331
6.29452 0.0831237 432 2.42646
6.31756 0.0776366 432 2.26628
6.33013 0.0790693 192 2.30811
6.35192 0.0703751 240 2.05432
6.36456 0.0789064 336 2.30335
6.38447 0.0747103 240 2.18086
6.3922 0.0757919 240 2.21244
6.41275 0.082527 216 2.40904
6.42832 0.0598665 312 1.74756
6.44655 0.0878669 336 2.56492
6.46894 0.0810133 72 2.36485
6.48007 0.0734361 624 2.14367
6.49634 0.0942919 120 2.75247
6.51021 0.0754289 336 2.20184
6.52968 0.0507125 32 1.48035
6.54409 0.0700512 528 2.04486
6.56562 0.0690005 312 2.01419
6.57487 0.0574536 96 1.67712
6.59474 0.0660543 414 1.92819
6.60897 0.082139 216 2.39771
6.63315 0.0598532 480 1.74717
6.6632 0.0643828 636 1.8794
6.68355 0.069053 240 2.01572
6.69388 0.0702618 168 2.05101
6.7191 0.0683359 504 1.99479
6.7321 0.0577761 240 1.68654
6.74682 0.0619845 456 1.80939
6.7725 0.0620743 264 1.81201
6.78639 0.060141 264 1.75557
6.80514 0.0656652 552 1.91683
6.82529 0.0603947 72 1.76298
6.83702 0.0668778 384 1.95223
6.8562 0.0649203 336 1.89509
6.86853 0.0580105 96 1.69338
6.89291 0.0588148 480 1.71686
6.90756 0.0589984 174 1.72222
6.92267 0.0628141 552 1.8336
6.94474 0.0654715 360 1.91117
6.95933 0.0643599 432 1.87873
6.98042 0.0696425 480 2.03293
7.00371 0.0666305 288 1.94501
7.01377 0.0590429 168 1.72352
7.03217 0.0641994 504 1.87404
7.05566 0.0551223 240 1.60907
7.06849 0.0613452 440 1.79072
7.09018 0.0691382 552 2.01821
7.10861 0.0486619 12 1.42049
7.12185 0.0591442 528 1.72647
7.14393 0.0631954 480 1.84473
7.16393 0.052047 48 1.5193
7.17479 0.0534048 624 1.55894
7.19862 0.0630679 504 1.84101
7.22401 0.0560122 198 1.63505
7.23516 0.0622788 552 1.81798
7.25595 0.0667693 432 1.94906
7.27644 0.0618806 312 1.80635
7.29122 0.0618659 336 1.80592
7.31192 0.055036 408 1.60655
7.33337 0.0589065 432 1.71954
7.34474 0.0600357 456 1.7525
7.36312 0.0590396 528 1.72342
7.39021 0.0521997 456 1.52376
7.40396 0.0626014 168 1.82739
7.41823 0.054766 504 1.59867
7.44195 0.0586044 336 1.71072
7.45982 0.0518813 456 1.51446
7.47564 0.0601954 408 1.75716
7.49795 0.0607176 696 1.7724
7.52344 0.0597068 384 1.7429
7.54481 0.0529833 126 1.54663
7.558 0.0628384 492 1.83431
7.57485 0.0551498 528 1.60987
7.59872 0.0531492 696 1.55148
7.61833 0.0592791 416 1.73041
7.63208 0.0630062 264 1.83921
7.65511 0.0562577 768 1.64221
7.6749 0.0598359 408 1.74667
7.69957 0.0535403 360 1.56289
7.71 0.0527286 408 1.5392
7.72931 0.055202 456 1.6114
7.75392 0.054106 408 1.57941
7.77036 0.0577871 504 1.68686
7.79066 0.0513015 648 1.49754
7.81535 0.0505152 360 1.47459
7.83053 0.0548908 528 1.60231
7.85864 0.0563565 582 1.6451
7.87632 0.052603 600 1.53553
7.89523 0.0579526 576 1.69169
7.914 0.0495475 408 1.44634
7.93268 0.0555057 408 1.62026
7.95698 0.0533939 624 1.55862
7.97865 0.0485005 576 1.41578
8.00144 0.0536148 348 1.56507
8.01209 0.0466887 576 1.36289
8.03437 0.0592417 600 1.72932
8.0589 0.0491222 600 1.43392
8.07879 0.0546543 576 1.59541
8.10331 0.047213 768 1.37819
8.12088 0.046496 240 1.35726
8.14134 0.0440932 336 1.28712
8.15994 0.0517249 590 1.5099
8.17963 0.0473824 744 1.38314
8.20288 0.0525212 504 1.53314
8.22478 0.0500596 648 1.46129
8.24775 0.0482832 696 1.40943
8.26774 0.0508882 696 1.48548
8.29585 0.046412 552 1.35481
8.31341 0.0502289 648 1.46623
8.33446 0.0480134 504 1.40156
8.35037 0.0484 480 1.41284
8.37174 0.0450004 600 1.3136
8.39493 0.0487646 792 1.42348
8.41471 0.0505025 336 1.47422
8.43909 0.0477318 588 1.39334
8.46013 0.0451111 744 1.31684
8.48605 0.0491767 894 1.43551
8.50984 0.0436382 648 1.27384
8.53082 0.0485241 528 1.41646
8.54904 0.0426244 696 1.24425
8.57637 0.0438718 648 1.28066
8.59669 0.0468161 936 1.36661
8.6208 0.0585232 144 1.70835
8.63354 0.0418656 840 1.2221
8.66042 0.049126 792 1.43403
8.68183 0.0471349 480 1.37591
8.70268 0.0450468 536 1.31496
8.72506 0.0436824 888 1.27513
8.7477 0.0396615 792 1.15776
8.77145 0.0450656 744 1.31551
8.79242 0.0441366 534 1.28839
8.81805 0.0399174 816 1.16523
8.83728 0.0353659 408 1.03236
8.8592 0.0420173 960 1.22652
8.88614 0.0397358 708 1.15993
8.90971 0.041902 1056 1.22316
8.93776 0.0400726 864 1.16976
8.95479 0.04286 552 1.25112
8.98268 0.0417082 528 1.2175
8.99967 0.0450433 936 1.31486
9.02501 0.0411282 888 1.20057
9.04798 0.0419921 504 1.22579
9.07075 0.0461427 696 1.34695
9.08827 0.0458786 600 1.33924
9.1155 0.0412409 798 1.20386
9.13638 0.0408152 912 1.19143
9.1598 0.0396284 912 1.15679
9.18648 0.0415469 1104 1.21279
9.21077 0.0415547 648 1.21302
9.24054 0.0383514 912 1.11951
9.25969 0.0374058 824 1.09191
9.28649 0.0425244 888 1.24133
9.30524 0.0409116 456 1.19425
9.32993 0.0402508 1068 1.17496
9.35118 0.0390229 648 1.13912
9.37753 0.0422804 1032 1.2342
9.39943 0.0359034 576 1.04806
9.42618 0.0393441 1254 1.14849
9.45345 0.0390403 792 1.13962
9.47224 0.039052 816 1.13996
9.49886 0.0401162 936 1.17103
9.52401 0.0422513 912 1.23335
9.54544 0.0349349 624 1.01978
9.57046 0.0418846 1224 1.22265
9.59495 0.0390062 816 1.13863
9.61947 0.0412926 888 1.20537
9.64548 0.0399288 1152 1.16556
9.67583 0.0400538 1104 1.16921
9.69991 0.0385458 840 1.12519
9.71865 0.0398269 480 1.16259
9.74574 0.0358327 894 1.04599
9.76669 0.0394688 1236 1.15213
9.79605 0.0374917 1184 1.09442
9.82348 0.0383643 792 1.11989
9.84219 0.0371473 792 1.08436
9.86897 0.0374398 1440 1.0929
9.89283 0.03784 864 1.10459
9.92079 0.0382036 960 1.1152
9.94684 0.0373621 1128 1.09063
9.97686 0.0370746 816 1.08224
9.99766 0.0370635 1008 1.08192
10.0218 0.0383525 1008 1.11955
10.0521 0.0371323 1518 1.08393
10.0762 0.0364662 816 1.06448
10.1025 0.035509 1104 1.03654
10.13 0.0375799 1056 1.09699
10.1552 0.0371348 1104 1.084
10.1774 0.035633 1056 1.04016
10.2056 0.0331958 1188 0.969018
10.233 0.0376932 912 1.1003
10.26 0.0336701 1368 0.982861
10.2868 0.0357385 1128 1.04324
10.3108 0.0363533 1128 1.06119
10.3392 0.0371744 992 1.08516
10.3669 0.0330427 1326 0.964547
10.3909 0.0327466 672 0.955903
10.4156 0.0341797 1632 0.997739
10.4477 0.0343922 1128 1.00394
10.468 0.032815 1152 0.957901
10.4961 0.0377647 1104 1.10239
10.527 0.03572 1560 1.0427
10.556 0.0342182 1272 0.998862
10.5803 0.0311364 1080 0.9089
10.6074 0.0357007 1224 1.04214
10.633 0.0334935 960 0.977707
10.6646 0.0327322 1332 0.955485
10.6881 0.0312477 1158 0.912149
10.7153 0.0333032 1656 0.972153
10.7456 0.0349531 1248 1.02031
10.7692 0.0341386 1152 0.996538
10.7959 0.0335332 1272 0.978865
10.8278 0.0306638 1608 0.895104
10.8578 0.0312108 1464 0.911072
10.8878 0.038336 824 1.11906
10.9128 0.0334237 1704 0.97567
10.9379 0.0303176 1200 0.884999
10.9681 0.0316019 1416 0.922489
10.9964 0.0323176 1326 0.943381
11.0235 0.0312509 1416 0.912243
11.0496 0.0322917 1200 0.942624
11.0767 0.0317844 1440 0.927817
11.1104 0.0312705 1716 0.912816
11.1386 0.0300719 1488 0.877827
11.1683 0.0329472 1536 0.96176
11.1955 0.0288869 1272 0.843235
11.221 0.0335838 1392 0.980343
11.2573 0.0305808 1800 0.892683
11.2826 0.031385 1032 0.916157
11.3096 0.0293883 1446 0.857871
11.3402 0.0314965 1920 0.919413
11.3665 0.0310317 1032 0.905845
11.3923 0.0292246 1656 0.853094
11.4292 0.0304723 2168 0.889514
11.4591 0.0302517 1440 0.883075
11.4849 0.0297676 1248 0.868945
11.5152 0.031594 1464 0.922258
11.5455 0.031341 1884 0.914872
11.5794 0.0288139 1680 0.841104
11.605 0.0297098 1392 0.867258
11.6336 0.0275052 1590 0.802902
11.6676 0.0298989 2040 0.872777
11.6971 0.0259256 1728 0.756793
11.728 0.0289971 1464 0.846452
11.7556 0.0284528 1608 0.830563
11.7865 0.0289511 1656 0.845109
11.8171 0.0285599 1776 0.833689
11.8458 0.0288821 1800 0.843095
11.8722 0.0290092 1560 0.846806
11.9022 0.0271864 1512 0.793597
11.9368 0.0299627 1782 0.874638
11.9681 0.0277366 2264 0.809658
12.001 0.028829 1692 0.841546
12.0348 0.0281908 2256 0.822916
12.0649 0.030319 1368 0.885039
12.0929 0.0288676 2160 0.842671
12.1244 0.028298 1368 0.826045
12.1502 0.0279215 1944 0.815054
12.1851 0.0284944 1728 0.831777
12.2173 0.0274991 2016 0.802725
12.2459 0.027233 1662 0.794956
12.279 0.0263989 2592 0.770609
12.3152 0.0270101 1680 0.78845
12.3441 0.0260844 1992 0.761427
12.3741 0.0258352 1920 0.754154
12.4055 0.0262472 1968 0.766179
12.4398 0.0282029 2004 0.823269
12.4691 0.0265376 1920 0.774657
12.5021 0.0257795 1952 0.752527
12.5336 0.0255431 2304 0.745627
12.5696 0.0259655 2118 0.757956
12.6001 0.0254967 1848 0.744272
12.6298 0.027745 2064 0.809901
12.6656 0.0267691 2352 0.781416
12.6997 0.0249189 2184 0.727406
12.7271 0.0249515 1896 0.728358
12.7606 0.0258515 2472 0.75463
12.7965 0.025661 1944 0.749068
12.8269 0.025601 2088 0.747317
12.8578 0.0250906 1968 0.73242
12.8928 0.0255053 2250 0.744523
12.9243 0.0248657 2472 0.725854
12.9622 0.0258714 2832 0.75521
12.9935 0.0257054 1776 0.750365
13.0248 0.0256581 2496 0.748984
13.0599 0.0238162 1856 0.695219
13.0924 0.0254743 2472 0.743619
13.1278 0.0236119 2928 0.689253
13.1613 0.0248467 1752 0.725299
13.1941 0.0243353 2166 0.710371
13.2228 0.0249523 2448 0.728381
13.2609 0.0238985 3048 0.697618
13.2985 0.0248944 2352 0.726691
13.3341 0.0243981 2340 0.712204
13.3669 0.0242853 2856 0.708911
13.3981 0.0254108 1872 0.741766
13.4328 0.0229514 2856 0.669973
13.4672 0.023892 2208 0.69743
13.5027 0.0237094 2622 0.692099
13.5372 0.0220824 2712 0.644607
13.5706 0.0241512 2520 0.704995
13.6106 0.0232838 3080 0.679677
13.6462 0.0236271 2832 0.689697
13.6782 0.0236296 2232 0.689771
13.7154 0.0237413 3000 0.693031
13.7476 0.0244803 1872 0.714604
13.782 0.0230933 2916 0.674116
13.8177 0.0227828 2910 0.665052
13.8563 0.0243231 3144 0.710014
13.8883 0.0235788 2376 0.688286
13.9269 0.0240871 3096 0.703126
13.9621 0.0233474 2880 0.681532
14.0013 0.0222772 2904 0.650293
14.0349 0.0216075 2520 0.630742
14.0695 0.0226296 3360 0.660578
14.1111 0.022792 2712 0.665321
14.1423 0.0222006 2798 0.648057
14.181 0.0215649 3048 0.629501
14.2158 0.0211344 2724 0.616933
14.2491 0.0221783 3264 0.647406
14.2875 0.021799 3048 0.636334
14.3254 0.0214998 3024 0.6276
14.3617 0.0219231 3120 0.639956
14.4019 0.0216024 3456 0.630595
14.4372 0.0220702 2334 0.64425
14.472 0.022472 3264 0.65598
14.5088 0.0206731 3456 0.603467
14.5462 0.0210976 3312 0.615859
14.5799 0.0214836 2616 0.627125
14.6203 0.0211073 3792 0.616142
14.6599 0.0202599 3180 0.591407
14.6973 0.0214397 3248 0.625844
14.7343 0.0212153 3312 0.619295
14.7747 0.0211095 3606 0.616207
14.8116 0.0203196 3456 0.593147
14.8465 0.0212029 2688 0.618934
14.8883 0.0205459 4152 0.599753
14.9273 0.0204582 3600 0.597195
14.9656 0.0202248 3432 0.590381
15.0056 0.0204949 3624 0.598265
15.0456 0.0198529 3384 0.579525
15.0848 0.0197631 3582 0.576904
15.1203 0.0204525 3276 0.597027
15.1572 0.0200544 3696 0.585408
15.1966 0.0203281 3888 0.593397
15.2357 0.0200061 3608 0.583998
15.2769 0.0201936 3768 0.589471
15.3164 0.0198092 3720 0.57825
15.3575 0.0197939 3984 0.577803
15.3971 0.0198016 3438 0.578026
15.4322 0.0201378 3696 0.587841
15.4717 0.0196383 4104 0.573259
15.5131 0.0196219 3792 0.572781
15.552 0.0192122 3828 0.560822
15.5926 0.0193197 4008 0.563961
15.6329 0.0195319 4032 0.570153
15.6696 0.0189897 3768 0.554328
15.714 0.0194345 4206 0.56731
15.7514 0.0193796 3456 0.565709
15.7915 0.0186882 4568 0.545526
15.8322 0.019591 4272 0.571879
15.8721 0.0194938 3960 0.569043
15.9156 0.0191682 4584 0.559537
15.9588 0.0183404 4416 0.535375
15.9995 0.0197666 3252 0.577004
16.0387 0.0188301 5166 0.549668
16.0805 0.0186171 4272 0.543451
16.1203 0.0178347 3984 0.520612
16.1623 0.0190318 4608 0.555557
16.206 0.0189772 4584 0.553963
16.2476 0.0184666 4752 0.539059
16.2926 0.0179641 4152 0.524388
16.3308 0.01771 4454 0.51697
16.3706 0.0183202 4272 0.534785
16.4105 0.0184924 4416 0.539811
16.4572 0.0178984 5484 0.52247
16.4971 0.0179737 3984 0.524671
16.5399 0.0182382 5232 0.53239
16.5854 0.0175142 4752 0.511255
16.626 0.0176349 4200 0.514778
16.6696 0.0181923 5070 0.53105
16.7114 0.0169745 4848 0.495501
16.7541 0.0172388 5376 0.503217
16.7993 0.0174385 4824 0.509046
16.8373 0.0173275 3912 0.505806
16.8821 0.0171879 5708 0.501732
16.9286 0.017266 5424 0.504012
16.9743 0.0167212 5046 0.488109
17.0151 0.0176045 4872 0.513893
17.0591 0.0172217 5112 0.502718
17.1027 0.0170479 5640 0.497643
17.1485 0.0166654 4920 0.486479
17.1891 0.0172562 5040 0.503724
17.2339 0.0175075 5736 0.51106
17.2803 0.0168954 4734 0.493192
17.3215 0.0166135 5580 0.484965
17.3661 0.0172373 5592 0.503172
17.4108 0.0170785 5432 0.498539
17.4551 0.016897 5616 0.493241
17.5005 0.0163205 5640 0.47641
17.5472 0.0157744 5232 0.460471
17.5907 0.0165193 5622 0.482215
17.6344 0.0166769 6192 0.486816
17.6832 0.0164805 5760 0.48108
17.727 0.0163067 5616 0.476007
17.7706 0.0159693 5316 0.466159
17.8179 0.0162787 6696 0.475192
17.8659 0.0167661 6000 0.489417
17.9128 0.016323 6030 0.476485
17.9594 0.015902 5624 0.464193
18.0036 0.0154014 6288 0.449581
18.0498 0.0159824 6432 0.46654
18.0972 0.0166637 5856 0.48643
18.143 0.0161646 6192 0.471861
18.1863 0.0154918 5328 0.452221
18.2352 0.0153984 7338 0.449495
18.2837 0.0150328 6240 0.438821
18.3278 0.0157608 6216 0.460072
18.3778 0.0156785 7128 0.457669
18.4243 0.0157877 5472 0.460859
18.47 0.0153597 6984 0.448364
18.5178 0.0151485 6422 0.442198
18.5668 0.0153813 7176 0.448995
18.6134 0.01522 6312 0.444285
18.6623 0.0151243 6756 0.441493
18.71 0.0149355 7224 0.43598
18.7595 0.0149826 7224 0.437357
18.8071 0.0148019 5856 0.432082
18.8564 0.0151783 7710 0.443069
18.9065 0.0148958 7392 0.434822
18.9507 0.0145062 5688 0.423449
18.9981 0.0148859 8256 0.434534
19.051 0.0145941 7040 0.426016
19.1004 0.014266 7044 0.416437
19.1475 0.0144002 7062 0.420355
19.1943 0.0151311 7368 0.441691
19.2465 0.0142204 7776 0.415108
19.2965 0.014172 7872 0.413695
19.3469 0.0141523 7032 0.41312
19.3974 0.0140212 8136 0.409291
19.4426 0.0143719 6384 0.419531
19.4935 0.0142048 8286 0.414651
19.5444 0.0141058 7692 0.411762
19.5944 0.013981 8072 0.408118
19.6434 0.0144042 7584 0.420473
19.6937 0.0138789 7992 0.405139
19.7458 0.0139166 7944 0.406239
19.7992 0.0136968 8646 0.399824
19.8493 0.0139058 8232 0.405925
19.9018 0.0136565 8472 0.398646
19.9524 0.0136152 7560 0.397442
20.0013 0.0134232 8220 0.391836
20.0525 0.0137729 8616 0.402043
20.1063 0.0137957 8622 0.402708
20.157 0.0138555 8336 0.404456
20.2078 0.0133775 8184 0.390502
20.2598 0.0130772 9312 0.381735
20.3126 0.0130718 8736 0.381577
20.3651 0.0130318 8184 0.380411
20.4177 0.0131614 9354 0.384194
20.4698 0.013365 8544 0.390136
20.5231 0.0133323 9816 0.389183
20.576 0.0129777 8712 0.37883
20.627 0.013043 8256 0.380737
20.6786 0.0125937 9344 0.367621
20.7331 0.0130056 9822 0.379646
20.7882 0.0129188 9624 0.377111
20.8426 0.0129191 9480 0.377122
20.8961 0.0129632 9132 0.378409
20.9485 0.0128607 9816 0.375415
20.9997 0.0128443 8688 0.374936
21.0552 0.0127503 10062 0.372193
21.1104 0.012635 10512 0.368828
21.1672 0.0126338 10104 0.368792
21.2183 0.0125773 8936 0.367144
21.2722 0.0124859 10488 0.364475
21.3287 0.0126339 9660 0.368794
21.3821 0.01273 10206 0.371602
21.4364 0.0123824 10680 0.361453
21.4933 0.0125331 10296 0.365854
21.5483 0.0118496 10224 0.345902
21.6033 0.0122612 10656 0.357915
21.6589 0.0122122 10134 0.356485
21.7146 0.0120787 11496 0.352587
21.7745 0.0120245 10724 0.351005
21.8273 0.0120677 10656 0.352267
21.8816 0.0124073 10320 0.362181
21.94 0.0118544 11592 0.346041
21.9988 0.0118768 11358 0.346694
22.054 0.0117763 10632 0.343761
22.1087 0.0117803 11640 0.343879
22.1666 0.0118434 10920 0.345721
22.2221 0.0116749 11004 0.340801
22.2772 0.0117322 11262 0.342474
22.3371 0.0116883 12440 0.341193
22.3946 0.0111338 11712 0.325007
22.4502 0.0113777 10512 0.332125
22.5085 0.0114526 13632 0.334311
22.5697 0.0111586 11496 0.32573
22.6258 0.0114293 11022 0.333633
22.6838 0.011442 13500 0.334003
22.7451 0.0111827 12624 0.326435
22.8008 0.0110601 11040 0.322856
22.8586 0.0111971 12488 0.326855
22.9186 0.0112739 12774 0.329095
22.9762 0.0110512 12720 0.322595
23.0377 0.0108314 13320 0.316178
23.0988 0.0110641 13044 0.322972
23.1576 0.011206 12552 0.327114
23.2162 0.0110376 12672 0.322198
23.275 0.0109631 13398 0.320023
23.3369 0.0109933 13200 0.320903
23.3935 0.0109489 12968 0.319608
23.4545 0.0106659 13632 0.311347
23.5125 0.0107534 12408 0.313901
23.5748 0.0108929 14562 0.317974
23.6353 0.0106195 13944 0.309993
23.6958 0.0107206 13704 0.312944
23.7592 0.0107839 14256 0.314793
23.8166 0.010507 12936 0.306708
23.8778 0.0103852 14526 0.303154
23.9404 0.0104258 14864 0.30434
24.0043 0.0102825 14724 0.300155
24.0649 0.0102971 14136 0.300583
24.1248 0.0103984 13776 0.30354
24.1875 0.0103475 15366 0.302054
24.2503 0.0102526 14880 0.299283
24.3119 0.0100472 14736 0.293286
24.3743 0.0102836 15576 0.300188
24.4392 0.0103637 14892 0.302525
24.5001 0.0101314 14774 0.295745
24.5622 0.0100097 16128 0.292193
24.6263 0.0101473 14928 0.29621
24.6879 0.00994726 15672 0.29037
24.7527 0.00993449 16176 0.289997
24.8164 0.0101674 15486 0.296795
24.8796 0.00994023 15780 0.290165
24.9442 0.00978443 17712 0.285617
25.0107 0.00993874 15272 0.290121
25.0724 0.00975381 16392 0.284723
25.1394 0.00974817 17070 0.284558
25.2035 0.00985066 16824 0.28755
25.2688 0.00963636 16608 0.281294
25.3326 0.00965356 16644 0.281797
25.3969 0.00974384 16512 0.284432
25.4633 0.00946212 18366 0.276208
25.5297 0.00954661 16368 0.278675
25.5949 0.00966027 18752 0.281992
25.6601 0.00944147 16080 0.275605
25.7231 0.0094437 16920 0.275671
25.7904 0.00921996 19074 0.269139
25.8577 0.00935957 18168 0.273215
25.9252 0.00926574 18432 0.270476
25.9924 0.00933362 17856 0.272457
26.0586 0.00913204 18414 0.266573
26.1268 0.00923235 19280 0.269501
26.195 0.00916766 18828 0.267613
26.2596 0.00923029 17256 0.269441
26.3249 0.00906336 19392 0.264568
26.3952 0.00911917 19446 0.266197
26.4628 0.0090695 19272 0.264747
26.5322 0.0088679 20592 0.258862
26.6014 0.00886182 19008 0.258685
26.6684 0.00902747 18500 0.26352
26.7356 0.00889652 21246 0.259698
26.8047 0.00878866 18696 0.256549
26.8729 0.00880919 21240 0.257149
26.945 0.00881756 21048 0.257393
27.0152 0.00856271 20022 0.249954
27.0829 0.0087177 20124 0.254478
27.1495 0.00876913 20280 0.255979
27.2209 0.00873753 22232 0.255057
27.2926 0.00864492 20376 0.252353
27.3615 0.00856588 21390 0.250046
27.4318 0.00862622 21960 0.251807
27.5002 0.00855511 20040 0.249732
27.5719 0.00862118 23268 0.25166
27.6439 0.00859137 21510 0.25079
27.715 0.00851676 22608 0.248612
27.7861 0.00848881 21896 0.247796
27.8576 0.00829798 23304 0.242226
27.9287 0.00854331 20838 0.249387
27.9986 0.00829607 23556 0.24217
28.0714 0.00825634 23184 0.24101
28.1449 0.0083078 24168 0.242513
28.2185 0.00822651 22272 0.24014
28.29 0.00821395 24374 0.239773
28.3629 0.00813689 23328 0.237523
28.4352 0.00807364 23844 0.235677
28.5081 0.00818091 24096 0.238808
28.5827 0.00818863 24942 0.239034
28.6568 0.00795582 24120 0.232238
28.7292 0.00808539 25008 0.23602
28.8041 0.0078923 24776 0.230384
28.8793 0.00785409 25266 0.229268
28.9524 0.00796801 24960 0.232594
29.0269 0.00781127 26184 0.228018
29.103 0.00784111 25032 0.228889
29.1757 0.00778296 25392 0.227192
29.251 0.00773111 26526 0.225678
29.3255 0.00772783 25548 0.225583
29.4021 0.00767408 28256 0.224013
29.4795 0.00781764 25680 0.228204
29.5542 0.00765435 26526 0.223438
29.6293 0.0075 27600 0.218932
29.7043 0.00763829 26328 0.222969
29.7817 0.00751022 27996 0.21923
29.8574 0.00739492 27246 0.215865
29.9347 0.00748376 28664 0.218458
30.0127 0.0075331 28320 0.219898
30.089 0.0074163 27408 0.216489
30.1652 0.00742631 28254 0.216781
30.2438 0.00734173 30012 0.214312
30.3223 0.00747776 29040 0.218283
30.4007 0.00735066 28824 0.214573
30.4792 0.00726117 29654 0.21196
30.556 0.00719925 29640 0.210153
30.6357 0.00723924 29988 0.21132
30.7145 0.00725838 30672 0.211879
30.7945 0.00715046 29814 0.208729
30.8718 0.00719272 30000 0.209962
30.9495 0.00706224 31056 0.206153
31.0305 0.007058 31208 0.20603
31.1105 0.00711055 31194 0.207564
31.1917 0.0070418 33096 0.205557
31.2716 0.00695021 30480 0.202883
31.3505 0.00699815 31488 0.204283
31.4315 0.00690497 33222 0.201563
31.5119 0.00683079 31476 0.199397
31.5932 0.00684763 34400 0.199889
31.6747 0.00682322 31992 0.199176
31.756 0.00678827 32958 0.198156
31.8369 0.00675139 34728 0.197079
31.9214 0.00681983 34368 0.199077
32.0022 0.00673289 32268 0.196539
32.0837 0.00672176 35822 0.196215
32.1676 0.00665596 34512 0.194294
32.2483 0.00678284 33384 0.197998
32.331 0.00671123 36126 0.195907
32.4146 0.00665759 34788 0.194341
32.4973 0.00661338 36576 0.193051
32.5819 0.00662332 35664 0.193341
32.6656 0.00657828 35846 0.192026
32.7487 0.00657444 37200 0.191914
32.8335 0.00651445 36456 0.190163
32.9169 0.00647999 36804 0.189157
33.0026 0.00641665 37902 0.187308
33.0877 0.00648207 37944 0.189218
33.174 0.00637115 38936 0.18598
33.2581 0.00637657 36192 0.186138
33.3424 0.00632742 38898 0.184703
33.4279 0.00634941 39456 0.185345
33.515 0.00632943 39216 0.184762
33.6037 0.00636926 41214 0.185925
33.689 0.00636912 37704 0.185921
33.774 0.00622819 40772 0.181807
33.8615 0.00635291 40056 0.185447
33.9478 0.00615806 40014 0.17976
34.0351 0.00612821 42168 0.178888
34.124 0.00619382 41712 0.180803
34.2119 0.00611005 40818 0.178358
34.2993 0.00615885 42920 0.179783
34.3882 0.00615256 41976 0.179599
34.4753 0.00603921 41424 0.17629
34.5632 0.00613124 43590 0.178977
34.6539 0.00597871 44244 0.174524
34.7436 0.00602745 44256 0.175947
34.8317 0.00594934 40982 0.173667
34.9193 0.0059319 45816 0.173158
35.0108 0.0059157 45360 0.172685
35.1021 0.00589895 44988 0.172196
35.1914 0.00597057 44526 0.174287
35.2811 0.00585571 45768 0.170934
35.3715 0.00584212 45968 0.170537
35.462 0.00580851 46038 0.169556
35.5548 0.00580336 47844 0.169406
35.6465 0.00577572 47736 0.168599
35.7382 0.00565342 46152 0.165029
35.8287 0.00572775 47694 0.167199
35.9205 0.00561066 48464 0.163781
36.0138 0.00563434 49404 0.164472
36.1075 0.00558552 49086 0.163047
36.2003 0.00562768 49080 0.164277
36.2923 0.00561365 49632 0.163868
36.3853 0.00552871 49092 0.161388
36.4786 0.00548357 51494 0.16007
36.5735 0.00554152 51792 0.161762
36.6689 0.0054742 50880 0.159797
36.7611 0.00543138 50430 0.158547
36.8562 0.00548249 53892 0.160039
36.9524 0.00544065 52704 0.158818
37.0461 0.00541018 50534 0.157928
37.1396 0.00543438 54072 0.158635
37.235 0.00535068 53448 0.156191
37.3324 0.00532756 55284 0.155517
37.4296 0.00533618 55422 0.155768
37.5251 0.00529078 53096 0.154443
37.6202 0.00527359 56184 0.153941
37.7181 0.00526385 55530 0.153657
37.8148 0.00523365 56952 0.152775
37.9117 0.00520263 55728 0.15187
38.0096 0.00521055 57894 0.152101
38.1077 0.00517975 58088 0.151202
38.2064 0.00512867 57996 0.149711
38.3036 0.00515405 57222 0.150452
38.4004 0.00507921 58368 0.148267
38.4998 0.00507308 61080 0.148088
38.6002 0.00509407 59006 0.148701
38.6989 0.00504256 61044 0.147197
38.7988 0.00500587 61128 0.146126
38.8984 0.00504782 59616 0.147351
38.9979 0.00499865 63222 0.145915
39.0985 0.00495586 61044 0.144666
39.1981 0.00493542 62816 0.14407
39.2989 0.00490702 62526 0.14324
39.3992 0.00485691 64416 0.141778
39.501 0.00483241 63156 0.141063
39.6035 0.00481076 66798 0.140431
39.7059 0.00479237 64448 0.139894
39.8075 0.00478714 65424 0.139741
39.9098 0.0047268 65694 0.13798
40.0124 0.00477752 67452 0.13946
40.1149 0.00475569 66528 0.138823
40.2191 0.00475836 68462 0.138901
40.3222 0.00474888 68400 0.138624
40.4256 0.00464137 67236 0.135486
40.53 0.00465032 71910 0.135747
40.6363 0.00464994 69744 0.135736
40.7386 0.00463409 68088 0.135273
40.8419 0.00463082 70250 0.135178
40.9466 0.00466038 72744 0.136041
41.053 0.00461002 71928 0.134571
41.159 0.00459557 72534 0.134149
41.2646 0.00456807 73560 0.133346
41.3712 0.00456185 73988 0.133165
41.4772 0.0045487 73062 0.132781
41.5831 0.00447415 75336 0.130605
41.6906 0.00446353 75648 0.130295
41.7987 0.00443862 76458 0.129568
41.906 0.00444446 76904 0.129738
42.0139 0.00440775 76368 0.128666
42.1216 0.00439981 78222 0.128435
42.2297 0.0044132 77940 0.128825
42.3371 0.00434648 77832 0.126878
42.4472 0.00431804 81494 0.126048
42.5562 0.0043138 79440 0.125924
42.6659 0.00430271 80940 0.1256
42.7753 0.00430402 81390 0.125638
42.8856 0.00429728 82848 0.125442
42.996 0.00424741 81806 0.123986
43.1072 0.00422465 85044 0.123322
43.2176 0.00419316 82608 0.122402
43.3292 0.00419499 85470 0.122456
43.4392 0.00417343 83400 0.121826
43.5506 0.00414821 86876 0.12109
43.6633 0.0041115 87198 0.120018
43.7751 0.00412954 85608 0.120545
43.8881 0.00408608 91104 0.119276
44.0026 0.00407552 86946 0.118968
44.1136 0.00406022 88808 0.118522
44.2274 0.00407509 90360 0.118956
44.3405 0.00400679 89958 0.116962
44.4551 0.00402063 92916 0.117366
44.5696 0.00398574 91046 0.116347
44.6839 0.00398951 93384 0.116458
44.7984 0.00395818 92880 0.115543
44.9142 0.00392175 95082 0.11448
45.0292 0.00389997 94464 0.113844
45.1451 0.00389188 95792 0.113608
45.2606 0.00390056 95370 0.113861
45.3774 0.00388417 99624 0.113383
45.4939 0.00389415 94824 0.113674
45.6102 0.00382381 101094 0.111621
45.7283 0.00381726 98756 0.111429
45.8464 0.00379723 101550 0.110845
45.9653 0.00381802 101520 0.111452
46.083 0.00378837 101088 0.110586
46.201 0.00377721 101618 0.11026
46.3191 0.00373802 104568 0.109116
46.4392 0.00372512 103566 0.10874
46.5579 0.00370273 105168 0.108086
46.6782 0.00367064 106692 0.107149
46.7986 0.00367856 106046 0.107381
46.9191 0.00367071 108960 0.107151
47.0397 0.0036153 106548 0.105534
47.1601 0.00360477 109806 0.105227
47.281 0.0035937 109328 0.104904
47.4019 0.00359948 109854 0.105072
47.524 0.00357121 112884 0.104247
47.6471 0.00357473 113832 0.10435
47.7703 0.003541 112518 0.103365
47.8919 0.0035312 113624 0.103079
48.0151 0.00352982 115434 0.103039
48.1378 0.00352549 115056 0.102912
48.2625 0.00352267 119808 0.10283
48.388 0.00349178 116786 0.101928
48.5109 0.00345247 118488 0.100781
48.6355 0.00343523 118398 0.100278
48.7605 0.00344878 122640 0.100673
48.8868 0.00341127 121620 0.0995781
49.0127 0.00338974 122126 0.0989497
49.1384 0.00341031 123888 0.0995502
49.2648 0.00335309 123714 0.0978798
49.3907 0.00333463 125088 0.097341
49.5181 0.00333089 127424 0.0972317
49.6456 0.00330385 126222 0.0964426
49.7726 0.00329881 128676 0.0962952
49.9009 0.0032769 129126 0.0956557
50.0299 0.00328249 132056 0.095819
50.1588 0.00326634 130308 0.0953476
50.2871 0.00323565 131814 0.0944515
50.4164 0.0032193 133728 0.0939745
50.5457 0.00321608 133574 0.0938804
50.6763 0.00319806 137772 0.0933544
50.806 0.00319121 132888 0.0931546
50.9364 0.00318395 140166 0.0929426
51.0677 0.00315715 137484 0.0921603
51.199 0.00314507 140270 0.0918074
51.33 0.00313484 138696 0.091509
51.4617 0.00309742 143286 0.0904165
51.5948 0.00311577 143436 0.0909523
51.728 0.00310689 144680 0.0906929
51.8612 0.00305777 144654 0.0892593
51.9944 0.00305349 146772 0.0891342
52.1276 0.00303542 145710 0.0886067
52.2609 0.00302329 148880 0.0882527
52.3956 0.00300064 149556 0.0875914
52.5302 0.00299303 151326 0.0873695
52.6653 0.00298171 151704 0.0870389
52.8005 0.00297971 152342 0.0869807
52.9367 0.00297031 156876 0.086706
53.0737 0.00294604 154398 0.0859976
53.2091 0.00293098 156744 0.0855579
53.3461 0.00293058 157274 0.0855464
53.4833 0.00291462 160416 0.0850806
53.6213 0.00288655 161016 0.0842611
53.7601 0.00288096 162258 0.084098
53.8972 0.00287417 160880 0.0838998
54.0355 0.00285556 164310 0.0833564
54.1742 0.00285866 165780 0.083447
54.3141 0.00285457 167454 0.0833276
54.4533 0.00282045 166520 0.0823317
54.5929 0.00282309 169290 0.0824088
54.7333 0.00281282 171552 0.0821089
54.8742 0.00278178 171120 0.0812026
55.0156 0.00276448 174734 0.0806977
55.1569 0.00275189 173628 0.0803302
55.2995 0.00273878 177438 0.0799475
55.4406 0.00273272 174728 0.0797708
55.5832 0.00271594 180474 0.079281
55.7266 0.00272061 179904 0.0794171
55.8696 0.00269847 180726 0.078771
56.0132 0.00270264 183932 0.0788927
56.1569 0.00267662 182328 0.0781331
56.3011 0.00266836 187350 0.0778919
56.4471 0.00264415 188676 0.0771851
56.5927 0.00262366 187766 0.076587
56.7371 0.00261742 189408 0.076405
56.8838 0.00261745 192594 0.0764059
57.0301 0.00260836 193632 0.0761406
57.1771 0.00259806 194030 0.0758399
57.3236 0.00257747 195852 0.0752386
57.4711 0.00256663 197070 0.0749224
57.618 0.00254919 198416 0.0744133
57.7665 0.00254372 201018 0.0742537
57.9147 0.00253192 201744 0.073909
58.0633 0.00251769 202806 0.0734938
58.2129 0.00251347 207212 0.0733705
58.3628 0.00250019 205614 0.0729829
58.5129 0.00249633 210096 0.0728701
58.6636 0.00246148 208812 0.0718529
58.8139 0.00245512 211502 0.0716672
58.965 0.00243856 213912 0.071184
59.1179 0.00242695 217362 0.0708451
59.2701 0.00242102 215360 0.070672
59.4221 0.0024005 218526 0.0700728
59.5747 0.00238598 219300 0.0696489
59.7282 0.00239154 222726 0.0698114
59.8809 0.00238118 221480 0.0695088
60.0349 0.0023621 225978 0.0689519
60.1888 0.00235837 225192 0.068843
60.3444 0.00234463 232382 0.0684419
60.4997 0.00234091 228348 0.0683334
60.6552 0.00232454 232974 0.0678556
60.8106 0.00229964 232524 0.0671286
60.9674 0.00231584 238310 0.0676015
61.1244 0.00230337 236064 0.0672374
61.2815 0.00228325 240498 0.0666502
61.4388 0.00226999 240536 0.0662632
61.5968 0.00226756 243174 0.0661923
61.7548 0.00225051 244452 0.0656946
61.9144 0.00224104 249678 0.065418
62.0739 0.00222144 248432 0.0648459
62.234 0.00221573 251682 0.0646793
62.3932 0.00220951 250032 0.0644977
62.5527 0.00220653 254126 0.0644106
62.7132 0.00218969 256788 0.0639191
62.8757 0.00217092 261654 0.0633711
63.0381 0.00216744 260676 0.0632697
63.1996 0.00215976 260846 0.0630455
63.3622 0.00215371 267240 0.0628689
63.5255 0.00214241 264810 0.0625388
63.6877 0.00212808 267560 0.0621205
63.8519 0.00212636 273894 0.0620703
64.0167 0.00211334 271554 0.0616903
64.1806 0.00209886 274616 0.0612677
64.3453 0.00208875 276426 0.0609726
64.5106 0.00208477 280896 0.0608563
64.6769 0.00206431 280286 0.0602592
64.843 0.00206337 284748 0.0602318
65.0109 0.00205303 288774 0.0599299
65.1777 0.00203609 285264 0.0594354
65.3455 0.00202943 292730 0.059241
65.5132 0.00201772 289776 0.0588992
65.6811 0.00200326 295314 0.058477
65.8496 0.00199583 296288 0.0582601
66.0197 0.00199802 302190 0.058324
66.1897 0.00199043 300564 0.0581024
66.3601 0.0019797 305702 0.0577893
66.5303 0.00196791 303510 0.0574452
66.7004 0.00196602 308652 0.0573899
66.873 0.00194716 314558 0.0568393
67.0452 0.00193807 311988 0.0565742
67.2167 0.00192789 314166 0.0562768
67.3893 0.00191596 319856 0.0559287
67.5627 0.00191025 319770 0.0557619
67.736 0.00191106 323448 0.0557858
67.9099 0.00189257 324522 0.0552458
68.0843 0.00188907 329726 0.0551436
68.2601 0.00186548 332016 0.054455
68.4362 0.00186414 334626 0.0544159
68.612 0.00185203 335168 0.0540625
68.7884 0.00185645 338658 0.0541917
68.9655 0.00184012 343800 0.053715
69.1432 0.0018404 342110 0.0537231
69.3207 0.00182414 347556 0.0532484
69.4995 0.00182223 350334 0.0531927
69.6777 0.00181586 349538 0.0530067
69.8564 0.00180507 355776 0.0526918
70.0364 0.00180252 357534 0.0526171
70.2163 0.00178476 360068 0.0520988
70.3968 0.0017714 362454 0.0517088
70.5773 0.00176638 365028 0.0515622
70.7588 0.00175557 369782 0.0512469
70.9406 0.00175314 369918 0.0511758
71.1227 0.00174731 374796 0.0510057
71.3065 0.00173372 379982 0.0506089
71.4899 0.00172665 378780 0.0504024
71.6738 0.0017186 384414 0.0501674
71.8578 0.00170848 383942 0.049872
72.0427 0.0017084 392340 0.0498697
72.2278 0.00169563 387750 0.0494969
72.4132 0.00168071 398828 0.0490614
72.5999 0.00167423 396150 0.0488723
72.7859 0.00167297 401364 0.0488356
72.9733 0.00166543 405398 0.0486155
73.1618 0.00165767 409662 0.0483889
73.3494 0.00164662 407364 0.0480663
73.5378 0.00163429 414878 0.0477063
73.7266 0.00163442 415908 0.0477103
73.9161 0.00162726 421094 0.0475012
74.1066 0.00161555 424146 0.0471594
74.2971 0.00161294 426792 0.0470831
74.4885 0.00160309 431078 0.0467957
74.6798 0.00159131 431538 0.0464518
74.8715 0.00158926 438096 0.0463919
75.0646 0.00158336 440258 0.0462197
75.2577 0.00157301 444936 0.0459177
75.4513 0.00156866 445530 0.0457906
75.645 0.00156084 451022 0.0455625
75.8399 0.00154935 455808 0.045227
76.0354 0.00153637 457122 0.0448482
76.2304 0.00152534 459488 0.044526
76.4264 0.00153168 466050 0.0447111
76.6232 0.00152103 467550 0.0444004
76.8199 0.00151161 471692 0.0441253
77.0177 0.00150127 476262 0.0438234
77.2151 0.00149023 475634 0.0435012
77.4132 0.00148425 484896 0.0433267
77.6125 0.001481 484782 0.0432316
77.8115 0.00147133 489914 0.0429496
78.0117 0.00146178 495264 0.0426708
78.2131 0.00145344 500082 0.0424273
78.4143 0.00145152 500456 0.0423712
78.6159 0.00144268 506682 0.0421132
78.8177 0.00143502 507134 0.0418895
79.0203 0.00142559 516012 0.0416142
79.2243 0.00141963 518838 0.0414404
79.4272 0.00141486 515978 0.0413011
79.6311 0.00141315 530376 0.0412513
79.8371 0.00140131 529734 0.0409054
80.0421 0.00139455 532778 0.0407081
80.2477 0.00138914 537816 0.0405502
80.4541 0.00138309 541322 0.0403737
80.6607 0.0013779 546414 0.0402221
80.8685 0.00137098 551916 0.0400202
81.0764 0.00136012 553094 0.0397032
81.2845 0.00135503 558474 0.0395547
81.4935 0.00134832 564552 0.0393586
81.7033 0.00134042 566498 0.039128
81.913 0.00133885 571878 0.0390822
82.1239 0.00132938 577724 0.038806
82.3355 0.00133028 582438 0.0388321
82.5465 0.00132095 579690 0.0385599
82.758 0.00130749 592112 0.0381669
82.9721 0.00130925 598134 0.0382182
83.1855 0.00129779 596618 0.0378838
83.3989 0.00129401 603792 0.0377735
83.6131 0.00129211 606738 0.0377178
83.8282 0.00128732 614870 0.0375782
84.044 0.00127807 617940 0.0373081
84.2603 0.00126981 623510 0.0370668
84.477 0.00126156 626322 0.036826
84.6934 0.00125379 629328 0.0365992
84.911 0.00125191 639050 0.0365443
85.1297 0.00124344 641766 0.0362972
85.3485 0.00124117 647306 0.036231
85.5682 0.00123027 653112 0.0359128
85.7884 0.00122533 656874 0.0357686
86.0089 0.00122041 662126 0.0356249
86.2299 0.00120772 666780 0.0352545
86.4514 0.0012075 670934 0.0352482
86.6737 0.00119725 679698 0.0349489
86.8964 0.00119726 680064 0.0349491
87.12 0.0011922 691682 0.0348015
87.3448 0.00118359 694686 0.0345501
87.569 0.00117819 695450 0.0343924
87.7937 0.00117229 705840 0.0342203
88.0203 0.00116527 712314 0.0340154
88.2462 0.00116259 710150 0.0339372
88.4726 0.00115731 723276 0.033783
88.7001 0.00114828 723230 0.0335195
88.9284 0.00114112 736218 0.0333104
89.1579 0.00114106 738662 0.0333088
89.3867 0.00113128 740364 0.0330232
89.6161 0.0011266 748398 0.0328865
89.8463 0.00112092 753290 0.0327206
90.0772 0.00111643 762138 0.0325897
90.3085 0.00111361 763784 0.0325074
90.5413 0.00110656 778170 0.0323014
90.7746 0.00109965 776006 0.0320999
91.0075 0.00109453 783738 0.0319503
91.2418 0.00109054 794256 0.0318338
91.4765 0.00108454 792962 0.0316587
91.7111 0.00107933 801846 0.0315068
91.9473 0.00107858 813170 0.0314848
92.1839 0.00107035 812880 0.0312444
92.4211 0.00106549 824282 0.0311026
92.6591 0.00106458 827622 0.0310761
92.8972 0.00105912 834186 0.0309166
93.1361 0.00105297 841472 0.0307372
93.375 0.00104712 841890 0.0305665
93.6147 0.00103776 856262 0.0302931
93.8558 0.00103531 861042 0.0302216
94.0972 0.001028 867476 0.0300082
94.3397 0.0010271 877470 0.029982
94.5823 0.00102112 876842 0.0298076
94.8248 0.00101552 886686 0.029644
95.0688 0.00100942 896130 0.0294658
95.3133 0.00100827 899528 0.0294323
95.5582 0.00100163 908634 0.0292386
95.804 0.000996477 915134 0.0290881
96.0501 0.000990638 920034 0.0289177
96.2972 0.000986593 933212 0.0287996
96.545 0.000979152 933582 0.0285824
96.7929 0.000976562 944786 0.0285068
97.0421 0.000974946 952422 0.0284596
97.2918 0.000966909 958850 0.028225
97.5418 0.000965479 964152 0.0281832
97.7929 0.000959707 977106 0.0280147
98.0448 0.000954267 980390 0.027856
98.2967 0.000949095 987162 0.027705
98.5494 0.000946461 997082 0.0276281
98.803 0.000937541 1005240 0.0273677
99.0568 0.000933913 1008218 0.0272618
99.3112 0.000930311 1020270 0.0271567
99.567 0.000926202 1029386 0.0270367
99.8227 0.000923083 1030422 0.0269457
100.079 0.000918033 1048556 0.0267982
100.337 0.000912565 1044762 0.0266386
100.594 0.000909599 1061342 0.0265521
100.853 0.000901667 1066122 0.0263205
101.112 0.000897534 1080278 0.0261999
101.372 0.000893352 1080882 0.0260778
101.633 0.000887405 1095860 0.0259042
101.895 0.000884643 1101246 0.0258236
102.156 0.000880097 1105722 0.0256909
102.419 0.000876612 1122854 0.0255891
102.683 0.000873281 1122522 0.0254919
102.946 0.000868248 1135754 0.025345
103.211 0.000864772 1146096 0.0252435
103.476 0.000860098 1150154 0.0251071
103.743 0.000856103 1165614 0.0249905
104.01 0.000851075 1169954 0.0248437
104.276 0.00084732 1174794 0.0247341
104.544 0.000843376 1188782 0.0246189
104.813 0.000839471 1202250 0.0245049
105.083 0.000835201 1207520 0.0243803
105.354 0.000831613 1221258 0.0242756
105.624 0.000825087 1222682 0.0240851
105.896 0.000822151 1236822 0.0239994
106.168 0.000819008 1245962 0.0239076
106.441 0.000813933 1251582 0.0237595
106.714 0.000811777 1263914 0.0236965
106.989 0.000805752 1277892 0.0235207
107.264 0.000803835 1287302 0.0234647
107.541 0.000801384 1295394 0.0233932
107.817 0.000796797 1300334 0.0232593
108.094 0.000792772 1315458 0.0231417
108.372 0.000789063 1325810 0.0230335
108.651 0.000784143 1334190 0.0228899
108.93 0.000780185 1343954 0.0227743
109.21 0.000776536 1357794 0.0226678
109.491 0.000775033 1363328 0.0226239
109.771 0.000770661 1371210 0.0224963
110.054 0.000763806 1394666 0.0222962
110.338 0.000761776 1396910 0.022237
110.621 0.000756943 1410546 0.0220959
110.906 0.000753799 1416590 0.0220041
111.19 0.000750536 1429794 0.0219088
111.477 0.000747125 1449338 0.0218093
111.764 0.000744513 1451382 0.021733
112.051 0.000741504 1459178 0.0216452
112.338 0.000736273 1474866 0.0214925
112.627 0.000733835 1486952 0.0214213
112.917 0.000730206 1500402 0.0213154
113.208 0.000725319 1512098 0.0211727
113.499 0.000720426 1521486 0.0210299
113.791 0.000716163 1531346 0.0209055
114.083 0.000714142 1544826 0.0208465
114.376 0.000708397 1556654 0.0206788
114.67 0.000706991 1570562 0.0206377
114.965 0.00070309 1579914 0.0205238
115.261 0.000700355 1598798 0.020444
115.558 0.00069631 1603074 0.0203259
115.855 0.000692094 1620794 0.0202029
116.153 0.000688985 1631262 0.0201121
116.451 0.000685721 1639754 0.0200168
116.751 0.000683135 1658106 0.0199414
117.051 0.000680502 1667510 0.0198645
117.351 0.000676969 1679754 0.0197614
117.653 0.000673657 1698164 0.0196647
117.956 0.000670384 1707206 0.0195692
118.259 0.000667492 1717866 0.0194847
118.563 0.000664579 1737602 0.0193997
118.868 0.000660918 1745166 0.0192928
119.174 0.000656683 1768226 0.0191692
119.48 0.000654086 1771986 0.0190934
119.788 0.00065024 1789838 0.0189811
120.096 0.000646471 1802874 0.0188711
120.404 0.000643557 1814282 0.018786
120.714 0.000640455 1834154 0.0186955
121.024 0.000638417 1843710 0.018636
121.336 0.000637181 1859306 0.0185999
121.647 0.000632569 1870050 0.0184653
121.96 0.000629035 1891334 0.0183621
122.274 0.000626471 1898490 0.0182873
122.588 0.000624534 1921898 0.0182307
122.903 0.000620768 1926590 0.0181208
123.219 0.000617404 1950426 0.0180226
123.536 0.000613795 1966178 0.0179173
123.854 0.000610936 1973922 0.0178338
124.172 0.000607602 1991942 0.0177365
124.492 0.000604381 2008394 0.0176424
124.811 0.000602375 2021802 0.0175839
125.132 0.000599434 2039858 0.017498
125.454 0.000596134 2057670 0.0174017
125.777 0.000593011 2069354 0.0173106
126.1 0.000590675 2086922 0.0172423
126.424 0.000588635 2101206 0.0171828
126.75 0.000586045 2122514 0.0171072
127.076 0.000582512 2133600 0.0170041
127.402 0.000580037 2148026 0.0169318
127.73 0.000576829 2177030 0.0168382
128.059 0.000574488 2183874 0.0167698
128.387 0.000572322 2194802 0.0167066
128.717 0.000569639 2228706 0.0166283
129.049 0.000564948 2238902 0.0164914
129.381 0.000563349 2249906 0.0164447
129.713 0.000561054 2273034 0.0163777
130.047 0.00055898 2286386 0.0163171
130.381 0.000555359 2303982 0.0162114
130.716 0.000551338 2326394 0.0160941
131.052 0.000549507 2342522 0.0160406
131.389 0.000546607 2361450 0.015956
131.727 0.00054399 2375606 0.0158796
132.066 0.000540443 2398010 0.015776
132.405 0.00053923 2411016 0.0157406
132.746 0.000536352 2442266 0.0156566
133.087 0.000533498 2449086 0.0155733
133.429 0.000531142 2476418 0.0155045
133.772 0.000528039 2484818 0.0154139
134.116 0.000524877 2516802 0.0153216
134.461 0.000523103 2530442 0.0152699
134.807 0.000519779 2554382 0.0151728
135.154 0.000516576 2565978 0.0150793
135.502 0.000514388 2590778 0.0150155
135.85 0.0005121 2606874 0.0149487
136.199 0.000509615 2631164 0.0148761
136.549 0.000506905 2649554 0.014797
136.9 0.00050529 2666754 0.0147499
137.252 0.00050255 2693714 0.0146699
137.606 0.000500284 2715650 0.0146038
137.959 0.000497232 2725038 0.0145147
138.313 0.000494695 2755226 0.0144406
138.669 0.000492401 2773802 0.0143736
139.026 0.000490026 2798760 0.0143043
139.383 0.000487876 2820002 0.0142416
139.742 0.000485065 2837054 0.0141595
140.101 0.000483706 2870922 0.0141198
140.462 0.000480816 2881346 0.0140355
140.823 0.000477835 2902394 0.0139484
141.185 0.000475382 2928498 0.0138769
141.547 0.000473918 2947664 0.0138341
141.911 0.000471317 2979758 0.0137582
142.277 0.000468788 2998434 0.0136843
142.643 0.000466818 3024578 0.0136268
143.01 0.000464012 3043514 0.0135449
143.377 0.000461956 3061818 0.0134849
143.746 0.000460547 3091868 0.0134438
144.115 0.000457939 3114722 0.0133677
144.486 0.000455102 3143634 0.0132848
144.857 0.000453233 3160586 0.0132303
145.23 0.000450645 3184658 0.0131548
145.603 0.000448906 3222000 0.013104
145.978 0.000446392 3231974 0.0130306
146.353 0.000444025 3262802 0.0129615
146.729 0.000442864 3286002 0.0129276
147.106 0.000440182 3312602 0.0128493
147.485 0.000438474 3337568 0.0127995
147.864 0.000435386 3366362 0.0127093
148.244 0.000433385 3396018 0.0126509
148.625 0.000431439 3408926 0.0125941
149.007 0.000429169 3444482 0.0125278
149.39 0.000427252 3467784 0.0124719
149.774 0.000424829 3498770 0.0124012
150.16 0.000423087 3524282 0.0123503
150.546 0.000421055 3548354 0.012291
150.933 0.000419073 3580968 0.0122331
151.321 0.000416522 3607658 0.0121587
151.71 0.000414319 3634646 0.0120944
152.1 0.000412384 3660666 0.0120379
152.491 0.000410559 3689696 0.0119846
152.884 0.000408513 3722978 0.0119249
153.277 0.000406464 3749090 0.0118651
153.671 0.000404293 3773754 0.0118017
154.066 0.000402077 3805976 0.011737
154.462 0.000400566 3833522 0.0116929
154.859 0.00039862 3862434 0.0116361
155.257 0.000397118 3903374 0.0115922
155.657 0.000394898 3917240 0.0115274
156.057 0.00039261 3961082 0.0114607
156.458 0.000390028 3985818 0.0113853
156.861 0.000388276 4017122 0.0113341
157.264 0.000386063 4050344 0.0112695
157.668 0.000384662 4079402 0.0112286
158.073 0.000382775 4102290 0.0111736
158.48 0.00038157 4147256 0.0111384
158.887 0.000379135 4173074 0.0110673
159.296 0.000377027 4204082 0.0110058
159.705 0.00037488 4241100 0.0109431
160.116 0.000372571 4268354 0.0108757
160.528 0.000370863 4310354 0.0108258
160.94 0.000369371 4336802 0.0107823
161.354 0.000368035 4373568 0.0107433
161.769 0.000365921 4401866 0.0106816
162.185 0.000364335 4440074 0.0106353
162.602 0.000362714 4476560 0.010588
163.02 0.000361635 4509378 0.0105565
163.44 0.000359132 4546658 0.0104834
163.86 0.000357189 4583720 0.0104267
164.282 0.00035566 4613090 0.0103821
164.704 0.000354118 4650386 0.010337
165.127 0.000352207 4686120 0.0102813
165.552 0.000350708 4713410 0.0102375
165.977 0.000348521 4757864 0.0101736
166.404 0.000346734 4793786 0.0101215
166.832 0.000345144 4840422 0.0100751
167.261 0.000343501 4868024 0.0100271
167.691 0.000341523 4904978 0.00996938
168.122 0.000339497 4946690 0.00991025
168.554 0.000338461 4985120 0.00987999
168.988 0.000336567 5023338 0.0098247
169.423 0.000334815 5067146 0.00977356
169.858 0.000333472 5094296 0.00973437
170.295 0.000331605 5139554 0.00967986
170.733 0.000329605 5182520 0.00962149
171.172 0.000327784 5223618 0.00956834
171.612 0.000326712 5252786 0.00953704
172.053 0.000325156 5301128 0.00949161
172.496 0.000323325 5349314 0.00943816
172.939 0.00032174 5379920 0.00939189
173.384 0.000319789 5428778 0.00933495
173.83 0.000318741 5458488 0.00930435
174.277 0.000317049 5513570 0.00925496
174.725 0.000315043 5549522 0.00919639
175.174 0.00031346 5588936 0.00915019
175.624 0.000311986 5646746 0.00910715
176.076 0.000310586 5677520 0.0090663
176.529 0.000308906 5723130 0.00901726
176.982 0.000307542 5769560 0.00897745
177.438 0.000305951 5817050 0.008931
177.894 0.000304283 5857202 0.00888232
178.351 0.000303129 5906408 0.00884862
178.81 0.000301733 5946794 0.00880788
179.27 0.000300257 6000396 0.0087648
179.731 0.00029847 6038906 0.00871263
180.193 0.000296789 6091256 0.00866355
180.656 0.000295654 6140858 0.00863042
181.121 0.00029405 6177776 0.00858361
181.586 0.000292874 6239738 0.00854926
182.053 0.000291197 6270456 0.00850031
182.521 0.000289206 6326018 0.00844219
182.991 0.000288272 6384392 0.00841494
183.461 0.000286431 6427970 0.00836118
183.933 0.000285358 6477032 0.00832987
184.406 0.000283559 6519386 0.00827735
184.88 0.000282059 6578144 0.00823357
185.355 0.000280627 6629210 0.00819176
185.832 0.00027961 6675720 0.00816208
186.31 0.000278424 6738554 0.00812745
186.789 0.000276598 6772208 0.00807415
187.269 0.000275405 6835742 0.00803932
187.75 0.000273989 6893840 0.00799798
188.233 0.000272345 6937658 0.00795
188.717 0.000271363 6992360 0.00792135
189.202 0.000270295 7055024 0.00789015
189.689 0.000268924 7095962 0.00785016
190.176 0.000267684 7160064 0.00781394
190.666 0.00026636 7221338 0.00777531
191.156 0.000265025 7261952 0.00773633
191.647 0.000263539 7331066 0.00769295
192.14 0.000262193 7376108 0.00765366
192.634 0.000261055 7444178 0.00762044
193.13 0.00025962 7498544 0.00757854
193.626 0.000258471 7553096 0.00754502
194.124 0.000257042 7605074 0.0075033
194.623 0.000256065 7677224 0.00747477
195.123 0.00025456 7730426 0.00743085
195.625 0.000253349 7797984 0.0073955
196.128 0.000251964 7853588 0.00735506
196.633 0.000250951 7911458 0.00732548
197.138 0.000249449 7965872 0.00728165
197.645 0.000248521 8040818 0.00725455
198.153 0.000247023 8091080 0.00721083
198.663 0.000245959 8170088 0.00717978
199.174 0.00024474 8227610 0.0071442
199.686 0.000243279 8278412 0.00710155
200.199 0.000242157 8352296 0.0070688
200.714 0.000240841 8419322 0.00703037
201.23 0.000239509 8471912 0.0069915
201.747 0.00023831 8540552 0.0069565
202.266 0.000237202 8612762 0.00692416
202.786 0.000235878 8694428 0.00688551
203.308 0.000234712 8739866 0.00685147
203.831 0.000233443 8821520 0.00681442
204.355 0.000232677 8874512 0.00679205
204.88 0.000231247 8948306 0.00675032
205.407 0.000229991 9023400 0.00671365
205.935 0.000229046 9093620 0.00668607
206.465 0.000227879 9151952 0.006652
206.995 0.000226913 9229178 0.00662379
207.527 0.000225701 9302240 0.00658841
208.061 0.000224346 9377192 0.00654886
208.596 0.000223345 9446270 0.00651965
209.133 0.000222188 9521792 0.00648586
209.67 0.000221162 9588752 0.00645593
210.209 0.000219977 9670178 0.00642134
210.75 0.000218986 9742832 0.00639241
211.292 0.000217649 9819980 0.00635339
211.835 0.000216563 9888560 0.00632168
212.38 0.000215377 9971810 0.00628706
212.926 0.000214286 10045688 0.0062552
213.474 0.000213439 10131500 0.00623047
214.022 0.000212163 10193840 0.00619324
214.573 0.000210978 10289138 0.00615864
215.125 0.000210346 10359176 0.00614019
215.677 0.000209157 10435556 0.00610548
216.232 0.000208181 10527032 0.00607699
216.788 0.000207104 10604282 0.00604557
217.345 0.000205991 10681544 0.00601307
217.904 0.000204898 10773116 0.00598117
218.465 0.000203784 10854352 0.00594865
219.026 0.000202947 10925264 0.00592422
219.589 0.000201747 11022962 0.00588919
220.154 0.000200968 11104076 0.00586643
220.72 0.000200006 11198888 0.00583837
221.288 0.000198915 11274560 0.0058065
221.857 0.000197898 11362352 0.00577683
222.427 0.00019708 11450918 0.00575296
222.999 0.000196038 11540792 0.00572252
223.573 0.000194893 11638856 0.00568912
224.147 0.00019375 11715836 0.00565573
224.724 0.000192905 11809448 0.00563107
225.302 0.000192073 11906312 0.0056068
225.881 0.000190976 11989478 0.00557477
226.462 0.000190045 12091352 0.00554758
227.044 0.000189143 12185264 0.00552128
227.628 0.000188247 12267320 0.00549512
228.213 0.000187345 12372476 0.00546878
228.8 0.000186621 12468856 0.00544765
229.388 0.000185565 12568520 0.00541682
229.978 0.000184538 12652574 0.00538683
230.569 0.000183572 12752984 0.00535865
231.162 0.000182612 12859160 0.00533061
231.756 0.000181658 12949244 0.00530278
232.352 0.000180842 13055168 0.00527894
232.95 0.000179994 13151840 0.00525418
233.549 0.000179063 13271996 0.00522701
234.149 0.000178338 13354232 0.00520585
234.751 0.000177238 13465052 0.00517375
235.355 0.000176378 13566064 0.00514864
235.96 0.000175469 13671944 0.00512211
236.567 0.000174597 13776566 0.00509664
237.175 0.000173752 13890512 0.005072
237.785 0.000172828 13999112 0.00504502
238.397 0.000171895 14097908 0.00501779
239.009 0.000171155 14203280 0.00499618
239.624 0.000170283 14324084 0.00497072
240.24 0.000169334 14438080 0.00494303
240.858 0.000168625 14534936 0.00492231
241.477 0.000167861 14653316 0.00490002
242.098 0.000166912 14776880 0.00487231
242.721 0.000166142 14873084 0.00484983
243.345 0.000165217 15008984 0.00482284
243.971 0.000164445 15105272 0.00480031
244.598 0.000163789 15237076 0.00478117
245.227 0.000162955 15350984 0.00475682
245.857 0.000162094 15445892 0.00473168
246.489 0.000161189 15598592 0.00470527
247.123 0.000160482 15704288 0.00468463
247.759 0.000159608 15842660 0.00465912
248.396 0.000158724 15932848 0.00463331
249.034 0.000158033 16083092 0.00461313
249.675 0.000157298 16195904 0.00459167
250.317 0.000156597 16313708 0.0045712
250.96 0.000155644 16448672 0.0045434
251.605 0.000154994 16589012 0.00452443
252.252 0.000154245 16698160 0.00450255
252.901 0.000153419 16835390 0.00447844
253.551 0.00015269 16968356 0.00445718
254.203 0.000151899 17101592 0.00443406
254.857 0.000151095 17226524 0.0044106
255.513 0.000150338 17365816 0.00438852
256.169 0.000149604 17485796 0.00436708
256.828 0.000148862 17631224 0.00434543
257.488 0.000148239 17771780 0.00432724
258.151 0.000147382 17908096 0.00430223
258.814 0.000146694 18033524 0.00428212
259.479 0.000146037 18177278 0.00426296
260.147 0.000145308 18323780 0.00424169
260.816 0.000144573 18474272 0.00422021
261.486 0.000143871 18609292 0.00419972
262.159 0.000143118 18751232 0.00417774
262.833 0.000142381 18896948 0.00415624
263.509 0.000141722 19043600 0.00413701
264.186 0.000140962 19187434 0.00411481
264.866 0.000140192 19343312 0.00409235
265.547 0.000139476 19484900 0.00407143
266.229 0.000138827 19639040 0.00405249
266.914 0.000138212 19790812 0.00403453
267.6 0.000137394 19944428 0.00401067
268.288 0.000136788 20083934 0.00399298
268.978 0.000135983 20264708 0.00396948
269.67 0.000135488 20416744 0.00395503
270.363 0.000134856 20561780 0.00393658
271.058 0.000134158 20722592 0.00391621
271.755 0.000133454 20897122 0.00389564
272.454 0.000132761 21038948 0.00387542
273.155 0.000132157 21220016 0.00385779
273.857 0.000131372 21375740 0.00383488
274.561 0.000130873 21538654 0.0038203
275.267 0.000130177 21710852 0.00379997
275.975 0.000129483 21863168 0.00377974
276.684 0.000128911 22042780 0.00376303
277.396 0.000128194 22225562 0.0037421
278.109 0.000127594 22374104 0.00372458
278.824 0.000126994 22567564 0.00370707
279.541 0.000126394 22732424 0.00368956
280.26 0.000125743 22921610 0.00367057
280.981 0.000125129 23086564 0.00365262
281.703 0.000124525 23262032 0.003635
282.427 0.000123984 23433890 0.0036192
283.153 0.000123248 23636092 0.00359773
283.882 0.000122667 23824040 0.00358077
284.612 0.000122049 23985218 0.00356272
285.343 0.000121406 24179260 0.00354394
286.077 0.000120768 24376712 0.00352533
286.813 0.000120266 24544178 0.00351068
287.55 0.00011967 24753748 0.00349329
288.29 0.000119068 24937064 0.00347571
289.031 0.000118418 25134674 0.00345674
289.774 0.000117929 25307668 0.00344245
290.519 0.000117188 25517864 0.00342083
291.266 0.000116753 25728626 0.00340813
292.015 0.000116123 25893652 0.00338973
292.766 0.000115529 26127710 0.0033724
293.519 0.000115046 26319604 0.0033583
294.273 0.00011442 26520908 0.00334002
295.03 0.000113862 26726654 0.00332374
295.788 0.000113409 26929204 0.00331052
296.549 0.000112787 27145994 0.00329235
297.312 0.000112235 27352564 0.00327623
298.076 0.000111664 27572150 0.00325957
298.843 0.000111099 27769916 0.00324307
299.611 0.0001106 27998308 0.00322853
300.382 0.000110012 28207190 0.00321136
301.154 0.000109474 28426180 0.00319564
301.928 0.000108928 28624130 0.0031797
302.704 0.000108341 28896460 0.00316257
303.483 0.000107825 29080694 0.0031475
304.263 0.000107315 29319836 0.00313264
305.046 0.00010682 29532394 0.00311817
305.83 0.0001063 29767340 0.003103
306.616 0.000105818 30014194 0.00308893
307.405 0.000105216 30224432 0.00307135
308.195 0.000104569 30473410 0.00305247
308.988 0.000104117 30702596 0.00303929
309.782 0.00010365 30930418 0.00302564
310.578 0.000103137 31176008 0.00301068
311.377 0.000102608 31426922 0.00299523
312.178 0.000102157 31653868 0.00298205
312.98 0.000101679 31911962 0.0029681
313.785 0.000101152 32153338 0.00295273
314.592 0.000100769 32400824 0.00294154
315.401 0.000100263 32673226 0.00292678
316.212 9.97821e-05 32897276 0.00291273
317.025 9.92411e-05 33149338 0.00289694
317.84 9.88054e-05 33432602 0.00288422
318.657 9.83488e-05 33673084 0.0028709
319.476 9.7858e-05 33919790 0.00285657
320.298 9.73775e-05 34217764 0.00284254
321.122 9.69162e-05 34469282 0.00282907
321.948 9.64201e-05 34723138 0.00281459
322.775 9.58873e-05 34993172 0.00279904
323.605 9.54361e-05 35281954 0.00278587
324.437 9.50033e-05 35524210 0.00277324
325.271 9.45653e-05 35815028 0.00276045
326.108 9.40328e-05 36103222 0.00274491
326.946 9.3601e-05 36363554 0.0027323
327.787 9.32232e-05 36666988 0.00272127
328.63 9.27666e-05 36930554 0.00270794
329.475 9.23194e-05 37232002 0.00269489
330.322 9.18413e-05 37512140 0.00268093
331.171 9.14343e-05 37794946 0.00266905
332.023 9.09759e-05 38093978 0.00265567
332.877 9.05366e-05 38400652 0.00264285
333.733 9.00773e-05 38670034 0.00262944
334.591 8.97199e-05 38996498 0.00261901
335.451 8.92936e-05 39277894 0.00260656
336.314 8.88387e-05 39591956 0.00259328
337.178 8.83857e-05 39888106 0.00258006
338.045 8.79962e-05 40208698 0.00256869
338.914 8.76293e-05 40517882 0.00255798
339.786 8.71153e-05 40820764 0.00254298
340.66 8.66923e-05 41154026 0.00253063
341.536 8.63295e-05 41459578 0.00252004
342.414 8.59066e-05 41788306 0.0025077
343.294 8.5507e-05 42081866 0.00249603
344.177 8.50988e-05 42446572 0.00248411
345.062 8.46429e-05 42763874 0.00247081
345.949 8.42756e-05 43094746 0.00246008
346.839 8.38755e-05 43426258 0.00244841
347.73 8.34695e-05 43752578 0.00243655
348.624 8.31003e-05 44101090 0.00242578
349.521 8.26881e-05 44436868 0.00241374
350.42 8.22927e-05 44782802 0.0024022
351.321 8.19171e-05 45128914 0.00239124
352.224 8.14876e-05 45483370 0.0023787
353.13 8.11692e-05 45816314 0.00236941
354.037 8.07762e-05 46188442 0.00235793
354.948 8.03722e-05 46553674 0.00234614
355.861 8.00131e-05 46895978 0.00233566
356.776 7.95956e-05 47266582 0.00232347
357.693 7.92339e-05 47633458 0.00231291
358.613 7.88504e-05 47988956 0.00230172
359.535 7.85583e-05 48376618 0.00229319
360.459 7.81373e-05 48746386 0.0022809
361.386 7.78206e-05 49117010 0.00227166
362.315 7.7426e-05 49488418 0.00226014
363.247 7.70682e-05 49895914 0.00224969
364.181 7.67021e-05 50262466 0.00223901
365.117 7.63498e-05 50665130 0.00222872
366.056 7.60273e-05 51039802 0.00221931
366.997 7.56743e-05 51446590 0.00220901
367.941 7.53417e-05 51844810 0.0021993
368.887 7.496e-05 52248530 0.00218815
369.836 7.46495e-05 52642810 0.00217909
370.787 7.42845e-05 53061658 0.00216843
371.74 7.39807e-05 53477170 0.00215957
372.696 7.36453e-05 53869586 0.00214978
373.654 7.33184e-05 54282286 0.00214023
374.615 7.30223e-05 54713002 0.00213159
375.578 7.2715e-05 55139536 0.00212262
376.544 7.2375e-05 55571090 0.00211269
377.512 7.20214e-05 55982746 0.00210237
378.483 7.17581e-05 56420434 0.00209469
379.456 7.14374e-05 56893246 0.00208532
380.432 7.11394e-05 57287866 0.00207663
381.41 7.08593e-05 57743522 0.00206845
382.39 7.05399e-05 58181746 0.00205912
383.373 7.01823e-05 58643734 0.00204869
384.359 6.98944e-05 59099032 0.00204028
385.348 6.95739e-05 59564794 0.00203093
386.339 6.92725e-05 60009410 0.00202213
387.332 6.89853e-05 60480010 0.00201375
388.328 6.86999e-05 60944086 0.00200542
389.326 6.84214e-05 61411906 0.00199729
390.327 6.81159e-05 61897144 0.00198837
391.331 6.77954e-05 62377450 0.00197901
392.337 6.75909e-05 62855294 0.00197304
393.346 6.72969e-05 63328810 0.00196446
394.358 6.69814e-05 63845434 0.00195525
395.372 6.67078e-05 64315900 0.00194726
396.388 6.64418e-05 64821082 0.0019395
397.407 6.62257e-05 65323114 0.00193319
398.429 6.5922e-05 65803834 0.00192432
399.453 6.56574e-05 66337516 0.0019166
400.481 6.54019e-05 66866810 0.00190914
401.511 6.51379e-05 67364626 0.00190144
402.543 6.49208e-05 67877710 0.0018951
403.578 6.46421e-05 68429272 0.00188696
404.616 6.43867e-05 68934970 0.00187951
405.656 6.41179e-05 69468262 0.00187166
406.699 6.38904e-05 69998872 0.00186502
407.745 6.36717e-05 70555138 0.00185864
408.793 6.34145e-05 71098054 0.00185113
409.844 6.31725e-05 71666560 0.00184407
410.898 6.29448e-05 72194566 0.00183742
411.955 6.26837e-05 72762586 0.0018298
413.014 6.24903e-05 73331672 0.00182415
414.076 6.22723e-05 73882918 0.00181779
415.141 6.20395e-05 74467456 0.00181099
416.208 6.18555e-05 75008962 0.00180562
417.278 6.16329e-05 75649294 0.00179912
418.351 6.14075e-05 76200112 0.00179254
419.427 6.11816e-05 76798606 0.00178595
420.505 6.09573e-05 77363128 0.0017794
421.586 6.07605e-05 77993662 0.00177366
422.671 6.05785e-05 78583960 0.00176834
423.757 6.03791e-05 79193662 0.00176252
424.847 6.01933e-05 79812544 0.0017571
425.939 5.99916e-05 80441746 0.00175121
427.035 5.98079e-05 81027292 0.00174585
428.133 5.96114e-05 81674242 0.00174011
429.233 5.94563e-05 82306036 0.00173559
430.337 5.92733e-05 82931794 0.00173024
431.444 5.90948e-05 83595436 0.00172503
432.553 5.8926e-05 84226090 0.0017201
433.665 5.87654e-05 84905020 0.00171542
434.78 5.85994e-05 85521378 0.00171057
435.898 5.84326e-05 86208148 0.0017057
437.019 5.82736e-05 86867170 0.00170106
438.143 5.81243e-05 87522292 0.0016967
439.269 5.79955e-05 88222264 0.00169294
440.399 5.7808e-05 88892302 0.00168747
441.531 5.76733e-05 89582572 0.00168354
442.666 5.75439e-05 90272914 0.00167976
443.805 5.73927e-05 90984868 0.00167535
444.946 5.7281e-05 91689400 0.00167208
446.09 5.71511e-05 92388094 0.00166829
447.237 5.70461e-05 93094336 0.00166523
448.387 5.6923e-05 93815556 0.00166164
449.54 5.6803e-05 94551622 0.00165813
450.696 5.6689e-05 95291992 0.00165481
451.855 5.66036e-05 96010564 0.00165231
453.016 5.64764e-05 96766954 0.0016486
454.181 5.63839e-05 97501132 0.0016459
455.349 5.62924e-05 98254180 0.00164323
456.52 5.61928e-05 99021864 0.00164032
457.694 5.60984e-05 99782158 0.00163757
458.871 5.60594e-05 100571620 0.00163643
460.051 5.59764e-05 101334952 0.001634
461.233 5.5925e-05 102118276 0.0016325
462.419 5.58766e-05 102902278 0.00163109
463.608 5.5819e-05 103719888 0.00162941
464.8 5.57737e-05 104491492 0.00162809
465.995 5.57132e-05 105311284 0.00162632
467.194 5.56873e-05 106140496 0.00162557
468.395 5.56397e-05 106951822 0.00162418
469.599 5.56218e-05 107791596 0.00162365
470.807 5.56062e-05 108606772 0.0016232
472.017 5.56297e-05 109435288 0.00162388
473.231 5.56083e-05 110302564 0.00162326
474.448 5.55951e-05 111143388 0.00162287
475.668 5.56249e-05 112020700 0.00162374
476.891 5.56264e-05 112894306 0.00162379
478.117 5.56501e-05 113729956 0.00162448
479.346 5.56685e-05 114639612 0.00162502
480.579 5.56995e-05 115499620 0.00162592
481.815 5.57574e-05 116421520 0.00162761
483.053 5.56953e-05 116939335 0.0016258
484.295 5.55061e-05 116939280 0.00162027
485.54 5.53081e-05 116943532 0.0016145
486.789 5.51219e-05 116899072 0.00160906
488.04 5.49288e-05 116889072 0.00160342
489.295 5.47367e-05 116872720 0.00159781
490.553 5.45399e-05 116858284 0.00159207
491.815 5.43507e-05 116795044 0.00158655
493.079 5.41804e-05 116788176 0.00158158
494.347 5.3991e-05 116732812 0.00157605
495.618 5.3809e-05 116648368 0.00157073
496.892 5.36192e-05 116650344 0.0015652
498.17 5.347e-05 116564920 0.00156084
499.451 5.33147e-05 116498052 0.00155631
500.735 5.31399e-05 116435392 0.0015512
502.023 5.29686e-05 116367904 0.0015462
503.314 5.27875e-05 116257824 0.00154092
504.608 5.26322e-05 116196436 0.00153638
505.905 5.24676e-05 116095600 0.00153158
507.206 5.22998e-05 115986576 0.00152668
508.51 5.21425e-05 115891240 0.00152209
509.818 5.19815e-05 115796928 0.00151739
511.129 5.18229e-05 115651240 0.00151276
512.443 5.16601e-05 115542868 0.00150801
513.761 5.1521e-05 115417320 0.00150395
515.082 5.13782e-05 115277548 0.00149978
516.406 5.12306e-05 115132296 0.00149547
517.734 5.10641e-05 114982240 0.00149061
519.065 5.09284e-05 114819180 0.00148665
520.399 5.07929e-05 114670768 0.00148269
521.738 5.06508e-05 114525108 0.00147854
523.079 5.05104e-05 114298600 0.00147445
524.424 5.03811e-05 114176136 0.00147067
525.773 5.02482e-05 113947792 0.00146679
527.124 5.01193e-05 113768896 0.00146303
528.48 4.99722e-05 113558592 0.00145874
529.839 4.98551e-05 113367724 0.00145532
531.201 4.97045e-05 113127276 0.00145092
532.567 4.95951e-05 112914256 0.00144773
533.936 4.94817e-05 112688340 0.00144442
535.309 4.93527e-05 112426152 0.00144065
536.686 4.92304e-05 112198672 0.00143708
538.066 4.9131e-05 111958488 0.00143418
539.449 4.90209e-05 111666640 0.00143097
540.836 4.88775e-05 111400152 0.00142678
542.227 4.87819e-05 111137236 0.00142399
543.621 4.86515e-05 110862960 0.00142018
545.019 4.85705e-05 110551120 0.00141782
546.42 4.84619e-05 110256372 0.00141465
547.825 4.83376e-05 109929480 0.00141102
549.234 4.82482e-05 109648240 0.00140841
550.646 4.81505e-05 109288116 0.00140556
552.062 4.80813e-05 108971368 0.00140354
553.481 4.79946e-05 108615876 0.00140101
554.904 4.79127e-05 108258792 0.00139862
556.331 4.78042e-05 107896156 0.00139545
557.762 4.77362e-05 107548044 0.00139346
559.196 4.76561e-05 107155156 0.00139113
560.634 4.75717e-05 106745640 0.00138866
562.075 4.74863e-05 106381152 0.00138617
563.52 4.74189e-05 105950332 0.0013842
564.969 4.73733e-05 105560460 0.00138287
566.422 4.72983e-05 105095832 0.00138068
567.878 4.72194e-05 104691448 0.00137838
569.339 4.71718e-05 104227416 0.00137699
570.802 4.71091e-05 103768020 0.00137516
572.27 4.70534e-05 103321584 0.00137353
573.742 4.70044e-05 102828700 0.0013721
575.217 4.69603e-05 102352788 0.00137082
576.696 4.69226e-05 101856600 0.00136972
578.179 4.68683e-05 101332732 0.00136813
579.665 4.68387e-05 100832628 0.00136727
581.156 4.68044e-05 100293552 0.00136626
582.65 4.67579e-05 99747192 0.00136491
584.148 4.67312e-05 99219016 0.00136413
585.65 4.67149e-05 98641428 0.00136365
587.156 4.66887e-05 98075004 0.00136289
588.666 4.66932e-05 97492236 0.00136302
590.179 4.66622e-05 96889368 0.00136211
591.697 4.6661e-05 96288544 0.00136208
593.218 4.66621e-05 95667084 0.00136211
594.744 4.6671e-05 95038752 0.00136237
596.273 4.66754e-05 94392264 0.0013625
597.806 4.66954e-05 93742056 0.00136308
599.343 4.67379e-05 93080044 0.00136432
600.884 4.67528e-05 92395188 0.00136476
602.429 4.67724e-05 91699368 0.00136533
603.978 4.68206e-05 90981384 0.00136674
605.531 4.68692e-05 90300588 0.00136816
607.088 4.68937e-05 89544360 0.00136887
608.649 4.69693e-05 88824232 0.00137108
610.214 4.70351e-05 88040328 0.001373
611.783 4.70812e-05 87297984 0.00137434
613.356 4.71356e-05 86497968 0.00137593
614.933 4.72193e-05 85707504 0.00137838
616.514 4.72915e-05 84898392 0.00138048
618.099 4.73989e-05 84056904 0.00138362
619.689 4.74883e-05 83247912 0.00138623
621.282 4.75791e-05 82396368 0.00138888
622.88 4.76832e-05 81516660 0.00139192
624.481 4.77866e-05 80625504 0.00139494
626.087 4.79088e-05 79743588 0.0013985
627.696 4.80087e-05 78851196 0.00140142
629.311 4.81264e-05 77904480 0.00140486
630.928 4.8251e-05 76957480 0.00140849
632.551 4.83744e-05 76018464 0.00141209
634.177 4.84977e-05 75041040 0.00141569
635.808 4.86548e-05 74065920 0.00142028
637.442 4.87992e-05 73055520 0.00142449
639.081 4.89444e-05 72045396 0.00142873
640.725 4.90799e-05 70993964 0.00143269
642.372 4.92447e-05 69966888 0.0014375
644.024 4.94052e-05 68889276 0.00144219
645.68 4.95697e-05 67824288 0.00144699
647.34 4.97174e-05 66704700 0.0014513
649.004 4.9904e-05 65602596 0.00145674
650.673 5.00662e-05 64452240 0.00146148
652.346 5.02467e-05 63318708 0.00146675
654.023 5.04269e-05 62140668 0.00147201
655.705 5.06292e-05 60969048 0.00147791
657.391 5.07962e-05 59742948 0.00148279
659.081 5.09667e-05 58545444 0.00148777
660.775 5.11186e-05 57293532 0.0014922
662.474 5.12889e-05 56035064 0.00149717
664.178 5.14296e-05 54769164 0.00150128
665.885 5.1577e-05 53467236 0.00150558
667.597 5.17019e-05 52159800 0.00150923
669.314 5.18115e-05 50824572 0.00151243
671.035 5.19196e-05 49478256 0.00151558
672.76 5.19614e-05 48107940 0.0015168
674.49 5.19895e-05 46713656 0.00151762
676.224 5.19668e-05 45286716 0.00151696
677.962 5.1893e-05 43878768 0.0015148
679.705 5.18017e-05 42417696 0.00151214
681.452 5.16167e-05 40952868 0.00150674
683.205 5.1438e-05 39518069 0.00150152
684.962 5.13162e-05 38220792 0.00149797
686.723 5.12488e-05 37010586 0.001496
688.489 5.11772e-05 35872284 0.00149391
690.259 5.11594e-05 34769120 0.00149339
692.034 5.12462e-05 33713676 0.00149593
693.814 5.12622e-05 32679294 0.00149639
695.597 5.12885e-05 31689516 0.00149716
697.386 5.13732e-05 30731648 0.00149963
699.179 5.14464e-05 29789496 0.00150177
700.977 5.15227e-05 28876206 0.001504
702.78 5.15913e-05 27977588 0.001506
704.586 5.1741e-05 27112026 0.00151037
706.398 5.18553e-05 26263032 0.00151371
708.215 5.20185e-05 25433732 0.00151847
710.036 5.2202e-05 24617118 0.00152382
711.861 5.23724e-05 23829618 0.0015288
713.691 5.26058e-05 23045474 0.00153561
715.526 5.2834e-05 22291164 0.00154227
717.366 5.29763e-05 21548138 0.00154643
719.211 5.31701e-05 20822178 0.00155209
721.06 5.34328e-05 20107248 0.00155975
722.914 5.36683e-05 19406348 0.00156663
724.772 5.39055e-05 18723654 0.00157355
726.636 5.41832e-05 18059312 0.00158166
728.504 5.45193e-05 17402742 0.00159147
730.377 5.48246e-05 16754724 0.00160038
732.255 5.51188e-05 16135814 0.00160897
734.138 5.54856e-05 15515232 0.00161968
736.025 5.58844e-05 14911028 0.00163132
737.918 5.62855e-05 14330256 0.00164303
739.815 5.67271e-05 13745288 0.00165592
741.717 5.71372e-05 13186902 0.00166789
743.624 5.76075e-05 12629240 0.00168162
745.536 5.80765e-05 12094086 0.00169531
747.453 5.85474e-05 11563610 0.00170905
749.375 5.9048e-05 11050836 0.00172367
751.302 5.95302e-05 10549550 0.00173774
753.233 6.01357e-05 10053218 0.00175542
755.17 6.07723e-05 9573252 0.001774
757.111 6.1422e-05 9108968 0.00179297
759.058 6.20402e-05 8650770 0.00181101
761.009 6.26859e-05 8203508 0.00182986
762.966 6.33688e-05 7772340 0.00184979
764.927 6.40291e-05 7352690 0.00186907
766.894 6.47423e-05 6941804 0.00188989
768.866 6.54843e-05 6542412 0.00191155
770.843 6.63031e-05 6154682 0.00193545
772.825 6.71593e-05 5779532 0.00196044
774.811 6.81663e-05 5414334 0.00198984
776.803 6.91062e-05 5062910 0.00201728
778.8 7.00516e-05 4721528 0.00204487
780.802 7.12841e-05 4393398 0.00208085
782.81 7.25384e-05 4074230 0.00211746
784.822 7.35769e-05 3767654 0.00214778
786.839 7.47868e-05 3472146 0.0021831
788.861 7.60803e-05 3188006 0.00222086
790.888 7.75759e-05 2916440 0.00226451
792.921 7.90723e-05 2661902 0.0023082
794.961 8.06145e-05 2410242 0.00235321
797.003 8.25815e-05 2171384 0.00241063
799.05 8.40471e-05 1949174 0.00245341
801.105 8.60086e-05 1738592 0.00251067
803.163 8.78874e-05 1533366 0.00256552
805.226 8.95777e-05 1347812 0.00261486
807.296 9.18777e-05 1170398 0.002682
809.37 9.37391e-05 1004792 0.00273633
811.448 9.57394e-05 853736 0.00279472
813.531 9.84045e-05 711416 0.00287252
815.621 0.000100816 587334 0.0029429
817.718 0.000102986 468236 0.00300626
819.802 0.000105341 363320 0.00307501
821.909 0.000109315 280856 0.00319099
824.035 0.000111796 198080 0.00326343
826.109 0.000114126 128864 0.00333144
828.186 0.000117924 83264 0.00344232
830.313 0.000119966 42368 0.00350193
832.391 0.000122006 15296 0.00356148
834.243 0.000127534 2046 0.00372283
835.799 0.000271769 1 0.00793318
