# in Mpc/h Units 
# D1 = 0.321902 
# k P N P(z=0)
0.314159 93.4901 6 902.231
0.444288 51.1947 12 494.057
0.54414 34.0702 8 328.796
0.628319 24.9943 6 241.208
0.702481 16.6323 24 160.511
0.76953 16.2248 24 156.578
0.888577 9.85412 12 95.0977
0.942478 12.9292 30 124.774
0.993459 7.55276 24 72.8883
1.04195 9.24466 24 89.216
1.08828 8.17899 8 78.9317
1.13272 7.63128 24 73.646
1.17548 7.98098 48 77.0208
1.25664 5.0335 6 48.5761
1.29531 6.14451 48 59.2979
1.33286 4.65513 36 44.9245
1.36939 4.35661 24 42.0437
1.40496 5.85963 24 56.5486
1.43966 3.73103 48 36.0065
1.47354 6.23105 24 60.133
1.53906 4.33291 24 41.815
1.5708 5.38489 30 51.9671
1.6019 3.99747 72 38.5778
1.63242 3.65576 32 35.2801
1.6918 2.69827 72 26.0397
1.72072 5.45366 48 52.6308
1.77715 5.09345 12 49.1545
1.80471 3.2189 48 31.0642
1.83185 2.95597 48 28.5267
1.85859 3.24228 48 31.2898
1.88496 1.66859 30 16.1028
1.91096 1.3694 24 13.2155
1.93661 3.04258 72 29.3626
1.98692 3.20902 24 30.9687
2.0116 3.09892 96 29.9062
2.03598 2.91229 48 28.1052
2.06008 2.94085 24 28.3808
2.0839 1.9095 24 18.4277
2.10744 2.78368 72 26.864
2.13073 2.71972 48 26.2468
2.17656 2.76384 8 26.6726
2.19911 2.67187 54 25.785
2.22144 2.61724 84 25.2577
2.24355 1.87313 48 18.0767
2.26543 2.72356 24 26.2839
2.28711 2.14655 72 20.7153
2.30859 2.44131 96 23.56
2.35095 1.76393 48 17.0229
2.37185 2.71296 48 26.1815
2.39257 2.6164 24 25.2497
2.4131 1.93951 72 18.7173
2.45366 1.47448 72 14.2295
2.47369 1.71904 96 16.5897
2.51327 1.16266 6 11.2203
2.53283 1.84408 96 17.7963
2.55224 2.05318 96 19.8144
2.5715 1.07673 24 10.391
2.59062 2.04973 48 19.781
2.6096 1.952 96 18.8378
2.62844 1.86041 48 17.954
2.66573 1.82191 36 17.5824
2.68418 1.90273 48 18.3624
2.7025 1.70089 120 16.4145
2.7207 1.68338 56 16.2456
2.73878 3.09399 24 29.8587
2.75674 1.91156 96 18.4476
2.77458 1.83489 48 17.7077
2.80993 2.60084 24 25.0995
2.82743 1.68544 102 16.2654
2.84483 1.54156 48 14.8769
2.86213 1.58098 72 15.2573
2.87932 1.73339 48 16.7281
2.89641 1.36028 48 13.1274
2.91339 1.64823 120 15.9063
2.94708 1.71771 24 16.5768
2.96377 1.70593 144 16.4631
2.98038 1.71957 120 16.5948
2.99689 1.23956 48 11.9624
3.02964 1.72317 48 16.6296
3.04589 1.57631 96 15.2123
3.07812 1.2294 24 11.8643
3.09411 1.46303 48 14.1191
3.11002 1.71109 108 16.5129
3.12585 1.45292 72 14.0215
3.14159 1.23242 30 11.8936
3.15726 1.41845 168 13.6888
3.17285 0.877772 48 8.47098
3.20381 1.3102 72 12.6441
3.21917 1.33812 96 12.9136
3.23447 1.76417 72 17.0252
3.24969 1.13366 72 10.9404
3.26484 1.3645 32 13.1682
3.27992 1.35776 72 13.1031
3.29493 1.32163 144 12.7545
3.33956 1.37606 96 13.2797
3.3543 1.58191 96 15.2663
3.36898 1.23873 48 11.9544
3.3836 1.18923 72 11.4767
3.39815 1.54565 120 14.9164
3.41264 1.27818 72 12.3352
3.44144 1.26373 48 12.1957
3.45575 1.22145 78 11.7876
3.47 1.12573 120 10.8639
3.48419 1.18746 48 11.4596
3.51241 1.1731 144 11.321
3.52643 1.1991 144 11.5719
3.55431 1.26043 12 12.1638
3.56816 1.08543 144 10.475
3.58197 1.5653 48 15.106
3.59572 1.3697 120 13.2183
3.60942 1.2408 48 11.9744
3.62306 1.00811 48 9.72884
3.63666 1.23732 168 11.9408
3.6637 1.50382 48 14.5127
3.67714 1.43824 96 13.8798
3.69054 1.23444 96 11.913
3.70388 1.50099 72 14.4853
3.71718 1.1097 48 10.7092
3.73043 0.892242 96 8.61062
3.74364 1.12921 48 10.8974
3.76991 1.35153 30 13.043
3.78298 1.3135 96 12.676
3.796 1.01242 192 9.7704
3.80898 1.35961 56 13.121
3.82191 0.612115 24 5.90724
3.8348 1.08705 168 10.4906
3.84765 0.987199 120 9.52701
3.87322 0.986997 72 9.52506
3.88594 1.03909 144 10.0278
3.89861 1.13809 96 10.9832
3.91125 0.999286 96 9.64365
3.9364 1.34166 72 12.9478
3.94892 1.22491 96 11.8211
3.97384 0.90695 24 8.75256
3.98623 1.02286 192 9.87116
3.99859 1.02265 108 9.86911
4.01092 0.883968 24 8.53077
4.0232 1.28171 96 12.3692
4.03545 1.25925 96 12.1524
4.04766 0.966014 120 9.32256
4.07197 1.20665 48 11.6448
4.08407 1.06705 78 10.2976
4.09614 0.956589 144 9.2316
4.10817 0.944675 120 9.11663
4.12016 0.539739 24 5.20877
4.13212 0.983437 168 9.49071
4.14405 0.915392 144 8.83403
4.16779 0.726646 24 7.01253
4.17962 1.29174 48 12.466
4.19141 0.757221 96 7.30759
4.20316 1.16003 120 11.1949
4.21489 1.24403 72 12.0056
4.22658 0.957377 120 9.23922
4.23824 0.926483 144 8.94107
4.26146 1.14435 48 11.0436
4.27303 0.919177 192 8.87056
4.28456 0.892069 144 8.60895
4.29606 0.886558 48 8.55577
4.31898 1.04585 192 10.0931
4.33039 0.925107 48 8.92779
4.35312 1.62737 8 15.705
4.36444 0.925956 48 8.93598
4.37573 0.978091 240 9.43911
4.387 0.884785 96 8.53865
4.39823 0.577801 54 5.57609
4.40944 0.897507 120 8.66143
4.42061 0.988995 120 9.54435
4.44288 1.07689 84 10.3925
4.45398 1.0089 144 9.73648
4.46504 0.873927 72 8.43388
4.47608 0.929645 96 8.97158
4.48709 0.915312 48 8.83326
4.49808 0.89799 96 8.6661
4.50903 0.885635 240 8.54686
4.53087 0.785123 24 7.57687
4.54175 0.99361 240 9.58888
4.5526 0.90222 96 8.70692
4.56883 1.15818 144 11.1771
4.585 0.864448 96 8.3424
4.59575 0.722789 72 6.97531
4.61718 0.725729 96 7.00368
4.62785 0.857044 96 8.27094
4.63851 1.09225 120 10.5408
4.64913 0.823272 96 7.94502
4.67484 0.878057 336 8.47373
4.70191 0.863421 48 8.33248
4.71239 0.836372 150 8.07145
4.72285 0.9689 96 9.35042
4.73329 0.898067 120 8.66684
4.75112 0.905847 168 8.74192
4.76446 0.993033 240 9.58331
4.78513 0.997889 24 9.63017
4.79543 0.840481 144 8.1111
4.80571 0.893997 216 8.62755
4.82211 0.865644 120 8.35393
4.83642 0.99411 144 9.5937
4.84661 0.908129 96 8.76394
4.87706 0.998843 144 9.63938
4.88717 0.675515 132 6.51909
4.89726 0.752533 104 7.26236
4.90732 0.78529 72 7.57847
4.922 0.706426 312 6.8174
4.94739 0.914237 96 8.82288
4.95735 0.778958 144 7.51737
4.97264 0.836629 312 8.07393
4.99701 0.777998 48 7.50811
5.00687 0.734119 192 7.08465
5.02655 0.616362 6 5.94823
5.03636 0.787743 192 7.60215
5.05103 0.789386 192 7.618
5.06567 1.06743 96 10.3013
5.0754 0.921306 216 8.89111
5.08511 0.88934 72 8.58262
5.10448 0.725247 96 6.99903
5.11414 0.815803 96 7.87294
5.12539 0.776053 288 7.48933
5.14301 0.540181 24 5.21304
5.1526 0.738855 264 7.13035
5.16216 0.804408 192 7.76297
5.18125 0.762712 48 7.36058
5.19646 0.886845 240 8.55854
5.20974 0.777752 120 7.50573
5.21921 0.961741 96 9.28132
5.23525 0.846639 240 8.17053
5.26471 0.651302 288 6.28542
5.27563 0.772475 96 7.45481
5.28498 1.01538 72 9.79901
5.30362 0.807261 192 7.79051
5.31292 0.733635 144 7.07998
5.33146 0.969842 36 9.3595
5.34719 0.723582 342 6.98296
5.35916 0.646865 96 6.2426
5.37587 0.748897 264 7.22727
5.38671 0.866651 168 8.36366
5.405 0.632946 120 6.10827
5.41412 0.776855 192 7.49708
5.42984 0.776288 264 7.49161
5.4414 0.923753 56 8.91472
5.45589 0.799136 240 7.7121
5.48556 0.697659 216 6.73279
5.49554 0.616448 240 5.94906
5.50963 0.573176 168 5.53146
5.52599 0.781529 240 7.54218
5.55508 0.607161 144 5.85943
5.56692 0.663784 312 6.40588
5.57577 0.724559 144 6.99239
5.59826 0.656598 264 6.33652
5.62783 0.708947 264 6.84172
5.64176 0.705711 192 6.8105
5.65487 0.631271 102 6.09211
5.66891 0.701019 432 6.76522
5.68967 0.597745 48 5.76857
5.69833 0.621442 288 5.99726
5.71069 0.555404 168 5.35995
5.72964 0.78681 192 7.59315
5.74147 0.645998 144 6.23423
5.75863 0.613893 48 5.9244
5.77277 0.663142 276 6.39968
5.78642 0.635663 192 6.13449
5.80132 0.765214 336 7.38474
5.80982 0.709155 216 6.84373
5.83055 0.602172 216 5.81129
5.84792 0.715901 240 6.90884
5.87392 0.753918 408 7.27572
5.89415 0.630202 24 6.08179
5.90669 0.639983 384 6.17619
5.92421 0.645915 240 6.23343
5.93942 0.689655 168 6.65555
5.96499 0.67861 246 6.54896
5.97997 0.587124 320 5.66607
6.00063 0.692061 288 6.67876
6.01022 0.623762 144 6.01964
6.0348 0.67191 288 6.4843
6.04764 0.644283 336 6.21768
6.0651 0.659451 168 6.36406
6.07555 0.697474 336 6.731
6.09177 0.736882 96 7.11131
6.10391 0.649437 384 6.26742
6.11603 0.802748 72 7.74695
6.13444 0.701277 336 6.7677
6.15624 0.394682 24 3.8089
6.16996 0.640085 336 6.17717
6.18252 0.576905 168 5.56745
6.19954 0.569443 456 5.49543
6.22004 0.778929 108 7.51709
6.23156 0.679787 264 6.56031
6.24595 0.706242 264 6.81562
6.26564 0.629858 312 6.07847
6.28319 0.402738 30 3.88664
6.29452 0.578591 432 5.58372
6.31756 0.628092 432 6.06143
6.33013 0.656103 192 6.33176
6.35192 0.698021 240 6.73628
6.36456 0.620196 336 5.98523
6.38447 0.578748 240 5.58523
6.3922 0.660674 240 6.37586
6.41275 0.502113 216 4.84566
6.42832 0.670738 312 6.47298
6.44655 0.625036 336 6.03194
6.46894 0.67284 72 6.49327
6.48007 0.636415 624 6.14175
6.49634 0.736472 120 7.10735
6.51021 0.701748 336 6.77225
6.52968 0.645018 32 6.22477
6.54409 0.58832 528 5.67761
6.56562 0.570065 312 5.50144
6.57487 0.50199 96 4.84448
6.59474 0.575597 414 5.55482
6.60897 0.634468 216 6.12296
6.63315 0.559797 480 5.40234
6.6632 0.656773 636 6.33822
6.68355 0.572506 240 5.52499
6.69388 0.509836 168 4.9202
6.7191 0.649747 504 6.27042
6.7321 0.645852 240 6.23283
6.74682 0.545808 456 5.26735
6.7725 0.679223 264 6.55488
6.78639 0.543983 264 5.24974
6.80514 0.581957 552 5.61621
6.82529 0.540073 72 5.212
6.83702 0.655506 384 6.32599
6.8562 0.614049 336 5.92591
6.86853 0.550413 96 5.31178
6.89291 0.562307 480 5.42657
6.90756 0.721101 174 6.95901
6.92267 0.600565 552 5.79578
6.94474 0.513783 360 4.95828
6.95933 0.530505 432 5.11966
6.98042 0.500157 480 4.82679
7.00371 0.631988 288 6.09903
7.01377 0.504067 168 4.86452
7.03217 0.515798 504 4.97773
7.05566 0.557831 240 5.38337
7.06849 0.53942 440 5.20569
7.09018 0.516809 552 4.98749
7.10861 0.867738 12 8.37414
7.12185 0.531772 528 5.13189
7.14393 0.612283 480 5.90887
7.16393 0.419202 48 4.04552
7.17479 0.533245 624 5.14611
7.19862 0.55601 504 5.3658
7.22401 0.615487 198 5.93978
7.23516 0.491457 552 4.74283
7.25595 0.53063 432 5.12087
7.27644 0.591847 312 5.71165
7.29122 0.539497 336 5.20644
7.31192 0.503175 408 4.85592
7.33337 0.502156 432 4.84607
7.34474 0.455002 456 4.39102
7.36312 0.56653 528 5.46732
7.39021 0.540317 456 5.21435
7.40396 0.464234 168 4.48011
7.41823 0.524546 504 5.06215
7.44195 0.544489 336 5.25461
7.45982 0.469595 456 4.53185
7.47564 0.535207 408 5.16504
7.49795 0.520294 696 5.02112
7.52344 0.514294 384 4.96322
7.54481 0.571642 126 5.51666
7.558 0.571516 492 5.51544
7.57485 0.502843 528 4.85271
7.59872 0.463722 696 4.47517
7.61833 0.471789 416 4.55302
7.63208 0.481668 264 4.64836
7.65511 0.516772 768 4.98713
7.6749 0.506233 408 4.88543
7.69957 0.485927 360 4.68946
7.71 0.449481 408 4.33773
7.72931 0.474389 456 4.57812
7.75392 0.398413 408 3.8449
7.77036 0.514359 504 4.96384
7.79066 0.556737 648 5.37281
7.81535 0.494569 360 4.77286
7.83053 0.528909 528 5.10426
7.85864 0.511521 582 4.93646
7.87632 0.498335 600 4.80921
7.89523 0.488528 576 4.71457
7.914 0.485193 408 4.68238
7.93268 0.444665 408 4.29126
7.95698 0.445134 624 4.29579
7.97865 0.473076 576 4.56544
8.00144 0.473468 348 4.56922
8.01209 0.45019 576 4.34458
8.03437 0.436791 600 4.21527
8.0589 0.459235 600 4.43187
8.07879 0.487731 576 4.70687
8.10331 0.457185 768 4.41208
8.12088 0.476457 240 4.59807
8.14134 0.529061 336 5.10573
8.15994 0.44781 590 4.32161
8.17963 0.444695 744 4.29155
8.20288 0.436249 504 4.21004
8.22478 0.477906 648 4.61205
8.24775 0.446905 696 4.31287
8.26774 0.465493 696 4.49226
8.29585 0.482221 552 4.6537
8.31341 0.506628 648 4.88924
8.33446 0.451674 504 4.3589
8.35037 0.442412 480 4.26951
8.37174 0.460584 600 4.44489
8.39493 0.45448 792 4.38598
8.41471 0.458514 336 4.42491
8.43909 0.463306 588 4.47116
8.46013 0.461051 744 4.4494
8.48605 0.450609 894 4.34863
8.50984 0.431198 648 4.1613
8.53082 0.389758 528 3.76138
8.54904 0.426317 696 4.11419
8.57637 0.407951 648 3.93695
8.59669 0.458783 936 4.4275
8.6208 0.403615 144 3.89511
8.63354 0.446158 840 4.30567
8.66042 0.435301 792 4.20089
8.68183 0.461753 480 4.45617
8.70268 0.483032 536 4.66152
8.72506 0.42811 888 4.1315
8.7477 0.441707 792 4.26271
8.77145 0.404111 744 3.89989
8.79242 0.384045 534 3.70624
8.81805 0.442965 816 4.27485
8.83728 0.427902 408 4.12949
8.8592 0.408432 960 3.94159
8.88614 0.413309 708 3.98866
8.90971 0.414828 1056 4.00332
8.93776 0.416673 864 4.02112
8.95479 0.418059 552 4.0345
8.98268 0.420941 528 4.06231
8.99967 0.378282 936 3.65062
9.02501 0.43236 888 4.17251
9.04798 0.389324 504 3.75719
9.07075 0.391166 696 3.77497
9.08827 0.373379 600 3.60331
9.1155 0.402127 798 3.88074
9.13638 0.401911 912 3.87866
9.1598 0.394268 912 3.8049
9.18648 0.404762 1104 3.90618
9.21077 0.3878 648 3.74248
9.24054 0.399318 912 3.85364
9.25969 0.411497 824 3.97117
9.28649 0.388979 888 3.75386
9.30524 0.412913 456 3.98484
9.32993 0.379745 1068 3.66474
9.35118 0.353978 648 3.41608
9.37753 0.388445 1032 3.74871
9.39943 0.347691 576 3.3554
9.42618 0.378676 1254 3.65443
9.45345 0.363556 792 3.50851
9.47224 0.394585 816 3.80796
9.49886 0.401004 936 3.86991
9.52401 0.3437 912 3.31689
9.54544 0.360448 624 3.47852
9.57046 0.378733 1224 3.65498
9.59495 0.365101 816 3.52342
9.61947 0.362892 888 3.50211
9.64548 0.373938 1152 3.60871
9.67583 0.3803 1104 3.6701
9.69991 0.392863 840 3.79134
9.71865 0.393993 480 3.80224
9.74574 0.36124 894 3.48616
9.76669 0.372948 1236 3.59916
9.79605 0.383957 1184 3.70539
9.82348 0.341833 792 3.29888
9.84219 0.378107 792 3.64894
9.86897 0.371943 1440 3.58946
9.89283 0.373385 864 3.60337
9.92079 0.355617 960 3.4319
9.94684 0.363493 1128 3.50791
9.97686 0.371213 816 3.58241
9.99766 0.372657 1008 3.59634
10.0218 0.33514 1008 3.23429
10.0521 0.337878 1518 3.26071
10.0762 0.371743 816 3.58752
10.1025 0.355017 1104 3.42611
10.13 0.346539 1056 3.34429
10.1552 0.333179 1104 3.21535
10.1774 0.341067 1056 3.29148
10.2056 0.325725 1188 3.14342
10.233 0.360949 912 3.48336
10.26 0.352488 1368 3.4017
10.2868 0.335393 1128 3.23673
10.3108 0.333565 1128 3.21909
10.3392 0.336413 992 3.24657
10.3669 0.352345 1326 3.40032
10.3909 0.374108 672 3.61034
10.4156 0.340686 1632 3.28781
10.4477 0.353619 1128 3.41261
10.468 0.322165 1152 3.10907
10.4961 0.335528 1104 3.23803
10.527 0.31677 1560 3.057
10.556 0.328637 1272 3.17153
10.5803 0.351461 1080 3.39179
10.6074 0.366967 1224 3.54143
10.633 0.34377 960 3.31757
10.6646 0.323983 1332 3.12661
10.6881 0.323832 1158 3.12515
10.7153 0.321355 1656 3.10125
10.7456 0.320433 1248 3.09235
10.7692 0.32608 1152 3.14685
10.7959 0.315944 1272 3.04903
10.8278 0.338253 1608 3.26433
10.8578 0.323993 1464 3.12671
10.8878 0.329446 824 3.17933
10.9128 0.305489 1704 2.94813
10.9379 0.321449 1200 3.10216
10.9681 0.331798 1416 3.20203
10.9964 0.312076 1326 3.0117
11.0235 0.322464 1416 3.11196
11.0496 0.335914 1200 3.24176
11.0767 0.309025 1440 2.98226
11.1104 0.322669 1716 3.11393
11.1386 0.332887 1488 3.21254
11.1683 0.311549 1536 3.00661
11.1955 0.306128 1272 2.9543
11.221 0.315987 1392 3.04945
11.2573 0.307022 1800 2.96293
11.2826 0.337574 1032 3.25777
11.3096 0.30272 1446 2.92141
11.3402 0.305523 1920 2.94847
11.3665 0.291787 1032 2.8159
11.3923 0.304965 1656 2.94308
11.4292 0.296749 2168 2.86379
11.4591 0.309149 1440 2.98346
11.4849 0.283886 1248 2.73966
11.5152 0.291532 1464 2.81344
11.5455 0.303378 1884 2.92777
11.5794 0.300215 1680 2.89724
11.605 0.280945 1392 2.71127
11.6336 0.281533 1590 2.71694
11.6676 0.294124 2040 2.83846
11.6971 0.28807 1728 2.78003
11.728 0.308646 1464 2.9786
11.7556 0.277777 1608 2.6807
11.7865 0.284768 1656 2.74816
11.8171 0.293513 1776 2.83256
11.8458 0.279745 1800 2.6997
11.8722 0.27237 1560 2.62852
11.9022 0.274799 1512 2.65196
11.9368 0.268549 1782 2.59164
11.9681 0.287814 2264 2.77757
12.001 0.272534 1692 2.6301
12.0348 0.279626 2256 2.69854
12.0649 0.294953 1368 2.84646
12.0929 0.275546 2160 2.65917
12.1244 0.269641 1368 2.60218
12.1502 0.2745 1944 2.64907
12.1851 0.269865 1728 2.60435
12.2173 0.270774 2016 2.61312
12.2459 0.279217 1662 2.6946
12.279 0.2656 2592 2.56319
12.3152 0.250627 1680 2.41869
12.3441 0.266483 1992 2.5717
12.3741 0.280611 1920 2.70805
12.4055 0.268428 1968 2.59047
12.4398 0.264354 2004 2.55116
12.4691 0.265274 1920 2.56004
12.5021 0.252663 1952 2.43833
12.5336 0.265314 2304 2.56042
12.5696 0.279842 2118 2.70063
12.6001 0.249395 1848 2.4068
12.6298 0.262064 2064 2.52906
12.6656 0.244941 2352 2.36381
12.6997 0.259689 2184 2.50614
12.7271 0.253657 1896 2.44792
12.7606 0.2476 2472 2.38947
12.7965 0.249433 1944 2.40717
12.8269 0.248718 2088 2.40026
12.8578 0.257554 1968 2.48554
12.8928 0.246423 2250 2.37812
12.9243 0.246431 2472 2.37819
12.9622 0.237249 2832 2.28958
12.9935 0.237592 1776 2.2929
13.0248 0.240975 2496 2.32554
13.0599 0.231523 1856 2.23432
13.0924 0.231595 2472 2.23502
13.1278 0.236732 2928 2.28459
13.1613 0.227206 1752 2.19266
13.1941 0.244638 2166 2.36089
13.2228 0.231788 2448 2.23688
13.2609 0.233952 3048 2.25776
13.2985 0.241056 2352 2.32633
13.3341 0.229876 2340 2.21843
13.3669 0.236924 2856 2.28644
13.3981 0.241448 1872 2.3301
13.4328 0.228056 2856 2.20087
13.4672 0.221005 2208 2.13281
13.5027 0.228345 2622 2.20365
13.5372 0.213222 2712 2.05771
13.5706 0.235323 2520 2.271
13.6106 0.228033 3080 2.20064
13.6462 0.215164 2832 2.07645
13.6782 0.237524 2232 2.29224
13.7154 0.220909 3000 2.13189
13.7476 0.225387 1872 2.17511
13.782 0.224953 2916 2.17092
13.8177 0.221073 2910 2.13347
13.8563 0.217108 3144 2.09521
13.8883 0.219511 2376 2.1184
13.9269 0.211583 3096 2.04189
13.9621 0.224057 2880 2.16227
14.0013 0.217883 2904 2.10269
14.0349 0.205532 2520 1.98349
14.0695 0.208322 3360 2.01042
14.1111 0.220963 2712 2.13241
14.1423 0.213322 2798 2.05868
14.181 0.216902 3048 2.09322
14.2158 0.213334 2724 2.05879
14.2491 0.211279 3264 2.03896
14.2875 0.20379 3048 1.96669
14.3254 0.214745 3024 2.0724
14.3617 0.213821 3120 2.06349
14.4019 0.212053 3456 2.04643
14.4372 0.203772 2334 1.96651
14.472 0.218249 3264 2.10622
14.5088 0.211748 3456 2.04349
14.5462 0.209446 3312 2.02127
14.5799 0.204403 2616 1.9726
14.6203 0.209159 3792 2.0185
14.6599 0.206456 3180 1.99242
14.6973 0.210053 3248 2.02712
14.7343 0.208629 3312 2.01338
14.7747 0.201857 3606 1.94803
14.8116 0.192569 3456 1.85839
14.8465 0.192715 2688 1.85981
14.8883 0.197723 4152 1.90813
14.9273 0.198028 3600 1.91108
14.9656 0.190965 3432 1.84292
15.0056 0.198601 3624 1.91661
15.0456 0.20176 3384 1.94709
15.0848 0.187364 3582 1.80817
15.1203 0.189058 3276 1.82452
15.1572 0.190798 3696 1.8413
15.1966 0.194091 3888 1.87308
15.2357 0.188421 3608 1.81837
15.2769 0.195688 3768 1.8885
15.3164 0.183177 3720 1.76775
15.3575 0.186588 3984 1.80067
15.3971 0.180359 3438 1.74056
15.4322 0.195256 3696 1.88433
15.4717 0.180744 4104 1.74427
15.5131 0.190833 3792 1.84164
15.552 0.187096 3828 1.80558
15.5926 0.178375 4008 1.72142
15.6329 0.183387 4032 1.76978
15.6696 0.181867 3768 1.75511
15.714 0.181269 4206 1.74934
15.7514 0.181669 3456 1.7532
15.7915 0.169243 4568 1.63328
15.8322 0.181506 4272 1.75163
15.8721 0.180027 3960 1.73736
15.9156 0.175448 4584 1.69317
15.9588 0.176688 4416 1.70514
15.9995 0.172692 3252 1.66657
16.0387 0.173439 5166 1.67378
16.0805 0.167375 4272 1.61526
16.1203 0.17763 3984 1.71423
16.1623 0.170146 4608 1.642
16.206 0.173517 4584 1.67453
16.2476 0.167888 4752 1.62021
16.2926 0.166672 4152 1.60847
16.3308 0.167399 4454 1.61549
16.3706 0.167185 4272 1.61343
16.4105 0.172377 4416 1.66353
16.4572 0.163956 5484 1.58227
16.4971 0.172701 3984 1.66666
16.5399 0.162506 5232 1.56827
16.5854 0.16203 4752 1.56368
16.626 0.16212 4200 1.56455
16.6696 0.160583 5070 1.54971
16.7114 0.155785 4848 1.50341
16.7541 0.163734 5376 1.58012
16.7993 0.160831 4824 1.55211
16.8373 0.159617 3912 1.54039
16.8821 0.155865 5708 1.50418
16.9286 0.159245 5424 1.5368
16.9743 0.152578 5046 1.47246
17.0151 0.153121 4872 1.4777
17.0591 0.152974 5112 1.47628
17.1027 0.151544 5640 1.46248
17.1485 0.152649 4920 1.47314
17.1891 0.154603 5040 1.49201
17.2339 0.147377 5736 1.42227
17.2803 0.152856 4734 1.47515
17.3215 0.150522 5580 1.45262
17.3661 0.150031 5592 1.44788
17.4108 0.152716 5432 1.47379
17.4551 0.151948 5616 1.46638
17.5005 0.148182 5640 1.43004
17.5472 0.143854 5232 1.38827
17.5907 0.152382 5622 1.47057
17.6344 0.146447 6192 1.4133
17.6832 0.144407 5760 1.39361
17.727 0.142856 5616 1.37863
17.7706 0.14759 5316 1.42432
17.8179 0.14176 6696 1.36806
17.8659 0.139337 6000 1.34468
17.9128 0.144599 6030 1.39546
17.9594 0.137089 5624 1.32299
18.0036 0.143249 6288 1.38243
18.0498 0.142017 6432 1.37054
18.0972 0.132069 5856 1.27454
18.143 0.135986 6192 1.31234
18.1863 0.141542 5328 1.36595
18.2352 0.136514 7338 1.31743
18.2837 0.134034 6240 1.29351
18.3278 0.136871 6216 1.32088
18.3778 0.133715 7128 1.29042
18.4243 0.133064 5472 1.28414
18.47 0.132954 6984 1.28308
18.5178 0.134047 6422 1.29363
18.5668 0.133107 7176 1.28456
18.6134 0.131505 6312 1.26909
18.6623 0.134337 6756 1.29643
18.71 0.131774 7224 1.27169
18.7595 0.131136 7224 1.26553
18.8071 0.128018 5856 1.23544
18.8564 0.132805 7710 1.28164
18.9065 0.129752 7392 1.25218
18.9507 0.124067 5688 1.19732
18.9981 0.122627 8256 1.18342
19.051 0.120905 7040 1.1668
19.1004 0.128015 7044 1.23542
19.1475 0.125671 7062 1.21279
19.1943 0.125338 7368 1.20958
19.2465 0.12668 7776 1.22254
19.2965 0.122798 7872 1.18507
19.3469 0.125333 7032 1.20953
19.3974 0.126475 8136 1.22056
19.4426 0.119587 6384 1.15408
19.4935 0.122174 8286 1.17905
19.5444 0.12339 7692 1.19078
19.5944 0.123733 8072 1.1941
19.6434 0.117629 7584 1.13518
19.6937 0.120281 7992 1.16078
19.7458 0.117298 7944 1.13199
19.7992 0.114432 8646 1.10434
19.8493 0.116167 8232 1.12108
19.9018 0.120948 8472 1.16721
19.9524 0.118679 7560 1.14532
20.0013 0.114104 8220 1.10117
20.0525 0.116694 8616 1.12616
20.1063 0.114269 8622 1.10275
20.157 0.113592 8336 1.09623
20.2078 0.111578 8184 1.07679
20.2598 0.112587 9312 1.08653
20.3126 0.11465 8736 1.10644
20.3651 0.108703 8184 1.04905
20.4177 0.109758 9354 1.05922
20.4698 0.112826 8544 1.08883
20.5231 0.10938 9816 1.05558
20.576 0.109033 8712 1.05223
20.627 0.107834 8256 1.04066
20.6786 0.110003 9344 1.06159
20.7331 0.105773 9822 1.02077
20.7882 0.106971 9624 1.03233
20.8426 0.10728 9480 1.03531
20.8961 0.106619 9132 1.02893
20.9485 0.10806 9816 1.04284
20.9997 0.106887 8688 1.03152
21.0552 0.106058 10062 1.02352
21.1104 0.105341 10512 1.0166
21.1672 0.1027 10104 0.991111
21.2183 0.10371 8936 1.00085
21.2722 0.103991 10488 1.00357
21.3287 0.100178 9660 0.966769
21.3821 0.103746 10206 1.0012
21.4364 0.102436 10680 0.98856
21.4933 0.105204 10296 1.01528
21.5483 0.0999628 10224 0.964696
21.6033 0.101445 10656 0.978996
21.6589 0.102311 10134 0.987359
21.7146 0.101457 11496 0.979118
21.7745 0.0986055 10724 0.951596
21.8273 0.0985006 10656 0.950584
21.8816 0.0965206 10320 0.931477
21.94 0.100296 11592 0.967913
21.9988 0.0983492 11358 0.949123
22.054 0.0957997 10632 0.924519
22.1087 0.0958372 11640 0.924881
22.1666 0.0977216 10920 0.943067
22.2221 0.0963675 11004 0.929999
22.2772 0.093511 11262 0.902433
22.3371 0.0959476 12440 0.925947
22.3946 0.0933656 11712 0.901029
22.4502 0.0918848 10512 0.886739
22.5085 0.0948882 13632 0.915723
22.5697 0.0928701 11496 0.896247
22.6258 0.0925813 11022 0.89346
22.6838 0.0926455 13500 0.894079
22.7451 0.0927572 12624 0.895158
22.8008 0.0908636 11040 0.876883
22.8586 0.091437 12488 0.882417
22.9186 0.089534 12774 0.864052
22.9762 0.089617 12720 0.864853
23.0377 0.0882497 13320 0.851658
23.0988 0.0890119 13044 0.859014
23.1576 0.0905202 12552 0.873569
23.2162 0.0869649 12672 0.839258
23.275 0.0883712 13398 0.852831
23.3369 0.0867853 13200 0.837525
23.3935 0.0880785 12968 0.850005
23.4545 0.0866696 13632 0.836409
23.5125 0.0859839 12408 0.829791
23.5748 0.0852543 14562 0.82275
23.6353 0.0854087 13944 0.82424
23.6958 0.0843435 13704 0.813961
23.7592 0.0862866 14256 0.832713
23.8166 0.0844408 12936 0.8149
23.8778 0.0843072 14526 0.81361
23.9404 0.0816176 14864 0.787654
24.0043 0.0832173 14724 0.803092
24.0649 0.0832335 14136 0.803248
24.1248 0.0816011 13776 0.787495
24.1875 0.0816493 15366 0.78796
24.2503 0.0836451 14880 0.807221
24.3119 0.081573 14736 0.787224
24.3743 0.0803907 15576 0.775814
24.4392 0.079011 14892 0.762499
24.5001 0.0803959 14774 0.775864
24.5622 0.0795212 16128 0.767423
24.6263 0.0791334 14928 0.76368
24.6879 0.0789503 15672 0.761913
24.7527 0.0766421 16176 0.739638
24.8164 0.0770673 15486 0.743742
24.8796 0.0793603 15780 0.76587
24.9442 0.0767702 17712 0.740874
25.0107 0.0757987 15272 0.731499
25.0724 0.074733 16392 0.721214
25.1394 0.076035 17070 0.733779
25.2035 0.0744056 16824 0.718055
25.2688 0.074491 16608 0.718879
25.3326 0.0752993 16644 0.72668
25.3969 0.0752433 16512 0.726139
25.4633 0.0739777 18366 0.713925
25.5297 0.0749823 16368 0.72362
25.5949 0.0735103 18752 0.709415
25.6601 0.0731137 16080 0.705587
25.7231 0.0733505 16920 0.707872
25.7904 0.07274 19074 0.70198
25.8577 0.0712951 18168 0.688037
25.9252 0.0713262 18432 0.688337
25.9924 0.0725246 17856 0.699902
26.0586 0.0717673 18414 0.692594
26.1268 0.0712418 19280 0.687522
26.195 0.0696066 18828 0.671741
26.2596 0.0694057 17256 0.669803
26.3249 0.0687757 19392 0.663723
26.3952 0.0700416 19446 0.67594
26.4628 0.0686701 19272 0.662704
26.5322 0.0688929 20592 0.664854
26.6014 0.0684907 19008 0.660973
26.6684 0.068787 18500 0.663832
26.7356 0.0686486 21246 0.662496
26.8047 0.0688379 18696 0.664323
26.8729 0.0672188 21240 0.648698
26.945 0.0667061 21048 0.64375
27.0152 0.0667888 20022 0.644549
27.0829 0.0651518 20124 0.62875
27.1495 0.0653431 20280 0.630597
27.2209 0.0650331 22232 0.627605
27.2926 0.064334 20376 0.620858
27.3615 0.0639858 21390 0.617498
27.4318 0.0636436 21960 0.614196
27.5002 0.0638576 20040 0.61626
27.5719 0.063635 23268 0.614113
27.6439 0.0629152 21510 0.607166
27.715 0.0628432 22608 0.606472
27.7861 0.0633425 21896 0.61129
27.8576 0.0616443 23304 0.594901
27.9287 0.0610318 20838 0.58899
27.9986 0.0621206 23556 0.599498
28.0714 0.060782 23184 0.58658
28.1449 0.0608266 24168 0.58701
28.2185 0.0611412 22272 0.590045
28.29 0.0613673 24374 0.592228
28.3629 0.0613117 23328 0.591692
28.4352 0.0602596 23844 0.581538
28.5081 0.0611517 24096 0.590147
28.5827 0.0595345 24942 0.57454
28.6568 0.0595328 24120 0.574524
28.7292 0.0588226 25008 0.56767
28.8041 0.0587502 24776 0.566971
28.8793 0.0599495 25266 0.578545
28.9524 0.0582866 24960 0.562498
29.0269 0.0574521 26184 0.554444
29.103 0.0580786 25032 0.56049
29.1757 0.0579133 25392 0.558895
29.251 0.0561313 26526 0.541698
29.3255 0.0567965 25548 0.548117
29.4021 0.0571556 28256 0.551583
29.4795 0.0566589 25680 0.546789
29.5542 0.0562492 26526 0.542836
29.6293 0.0565454 27600 0.545694
29.7043 0.0558155 26328 0.53865
29.7817 0.055498 27996 0.535586
29.8574 0.0560321 27246 0.54074
29.9347 0.0553946 28664 0.534588
30.0127 0.0547096 28320 0.527978
30.089 0.0544852 27408 0.525812
30.1652 0.053599 28254 0.517259
30.2438 0.0543325 30012 0.524339
30.3223 0.0537734 29040 0.518942
30.4007 0.0538271 28824 0.519461
30.4792 0.0526767 29654 0.508359
30.556 0.053057 29640 0.512029
30.6357 0.0531213 29988 0.51265
30.7145 0.0519034 30672 0.500896
30.7945 0.0520441 29814 0.502253
30.8718 0.0517918 30000 0.499819
30.9495 0.0516376 31056 0.498331
31.0305 0.050771 31208 0.489968
31.1105 0.0511263 31194 0.493397
31.1917 0.0509324 33096 0.491526
31.2716 0.0512375 30480 0.49447
31.3505 0.0503942 31488 0.486331
31.4315 0.0502443 33222 0.484885
31.5119 0.0498628 31476 0.481203
31.5932 0.0497263 34400 0.479886
31.6747 0.0493598 31992 0.476349
31.756 0.0488862 32958 0.471778
31.8369 0.0482879 34728 0.466004
31.9214 0.0490758 34368 0.473609
32.0022 0.0486325 32268 0.46933
32.0837 0.0476008 35822 0.459374
32.1676 0.0482519 34512 0.465658
32.2483 0.0475272 33384 0.458664
32.331 0.0470979 36126 0.45452
32.4146 0.0469338 34788 0.452937
32.4973 0.0470677 36576 0.454229
32.5819 0.04679 35664 0.451549
32.6656 0.0464186 35846 0.447965
32.7487 0.04621 37200 0.445952
32.8335 0.0466197 36456 0.449906
32.9169 0.0455852 36804 0.439922
33.0026 0.0459841 37902 0.443772
33.0877 0.0457357 37944 0.441374
33.174 0.0452336 38936 0.436529
33.2581 0.0460732 36192 0.444632
33.3424 0.0454007 38898 0.438141
33.4279 0.0450813 39456 0.435059
33.515 0.0446226 39216 0.430632
33.6037 0.0444064 41214 0.428546
33.689 0.0443558 37704 0.428057
33.774 0.0442318 40772 0.426861
33.8615 0.0439041 40056 0.423698
33.9478 0.0440324 40014 0.424937
34.0351 0.0433852 42168 0.418691
34.124 0.0428639 41712 0.41366
34.2119 0.0429465 40818 0.414457
34.2993 0.0428273 42920 0.413307
34.3882 0.0430095 41976 0.415065
34.4753 0.042369 41424 0.408884
34.5632 0.042212 43590 0.407369
34.6539 0.0420682 44244 0.405981
34.7436 0.0420112 44256 0.405431
34.8317 0.0416456 40982 0.401903
34.9193 0.0417417 45816 0.402831
35.0108 0.0409236 45360 0.394935
35.1021 0.040554 44988 0.391369
35.1914 0.0409372 44526 0.395066
35.2811 0.04114 45768 0.397023
35.3715 0.0410634 45968 0.396284
35.462 0.0405835 46038 0.391653
35.5548 0.0405559 47844 0.391387
35.6465 0.0401325 47736 0.3873
35.7382 0.0399166 46152 0.385217
35.8287 0.0391658 47694 0.377971
35.9205 0.0393864 48464 0.3801
36.0138 0.0392901 49404 0.379171
36.1075 0.0388214 49086 0.374648
36.2003 0.0390174 49080 0.376539
36.2923 0.0388617 49632 0.375036
36.3853 0.0388231 49092 0.374664
36.4786 0.0382023 51494 0.368673
36.5735 0.0379495 51792 0.366234
36.6689 0.0384573 50880 0.371134
36.7611 0.0373317 50430 0.360272
36.8562 0.0374052 53892 0.360981
36.9524 0.0370026 52704 0.357095
37.0461 0.0373163 50534 0.360123
37.1396 0.0369508 54072 0.356596
37.235 0.0365736 53448 0.352955
37.3324 0.0370266 55284 0.357327
37.4296 0.0360585 55422 0.347984
37.5251 0.035979 53096 0.347217
37.6202 0.0358718 56184 0.346182
37.7181 0.0356603 55530 0.344141
37.8148 0.0354305 56952 0.341924
37.9117 0.0354474 55728 0.342087
38.0096 0.0352387 57894 0.340072
38.1077 0.035311 58088 0.34077
38.2064 0.0353843 57996 0.341478
38.3036 0.0348261 57222 0.336091
38.4004 0.0349543 58368 0.337328
38.4998 0.0343531 61080 0.331526
38.6002 0.0345061 59006 0.333003
38.6989 0.034395 61044 0.33193
38.7988 0.0341051 61128 0.329133
38.8984 0.033855 59616 0.326719
38.9979 0.0335491 63222 0.323767
39.0985 0.0332336 61044 0.320722
39.1981 0.0333429 62816 0.321777
39.2989 0.033006 62526 0.318526
39.3992 0.0331031 64416 0.319463
39.501 0.0327242 63156 0.315806
39.6035 0.0326273 66798 0.314871
39.7059 0.0322761 64448 0.311482
39.8075 0.0323369 65424 0.312069
39.9098 0.0321286 65694 0.310058
40.0124 0.0321459 67452 0.310226
40.1149 0.0319323 66528 0.308164
40.2191 0.0315214 68462 0.304198
40.3222 0.0314211 68400 0.303231
40.4256 0.0313914 67236 0.302944
40.53 0.0310184 71910 0.299344
40.6363 0.0310586 69744 0.299733
40.7386 0.0311599 68088 0.30071
40.8419 0.0307102 70250 0.29637
40.9466 0.0303653 72744 0.293041
41.053 0.0307314 71928 0.296574
41.159 0.0305118 72534 0.294456
41.2646 0.0299801 73560 0.289324
41.3712 0.0298505 73988 0.288074
41.4772 0.0301453 73062 0.290918
41.5831 0.0296824 75336 0.286451
41.6906 0.0295085 75648 0.284773
41.7987 0.0293406 76458 0.283153
41.906 0.028931 76904 0.2792
42.0139 0.029236 76368 0.282144
42.1216 0.0288344 78222 0.278268
42.2297 0.0289825 77940 0.279697
42.3371 0.0287221 77832 0.277184
42.4472 0.0286985 81494 0.276956
42.5562 0.0285832 79440 0.275844
42.6659 0.0286239 80940 0.276236
42.7753 0.0282408 81390 0.27254
42.8856 0.0279443 82848 0.269678
42.996 0.0280143 81806 0.270353
43.1072 0.0276121 85044 0.266472
43.2176 0.0276672 82608 0.267003
43.3292 0.0277191 85470 0.267505
43.4392 0.0273603 83400 0.264042
43.5506 0.0275406 86876 0.265782
43.6633 0.0269788 87198 0.26036
43.7751 0.0269104 85608 0.2597
43.8881 0.0270445 91104 0.260994
44.0026 0.0268442 86946 0.259061
44.1136 0.0267231 88808 0.257893
44.2274 0.0265126 90360 0.255861
44.3405 0.0263678 89958 0.254464
44.4551 0.0262921 92916 0.253733
44.5696 0.0264501 91046 0.255258
44.6839 0.0260107 93384 0.251018
44.7984 0.0260287 92880 0.251191
44.9142 0.0259991 95082 0.250906
45.0292 0.0258106 94464 0.249086
45.1451 0.0256651 95792 0.247682
45.2606 0.0255181 95370 0.246264
45.3774 0.0253842 99624 0.244972
45.4939 0.0252261 94824 0.243445
45.6102 0.0251236 101094 0.242456
45.7283 0.0249565 98756 0.240844
45.8464 0.0250868 101550 0.242102
45.9653 0.024552 101520 0.236941
46.083 0.0245427 101088 0.23685
46.201 0.0244401 101618 0.23586
46.3191 0.0242154 104568 0.233692
46.4392 0.0240415 103566 0.232014
46.5579 0.0240842 105168 0.232426
46.6782 0.0240719 106692 0.232307
46.7986 0.0238802 106046 0.230457
46.9191 0.0236362 108960 0.228102
47.0397 0.0236297 106548 0.228039
47.1601 0.0235651 109806 0.227417
47.281 0.0234871 109328 0.226663
47.4019 0.0233242 109854 0.225091
47.524 0.0231157 112884 0.223079
47.6471 0.0231512 113832 0.223422
47.7703 0.0229726 112518 0.221698
47.8919 0.0229303 113624 0.22129
48.0151 0.0229311 115434 0.221298
48.1378 0.0225373 115056 0.217497
48.2625 0.0224642 119808 0.216792
48.388 0.0223178 116786 0.215379
48.5109 0.0221003 118488 0.21328
48.6355 0.0219185 118398 0.211526
48.7605 0.0219737 122640 0.212059
48.8868 0.0217455 121620 0.209856
49.0127 0.0215223 122126 0.207702
49.1384 0.0214444 123888 0.20695
49.2648 0.0213959 123714 0.206482
49.3907 0.0214544 125088 0.207047
49.5181 0.0212295 127424 0.204876
49.6456 0.0212569 126222 0.205141
49.7726 0.021107 128676 0.203694
49.9009 0.0209034 129126 0.201729
50.0299 0.0208234 132056 0.200957
50.1588 0.0207584 130308 0.20033
50.2871 0.0205642 131814 0.198456
50.4164 0.0205796 133728 0.198604
50.5457 0.0204955 133574 0.197793
50.6763 0.0203848 137772 0.196724
50.806 0.0203276 132888 0.196172
50.9364 0.0200882 140166 0.193862
51.0677 0.0199376 137484 0.192409
51.199 0.0200797 140270 0.19378
51.33 0.019939 138696 0.192422
51.4617 0.0199213 143286 0.192252
51.5948 0.0197474 143436 0.190573
51.728 0.0196473 144680 0.189607
51.8612 0.0194761 144654 0.187955
51.9944 0.0193173 146772 0.186422
52.1276 0.0192413 145710 0.185689
52.2609 0.0192258 148880 0.18554
52.3956 0.0190661 149556 0.183999
52.5302 0.018968 151326 0.183051
52.6653 0.0189735 151704 0.183105
52.8005 0.0188916 152342 0.182314
52.9367 0.0186798 156876 0.18027
53.0737 0.018652 154398 0.180002
53.2091 0.0184865 156744 0.178405
53.3461 0.0183088 157274 0.17669
53.4833 0.0183183 160416 0.176781
53.6213 0.0182997 161016 0.176602
53.7601 0.0181449 162258 0.175108
53.8972 0.0180524 160880 0.174215
54.0355 0.0180876 164310 0.174555
54.1742 0.017882 165780 0.172571
54.3141 0.0177993 167454 0.171773
54.4533 0.0176953 166520 0.170769
54.5929 0.0175779 169290 0.169636
54.7333 0.0176109 171552 0.169955
54.8742 0.0174297 171120 0.168206
55.0156 0.0173842 174734 0.167767
55.1569 0.0173473 173628 0.167411
55.2995 0.0171548 177438 0.165553
55.4406 0.0172865 174728 0.166824
55.5832 0.0170192 180474 0.164244
55.7266 0.0170536 179904 0.164577
55.8696 0.0169818 180726 0.163884
56.0132 0.0168108 183932 0.162234
56.1569 0.016746 182328 0.161608
56.3011 0.0166304 187350 0.160493
56.4471 0.0165649 188676 0.15986
56.5927 0.0165322 187766 0.159545
56.7371 0.0164557 189408 0.158807
56.8838 0.0163758 192594 0.158036
57.0301 0.0162792 193632 0.157104
57.1771 0.0161444 194030 0.155803
57.3236 0.0160357 195852 0.154753
57.4711 0.0160344 197070 0.154741
57.618 0.0159576 198416 0.153999
57.7665 0.0159898 201018 0.15431
57.9147 0.0158996 201744 0.15344
58.0633 0.0158344 202806 0.15281
58.2129 0.0157183 207212 0.15169
58.3628 0.0156454 205614 0.150987
58.5129 0.0155035 210096 0.149617
58.6636 0.0155151 208812 0.149729
58.8139 0.0153002 211502 0.147656
58.965 0.0152966 213912 0.147621
59.1179 0.0152976 217362 0.14763
59.2701 0.0151826 215360 0.14652
59.4221 0.015048 218526 0.145221
59.5747 0.0150557 219300 0.145296
59.7282 0.0149116 222726 0.143905
59.8809 0.0149563 221480 0.144337
60.0349 0.0147377 225978 0.142227
60.1888 0.0148067 225192 0.142893
60.3444 0.0146636 232382 0.141512
60.4997 0.0145717 228348 0.140625
60.6552 0.014486 232974 0.139797
60.8106 0.0145427 232524 0.140345
60.9674 0.0143932 238310 0.138902
61.1244 0.0142695 236064 0.137709
61.2815 0.0143126 240498 0.138124
61.4388 0.0142405 240536 0.137429
61.5968 0.0141523 243174 0.136577
61.7548 0.0141718 244452 0.136766
61.9144 0.0140371 249678 0.135465
62.0739 0.0139539 248432 0.134663
62.234 0.0138431 251682 0.133593
62.3932 0.0138826 250032 0.133974
62.5527 0.0137148 254126 0.132355
62.7132 0.0136334 256788 0.13157
62.8757 0.0135345 261654 0.130616
63.0381 0.0134791 260676 0.13008
63.1996 0.0133769 260846 0.129094
63.3622 0.0133615 267240 0.128945
63.5255 0.0133509 264810 0.128843
63.6877 0.0132716 267560 0.128078
63.8519 0.0131602 273894 0.127003
64.0167 0.0130509 271554 0.125948
64.1806 0.0130234 274616 0.125683
64.3453 0.0129079 276426 0.124568
64.5106 0.0127917 280896 0.123447
64.6769 0.0127647 280286 0.123186
64.843 0.0127316 284748 0.122867
65.0109 0.0127571 288774 0.123113
65.1777 0.0126521 285264 0.1221
65.3455 0.0125459 292730 0.121075
65.5132 0.0124943 289776 0.120577
65.6811 0.0124682 295314 0.120325
65.8496 0.0124214 296288 0.119874
66.0197 0.0123137 302190 0.118834
66.1897 0.0122507 300564 0.118226
66.3601 0.012166 305702 0.117409
66.5303 0.0120884 303510 0.11666
66.7004 0.012026 308652 0.116057
66.873 0.0119769 314558 0.115583
67.0452 0.0118925 311988 0.114769
67.2167 0.0118829 314166 0.114676
67.3893 0.0118204 319856 0.114073
67.5627 0.0117323 319770 0.113223
67.736 0.0116394 323448 0.112327
67.9099 0.0116691 324522 0.112613
68.0843 0.0115857 329726 0.111808
68.2601 0.0114962 332016 0.110945
68.4362 0.011434 334626 0.110344
68.612 0.0113924 335168 0.109943
68.7884 0.0113161 338658 0.109207
68.9655 0.0113449 343800 0.109485
69.1432 0.0112315 342110 0.10839
69.3207 0.0111602 347556 0.107702
69.4995 0.0111574 350334 0.107675
69.6777 0.0111031 349538 0.107151
69.8564 0.0110775 355776 0.106904
70.0364 0.0109391 357534 0.105569
70.2163 0.0108922 360068 0.105116
70.3968 0.0108708 362454 0.104909
70.5773 0.0107763 365028 0.103997
70.7588 0.0107072 369782 0.10333
70.9406 0.0107074 369918 0.103333
71.1227 0.0106407 374796 0.102689
71.3065 0.0106333 379982 0.102618
71.4899 0.0106141 378780 0.102432
71.6738 0.0105337 384414 0.101656
71.8578 0.0104948 383942 0.10128
72.0427 0.0104377 392340 0.10073
72.2278 0.0103682 387750 0.100059
72.4132 0.0103348 398828 0.0997367
72.5999 0.0102964 396150 0.0993654
72.7859 0.0101086 401364 0.0975531
72.9733 0.0101035 405398 0.0975047
73.1618 0.0100749 409662 0.0972282
73.3494 0.0100208 407364 0.0967064
73.5378 0.00994471 414878 0.0959719
73.7266 0.00990302 415908 0.0955695
73.9161 0.00983187 421094 0.0948829
74.1066 0.00981934 424146 0.0947619
74.2971 0.0097387 426792 0.0939838
74.4885 0.00969276 431078 0.0935405
74.6798 0.00967433 431538 0.0933625
74.8715 0.00962248 438096 0.0928621
75.0646 0.00955017 440258 0.0921643
75.2577 0.00949763 444936 0.0916573
75.4513 0.00945605 445530 0.091256
75.645 0.00942295 451022 0.0909366
75.8399 0.00937662 455808 0.0904895
76.0354 0.00930948 457122 0.0898416
76.2304 0.00928119 459488 0.0895686
76.4264 0.00922685 466050 0.0890441
76.6232 0.00917633 467550 0.0885566
76.8199 0.00913557 471692 0.0881632
77.0177 0.00911131 476262 0.0879291
77.2151 0.00907561 475634 0.0875846
77.4132 0.00902035 484896 0.0870513
77.6125 0.00897014 484782 0.0865667
77.8115 0.00892772 489914 0.0861574
78.0117 0.00888248 495264 0.0857208
78.2131 0.00884248 500082 0.0853348
78.4143 0.00876629 500456 0.0845995
78.6159 0.0087393 506682 0.084339
78.8177 0.00872754 507134 0.0842256
79.0203 0.00863641 516012 0.0833461
79.2243 0.00859033 518838 0.0829014
79.4272 0.0085544 515978 0.0825546
79.6311 0.00853328 530376 0.0823508
79.8371 0.00847473 529734 0.0817857
80.0421 0.0084171 532778 0.0812296
80.2477 0.00843067 537816 0.0813606
80.4541 0.00833965 541322 0.0804822
80.6607 0.00832538 546414 0.0803444
80.8685 0.0082838 551916 0.0799431
81.0764 0.00820776 553094 0.0792094
81.2845 0.00821224 558474 0.0792526
81.4935 0.00817679 564552 0.0789104
81.7033 0.00811636 566498 0.0783273
81.913 0.00806813 571878 0.0778618
82.1239 0.00800768 577724 0.0772784
82.3355 0.00797732 582438 0.0769855
82.5465 0.00793459 579690 0.0765731
82.758 0.00792157 592112 0.0764475
82.9721 0.00787355 598134 0.0759841
83.1855 0.00781378 596618 0.0754072
83.3989 0.00774878 603792 0.0747799
83.6131 0.00774711 606738 0.0747639
83.8282 0.00772097 614870 0.0745116
84.044 0.00765749 617940 0.0738989
84.2603 0.00762124 623510 0.0735492
84.477 0.00759072 626322 0.0732546
84.6934 0.00754353 629328 0.0727992
84.911 0.00751194 639050 0.0724944
85.1297 0.00749589 641766 0.0723394
85.3485 0.00742381 647306 0.0716438
85.5682 0.00741563 653112 0.0715649
85.7884 0.0073847 656874 0.0712664
86.0089 0.00735801 662126 0.0710088
86.2299 0.00730087 666780 0.0704574
86.4514 0.00727418 670934 0.0701998
86.6737 0.00724736 679698 0.0699409
86.8964 0.00718788 680064 0.0693669
87.12 0.00713988 691682 0.0689037
87.3448 0.00711111 694686 0.0686261
87.569 0.0070676 695450 0.0682062
87.7937 0.00701328 705840 0.0676819
88.0203 0.00703259 712314 0.0678683
88.2462 0.0069892 710150 0.0674496
88.4726 0.00695423 723276 0.0671121
88.7001 0.00689364 723230 0.0665274
88.9284 0.00686652 736218 0.0662657
89.1579 0.00683786 738662 0.065989
89.3867 0.00679337 740364 0.0655598
89.6161 0.0067807 748398 0.0654374
89.8463 0.00672025 753290 0.0648541
90.0772 0.00670034 762138 0.064662
90.3085 0.00663861 763784 0.0640662
90.5413 0.00663153 778170 0.0639979
90.7746 0.00657735 776006 0.063475
91.0075 0.0065447 783738 0.0631599
91.2418 0.00652928 794256 0.0630111
91.4765 0.00650367 792962 0.062764
91.7111 0.0064329 801846 0.062081
91.9473 0.00642419 813170 0.0619969
92.1839 0.00637592 812880 0.0615311
92.4211 0.00635927 824282 0.0613704
92.6591 0.00632944 827622 0.0610825
92.8972 0.00631429 834186 0.0609363
93.1361 0.0062503 841472 0.0603188
93.375 0.00623162 841890 0.0601385
93.6147 0.00619607 856262 0.0597954
93.8558 0.00616195 861042 0.0594662
94.0972 0.0061241 867476 0.0591009
94.3397 0.00609537 877470 0.0588236
94.5823 0.00606749 876842 0.0585545
94.8248 0.00602054 886686 0.0581015
95.0688 0.00599602 896130 0.0578648
95.3133 0.00599161 899528 0.0578223
95.5582 0.00594781 908634 0.0573996
95.804 0.00590994 915134 0.0570342
96.0501 0.00588843 920034 0.0568266
96.2972 0.0058746 933212 0.0566931
96.545 0.00585317 933582 0.0564863
96.7929 0.00582745 944786 0.056238
97.0421 0.00578448 952422 0.0558233
97.2918 0.00574786 958850 0.05547
97.5418 0.00571428 964152 0.0551459
97.7929 0.00568616 977106 0.0548745
98.0448 0.00566649 980390 0.0546847
98.2967 0.00561993 987162 0.0542354
98.5494 0.00561748 997082 0.0542117
98.803 0.00557979 1005240 0.053848
99.0568 0.00553533 1008218 0.053419
99.3112 0.00550476 1020270 0.0531239
99.567 0.0054724 1029386 0.0528116
99.8227 0.00546552 1030422 0.0527452
100.079 0.00544845 1048556 0.0525805
100.337 0.00542149 1044762 0.0523203
100.594 0.00538916 1061342 0.0520083
100.853 0.00536479 1066122 0.0517732
101.112 0.0053379 1080278 0.0515137
101.372 0.00531375 1080882 0.0512806
101.633 0.00527605 1095860 0.0509168
101.895 0.00524269 1101246 0.0505948
102.156 0.00523218 1105722 0.0504934
102.419 0.00519914 1122854 0.0501746
102.683 0.00516205 1122522 0.0498166
102.946 0.00514858 1135754 0.0496866
103.211 0.00510555 1146096 0.0492713
103.476 0.00508696 1150154 0.0490919
103.743 0.00506176 1165614 0.0488487
104.01 0.00504928 1169954 0.0487283
104.276 0.00501543 1174794 0.0484016
104.544 0.00499169 1188782 0.0481725
104.813 0.00496262 1202250 0.0478919
105.083 0.00493423 1207520 0.047618
105.354 0.00490548 1221258 0.0473406
105.624 0.00488182 1222682 0.0471122
105.896 0.00484992 1236822 0.0468044
106.168 0.00483261 1245962 0.0466374
106.441 0.00481151 1251582 0.0464337
106.714 0.00479376 1263914 0.0462624
106.989 0.00476069 1277892 0.0459432
107.264 0.00474971 1287302 0.0458373
107.541 0.00471773 1295394 0.0455286
107.817 0.00469157 1300334 0.0452762
108.094 0.00466146 1315458 0.0449856
108.372 0.00463799 1325810 0.0447592
108.651 0.00462215 1334190 0.0446063
108.93 0.0045984 1343954 0.044377
109.21 0.00456966 1357794 0.0440997
109.491 0.00455089 1363328 0.0439185
109.771 0.00452516 1371210 0.0436703
110.054 0.00450949 1394666 0.043519
110.338 0.00448207 1396910 0.0432545
110.621 0.00445458 1410546 0.0429892
110.906 0.00444475 1416590 0.0428942
111.19 0.00441303 1429794 0.0425881
111.477 0.00439676 1449338 0.0424311
111.764 0.00436656 1451382 0.0421397
112.051 0.0043491 1459178 0.0419712
112.338 0.00432839 1474866 0.0417713
112.627 0.0043096 1486952 0.04159
112.917 0.00428857 1500402 0.041387
113.208 0.00426002 1512098 0.0411115
113.499 0.00424333 1521486 0.0409504
113.791 0.00421069 1531346 0.0406354
114.083 0.00418929 1544826 0.0404289
114.376 0.0041731 1556654 0.0402727
114.67 0.00415367 1570562 0.0400852
114.965 0.00412591 1579914 0.0398173
115.261 0.0041081 1598798 0.0396454
115.558 0.00408023 1603074 0.0393764
115.855 0.00406922 1620794 0.0392702
116.153 0.00404441 1631262 0.0390307
116.451 0.00401639 1639754 0.0387604
116.751 0.00398954 1658106 0.0385012
117.051 0.00397588 1667510 0.0383694
117.351 0.00395934 1679754 0.0382098
117.653 0.00393269 1698164 0.0379526
117.956 0.00391578 1707206 0.0377894
118.259 0.00389461 1717866 0.0375851
118.563 0.00388066 1737602 0.0374505
118.868 0.00385608 1745166 0.0372133
119.174 0.00384295 1768226 0.0370865
119.48 0.00382191 1771986 0.0368835
119.788 0.00379822 1789838 0.0366549
120.096 0.00377589 1802874 0.0364394
120.404 0.00376186 1814282 0.036304
120.714 0.00374564 1834154 0.0361474
121.024 0.00371961 1843710 0.0358962
121.336 0.00371072 1859306 0.0358104
121.647 0.00369456 1870050 0.0356546
121.96 0.00367081 1891334 0.0354253
122.274 0.00365193 1898490 0.0352431
122.588 0.00363153 1921898 0.0350463
122.903 0.00360861 1926590 0.0348251
123.219 0.00358984 1950426 0.0346439
123.536 0.00357474 1966178 0.0344982
123.854 0.00355716 1973922 0.0343285
124.172 0.00354156 1991942 0.034178
124.492 0.00351399 2008394 0.033912
124.811 0.00349931 2021802 0.0337703
125.132 0.00348528 2039858 0.0336348
125.454 0.00346533 2057670 0.0334424
125.777 0.00345 2069354 0.0332944
126.1 0.00344211 2086922 0.0332183
126.424 0.00342355 2101206 0.0330392
126.75 0.0033966 2122514 0.032779
127.076 0.00338596 2133600 0.0326764
127.402 0.0033657 2148026 0.0324808
127.73 0.00335242 2177030 0.0323527
128.059 0.00333823 2183874 0.0322157
128.387 0.00331792 2194802 0.0320197
128.717 0.00329506 2228706 0.0317992
129.049 0.00328366 2238902 0.0316891
129.381 0.00326707 2249906 0.031529
129.713 0.00325145 2273034 0.0313783
130.047 0.00323479 2286386 0.0312175
130.381 0.00321834 2303982 0.0310588
130.716 0.00320061 2326394 0.0308876
131.052 0.00318308 2342522 0.0307184
131.389 0.00316401 2361450 0.0305344
131.727 0.00314997 2375606 0.0303989
132.066 0.00313511 2398010 0.0302556
132.405 0.00312242 2411016 0.0301331
132.746 0.00310137 2442266 0.0299299
133.087 0.0030873 2449086 0.0297941
133.429 0.00306905 2476418 0.029618
133.772 0.00305354 2484818 0.0294683
134.116 0.00304346 2516802 0.0293711
134.461 0.00303195 2530442 0.02926
134.807 0.00301346 2554382 0.0290815
135.154 0.0029947 2565978 0.0289004
135.502 0.00298476 2590778 0.0288046
135.85 0.00296497 2606874 0.0286135
136.199 0.00294818 2631164 0.0284516
136.549 0.00293548 2649554 0.028329
136.9 0.00291894 2666754 0.0281693
137.252 0.00290139 2693714 0.028
137.606 0.00288419 2715650 0.027834
137.959 0.00287139 2725038 0.0277105
138.313 0.00285512 2755226 0.0275535
138.669 0.00284398 2773802 0.0274459
139.026 0.00282799 2798760 0.0272917
139.383 0.00281189 2820002 0.0271363
139.742 0.00279442 2837054 0.0269677
140.101 0.0027829 2870922 0.0268565
140.462 0.00277292 2881346 0.0267602
140.823 0.00275778 2902394 0.0266141
141.185 0.00273671 2928498 0.0264107
141.547 0.00273105 2947664 0.0263561
141.911 0.00271941 2979758 0.0262438
142.277 0.0027058 2998434 0.0261124
142.643 0.00268739 3024578 0.0259347
143.01 0.00267199 3043514 0.0257862
143.377 0.00266018 3061818 0.0256722
143.746 0.00264182 3091868 0.025495
144.115 0.00262673 3114722 0.0253494
144.486 0.0026137 3143634 0.0252237
144.857 0.0026029 3160586 0.0251194
145.23 0.00258646 3184658 0.0249607
145.603 0.00257722 3222000 0.0248716
145.978 0.00256455 3231974 0.0247493
146.353 0.00254798 3262802 0.0245894
146.729 0.00253244 3286002 0.0244395
147.106 0.00252416 3312602 0.0243596
147.485 0.00251442 3337568 0.0242655
147.864 0.00250029 3366362 0.0241291
148.244 0.00248663 3396018 0.0239974
148.625 0.00247204 3408926 0.0238566
149.007 0.00246223 3444482 0.0237619
149.39 0.00244889 3467784 0.0236331
149.774 0.00243563 3498770 0.0235051
150.16 0.002425 3524282 0.0234025
150.546 0.00241317 3548354 0.0232884
150.933 0.00240179 3580968 0.0231786
151.321 0.00238876 3607658 0.0230529
151.71 0.00237259 3634646 0.0228967
152.1 0.00236374 3660666 0.0228114
152.491 0.00234857 3689696 0.022665
152.884 0.00233819 3722978 0.0225648
153.277 0.00232866 3749090 0.0224729
153.671 0.00231321 3773754 0.0223238
154.066 0.00230924 3805976 0.0222854
154.462 0.0022943 3833522 0.0221413
154.859 0.00228274 3862434 0.0220296
155.257 0.00227002 3903374 0.021907
155.657 0.00225941 3917240 0.0218045
156.057 0.0022444 3961082 0.0216597
156.458 0.0022374 3985818 0.0215922
156.861 0.00222423 4017122 0.021465
157.264 0.0022117 4050344 0.0213441
157.668 0.00220226 4079402 0.021253
158.073 0.00219134 4102290 0.0211476
158.48 0.00218125 4147256 0.0210503
158.887 0.00216924 4173074 0.0209344
159.296 0.00215671 4204082 0.0208135
159.705 0.00215007 4241100 0.0207494
160.116 0.00213461 4268354 0.0206002
160.528 0.00212719 4310354 0.0205285
160.94 0.00211377 4336802 0.020399
161.354 0.00210774 4373568 0.0203408
161.769 0.00209392 4401866 0.0202075
162.185 0.00208515 4440074 0.0201229
162.602 0.00207064 4476560 0.0199828
163.02 0.00206198 4509378 0.0198993
163.44 0.00205176 4546658 0.0198006
163.86 0.00203797 4583720 0.0196675
164.282 0.00203062 4613090 0.0195966
164.704 0.00201413 4650386 0.0194375
165.127 0.00200706 4686120 0.0193693
165.552 0.00199755 4713410 0.0192775
165.977 0.00198924 4757864 0.0191972
166.404 0.00197442 4793786 0.0190542
166.832 0.00196725 4840422 0.018985
167.261 0.00195439 4868024 0.018861
167.691 0.00194478 4904978 0.0187682
168.122 0.0019373 4946690 0.018696
168.554 0.00192367 4985120 0.0185644
168.988 0.00191677 5023338 0.0184979
169.423 0.00190658 5067146 0.0183996
169.858 0.00189578 5094296 0.0182953
170.295 0.00188351 5139554 0.0181769
170.733 0.00187317 5182520 0.0180771
171.172 0.00186156 5223618 0.0179651
171.612 0.00185347 5252786 0.017887
172.053 0.00184594 5301128 0.0178143
172.496 0.00183634 5349314 0.0177217
172.939 0.00182712 5379920 0.0176327
173.384 0.00181655 5428778 0.0175307
173.83 0.00180899 5458488 0.0174577
174.277 0.00179954 5513570 0.0173666
174.725 0.00179124 5549522 0.0172864
175.174 0.00177751 5588936 0.0171539
175.624 0.0017704 5646746 0.0170854
176.076 0.00176394 5677520 0.017023
176.529 0.00175363 5723130 0.0169235
176.982 0.00174494 5769560 0.0168396
177.438 0.00173552 5817050 0.0167487
177.894 0.00172802 5857202 0.0166763
178.351 0.00171756 5906408 0.0165754
178.81 0.00170904 5946794 0.0164932
179.27 0.00169903 6000396 0.0163965
179.731 0.00168943 6038906 0.0163039
180.193 0.00168089 6091256 0.0162215
180.656 0.00167239 6140858 0.0161395
181.121 0.00166545 6177776 0.0160725
181.586 0.00165676 6239738 0.0159887
182.053 0.00164757 6270456 0.0158999
182.521 0.00163771 6326018 0.0158048
182.991 0.00162918 6384392 0.0157224
183.461 0.00161891 6427970 0.0156234
183.933 0.00161236 6477032 0.0155602
184.406 0.00160588 6519386 0.0154976
184.88 0.00159663 6578144 0.0154084
185.355 0.00158975 6629210 0.015342
185.832 0.00158075 6675720 0.0152551
186.31 0.00157123 6738554 0.0151632
186.789 0.00156301 6772208 0.0150839
187.269 0.00155704 6835742 0.0150263
187.75 0.00154629 6893840 0.0149225
188.233 0.00153871 6937658 0.0148494
188.717 0.00152995 6992360 0.0147649
189.202 0.00152349 7055024 0.0147025
189.689 0.0015144 7095962 0.0146148
190.176 0.0015066 7160064 0.0145395
190.666 0.00149958 7221338 0.0144717
191.156 0.00149089 7261952 0.0143879
191.647 0.00148385 7331066 0.0143199
192.14 0.00147599 7376108 0.0142441
192.634 0.00146858 7444178 0.0141726
193.13 0.00146242 7498544 0.0141131
193.626 0.00145269 7553096 0.0140193
194.124 0.00144292 7605074 0.013925
194.623 0.00143667 7677224 0.0138647
195.123 0.00142958 7730426 0.0137963
195.625 0.00142333 7797984 0.0137359
196.128 0.00141752 7853588 0.0136799
196.633 0.00140947 7911458 0.0136022
197.138 0.00140077 7965872 0.0135182
197.645 0.00139268 8040818 0.0134402
198.153 0.00138668 8091080 0.0133823
198.663 0.00137999 8170088 0.0133176
199.174 0.00137163 8227610 0.0132369
199.686 0.00136576 8278412 0.0131803
200.199 0.00135825 8352296 0.0131079
200.714 0.00135168 8419322 0.0130444
201.23 0.00134393 8471912 0.0129696
201.747 0.00133696 8540552 0.0129024
202.266 0.00133065 8612762 0.0128415
202.786 0.00132391 8694428 0.0127765
203.308 0.00131625 8739866 0.0127025
203.831 0.0013108 8821520 0.0126499
204.355 0.0013029 8874512 0.0125737
204.88 0.00129543 8948306 0.0125016
205.407 0.00128971 9023400 0.0124464
205.935 0.00128311 9093620 0.0123827
206.465 0.00127567 9151952 0.0123109
206.995 0.00126906 9229178 0.0122471
207.527 0.00126468 9302240 0.0122049
208.061 0.00125606 9377192 0.0121216
208.596 0.00124938 9446270 0.0120572
209.133 0.0012443 9521792 0.0120082
209.67 0.00123715 9588752 0.0119391
210.209 0.00123099 9670178 0.0118797
210.75 0.00122456 9742832 0.0118177
211.292 0.00121831 9819980 0.0117574
211.835 0.00121287 9888560 0.0117049
212.38 0.00120691 9971810 0.0116474
212.926 0.00120022 10045688 0.0115828
213.474 0.00119262 10131500 0.0115094
214.022 0.0011874 10193840 0.011459
214.573 0.00118141 10289138 0.0114012
215.125 0.00117499 10359176 0.0113393
215.677 0.00116887 10435556 0.0112802
216.232 0.00116325 10527032 0.011226
216.788 0.0011577 10604282 0.0111724
217.345 0.0011512 10681544 0.0111097
217.904 0.00114579 10773116 0.0110575
218.465 0.00113921 10854352 0.010994
219.026 0.00113411 10925264 0.0109448
219.589 0.00112839 11022962 0.0108895
220.154 0.00112207 11104076 0.0108286
220.72 0.0011164 11198888 0.0107739
221.288 0.00110984 11274560 0.0107105
221.857 0.00110497 11362352 0.0106636
222.427 0.0010977 11450918 0.0105934
222.999 0.00109188 11540792 0.0105372
223.573 0.00108697 11638856 0.0104898
224.147 0.0010808 11715836 0.0104303
224.724 0.00107708 11809448 0.0103944
225.302 0.00107095 11906312 0.0103352
225.881 0.00106408 11989478 0.0102689
226.462 0.00105979 12091352 0.0102276
227.044 0.00105429 12185264 0.0101744
227.628 0.00104817 12267320 0.0101154
228.213 0.00104298 12372476 0.0100654
228.8 0.00103719 12468856 0.0100094
229.388 0.00103223 12568520 0.00996156
229.978 0.00102609 12652574 0.00990233
230.569 0.00102099 12752984 0.00985313
231.162 0.00101566 12859160 0.00980168
231.756 0.00101147 12949244 0.00976124
232.352 0.00100479 13055168 0.00969675
232.95 0.000999662 13151840 0.00964728
233.549 0.000995015 13271996 0.00960244
234.149 0.000989212 13354232 0.00954644
234.751 0.000984047 13465052 0.00949659
235.355 0.000979286 13566064 0.00945065
235.96 0.000973683 13671944 0.00939657
236.567 0.000969095 13776566 0.0093523
237.175 0.000963122 13890512 0.00929466
237.785 0.000958425 13999112 0.00924933
238.397 0.0009541 14097908 0.00920759
239.009 0.000948426 14203280 0.00915283
239.624 0.000943585 14324084 0.00910611
240.24 0.000938104 14438080 0.00905321
240.858 0.000933491 14534936 0.0090087
241.477 0.0009287 14653316 0.00896246
242.098 0.000923988 14776880 0.00891699
242.721 0.000919596 14873084 0.00887461
243.345 0.000915398 15008984 0.00883409
243.971 0.000910858 15105272 0.00879028
244.598 0.000905892 15237076 0.00874235
245.227 0.000901418 15350984 0.00869917
245.857 0.000896921 15445892 0.00865578
246.489 0.00089186 15598592 0.00860694
247.123 0.000887532 15704288 0.00856517
247.759 0.000882128 15842660 0.00851302
248.396 0.000878062 15932848 0.00847378
249.034 0.000873226 16083092 0.00842711
249.675 0.000868467 16195904 0.00838118
250.317 0.000864243 16313708 0.00834041
250.96 0.000859434 16448672 0.00829401
251.605 0.00085536 16589012 0.00825469
252.252 0.000849887 16698160 0.00820187
252.901 0.00084605 16835390 0.00816485
253.551 0.000840823 16968356 0.0081144
254.203 0.000835885 17101592 0.00806675
254.857 0.000831751 17226524 0.00802685
255.513 0.000827165 17365816 0.0079826
256.169 0.000823405 17485796 0.00794631
256.828 0.000818985 17631224 0.00790365
257.488 0.000814275 17771780 0.0078582
258.151 0.000810105 17908096 0.00781795
258.814 0.000805906 18033524 0.00777743
259.479 0.000801985 18177278 0.00773959
260.147 0.000797351 18323780 0.00769487
260.816 0.000793451 18474272 0.00765724
261.486 0.000789764 18609292 0.00762165
262.159 0.000785527 18751232 0.00758077
262.833 0.000781064 18896948 0.00753769
263.509 0.000776477 19043600 0.00749343
264.186 0.000773485 19187434 0.00746455
264.866 0.000769548 19343312 0.00742656
265.547 0.000765743 19484900 0.00738983
266.229 0.000761743 19639040 0.00735124
266.914 0.000757793 19790812 0.00731312
267.6 0.000753649 19944428 0.00727313
268.288 0.000750238 20083934 0.00724021
268.978 0.000746708 20264708 0.00720614
269.67 0.00074304 20416744 0.00717074
270.363 0.000738875 20561780 0.00713055
271.058 0.000734423 20722592 0.00708758
271.755 0.000731444 20897122 0.00705884
272.454 0.00072732 21038948 0.00701904
273.155 0.000724062 21220016 0.00698759
273.857 0.000719391 21375740 0.00694252
274.561 0.000716374 21538654 0.0069134
275.267 0.000712473 21710852 0.00687575
275.975 0.00070885 21863168 0.00684079
276.684 0.000705374 22042780 0.00680724
277.396 0.000701063 22225562 0.00676564
278.109 0.000697362 22374104 0.00672992
278.824 0.000693649 22567564 0.00669409
279.541 0.000690453 22732424 0.00666325
280.26 0.000686372 22921610 0.00662387
280.981 0.000682881 23086564 0.00659018
281.703 0.000678855 23262032 0.00655132
282.427 0.000675809 23433890 0.00652193
283.153 0.000672411 23636092 0.00648913
283.882 0.000668983 23824040 0.00645606
284.612 0.000665217 23985218 0.00641971
285.343 0.000661759 24179260 0.00638634
286.077 0.000658538 24376712 0.00635525
286.813 0.000654923 24544178 0.00632037
287.55 0.0006515 24753748 0.00628733
288.29 0.000648612 24937064 0.00625945
289.031 0.000645018 25134674 0.00622477
289.774 0.000641484 25307668 0.00619067
290.519 0.000637889 25517864 0.00615597
291.266 0.000635155 25728626 0.0061296
292.015 0.000632125 25893652 0.00610035
292.766 0.000628698 26127710 0.00606728
293.519 0.000625432 26319604 0.00603576
294.273 0.000622298 26520908 0.00600552
295.03 0.000619435 26726654 0.00597788
295.788 0.000616316 26929204 0.00594778
296.549 0.000612712 27145994 0.00591301
297.312 0.000609359 27352564 0.00588065
298.076 0.000606689 27572150 0.00585488
298.843 0.000603436 27769916 0.00582349
299.611 0.000600171 27998308 0.00579197
300.382 0.000597115 28207190 0.00576249
301.154 0.000593883 28426180 0.00573129
301.928 0.000590941 28624130 0.0057029
302.704 0.000587199 28896460 0.00566679
303.483 0.000584809 29080694 0.00564373
304.263 0.000581268 29319836 0.00560956
305.046 0.000578737 29532394 0.00558513
305.83 0.000575496 29767340 0.00555385
306.616 0.000572327 30014194 0.00552327
307.405 0.000569721 30224432 0.00549812
308.195 0.000566614 30473410 0.00546813
308.988 0.00056346 30702596 0.0054377
309.782 0.000560074 30930418 0.00540502
310.578 0.00055749 31176008 0.00538008
311.377 0.000555127 31426922 0.00535728
312.178 0.000552016 31653868 0.00532725
312.98 0.000549069 31911962 0.00529881
313.785 0.000546261 32153338 0.00527171
314.592 0.000543545 32400824 0.00524551
315.401 0.000540767 32673226 0.0052187
316.212 0.00053774 32897276 0.00518949
317.025 0.000534898 33149338 0.00516206
317.84 0.000532062 33432602 0.00513469
318.657 0.000529481 33673084 0.00510978
319.476 0.000526461 33919790 0.00508064
320.298 0.000523938 34217764 0.00505629
321.122 0.000521124 34469282 0.00502913
321.948 0.0005186 34723138 0.00500477
322.775 0.000515951 34993172 0.00497921
323.605 0.000512825 35281954 0.00494904
324.437 0.000509813 35524210 0.00491998
325.271 0.000507339 35815028 0.0048961
326.108 0.000504583 36103222 0.0048695
326.946 0.000502207 36363554 0.00484657
327.787 0.00049933 36666988 0.00481881
328.63 0.000496967 36930554 0.004796
329.475 0.000494187 37232002 0.00476918
330.322 0.000491891 37512140 0.00474702
331.171 0.000488607 37794946 0.00471532
332.023 0.000486336 38093978 0.00469341
332.877 0.000483993 38400652 0.00467079
333.733 0.000481327 38670034 0.00464507
334.591 0.00047879 38996498 0.00462059
335.451 0.000476421 39277894 0.00459772
336.314 0.000473881 39591956 0.00457321
337.178 0.000471424 39888106 0.0045495
338.045 0.000468746 40208698 0.00452366
338.914 0.000466288 40517882 0.00449993
339.786 0.000463931 40820764 0.00447719
340.66 0.000461968 41154026 0.00445824
341.536 0.000459619 41459578 0.00443558
342.414 0.000457305 41788306 0.00441325
343.294 0.000454824 42081866 0.0043893
344.177 0.000452365 42446572 0.00436557
345.062 0.000449986 42763874 0.00434261
345.949 0.00044767 43094746 0.00432026
346.839 0.000445392 43426258 0.00429828
347.73 0.000443305 43752578 0.00427813
348.624 0.000440978 44101090 0.00425568
349.521 0.000438867 44436868 0.0042353
350.42 0.000436552 44782802 0.00421296
351.321 0.000434206 45128914 0.00419032
352.224 0.000432095 45483370 0.00416996
353.13 0.0004301 45816314 0.0041507
354.037 0.000427528 46188442 0.00412588
354.948 0.0004254 46553674 0.00410534
355.861 0.000423352 46895978 0.00408558
356.776 0.00042115 47266582 0.00406433
357.693 0.000419342 47633458 0.00404688
358.613 0.000417041 47988956 0.00402467
359.535 0.000414343 48376618 0.00399864
360.459 0.000412549 48746386 0.00398132
361.386 0.0004106 49117010 0.00396251
362.315 0.0004084 49488418 0.00394128
363.247 0.000406554 49895914 0.00392347
364.181 0.000404311 50262466 0.00390182
365.117 0.000402139 50665130 0.00388086
366.056 0.00040023 51039802 0.00386243
366.997 0.000398235 51446590 0.00384318
367.941 0.000396192 51844810 0.00382347
368.887 0.000394181 52248530 0.00380406
369.836 0.000392198 52642810 0.00378492
370.787 0.00039026 53061658 0.00376622
371.74 0.000388477 53477170 0.00374902
372.696 0.0003865 53869586 0.00372993
373.654 0.000384641 54282286 0.00371199
374.615 0.000382881 54713002 0.00369501
375.578 0.000380976 55139536 0.00367663
376.544 0.000379081 55571090 0.00365834
377.512 0.000377477 55982746 0.00364286
378.483 0.000375552 56420434 0.00362428
379.456 0.000373713 56893246 0.00360653
380.432 0.000371941 57287866 0.00358943
381.41 0.00037023 57743522 0.00357292
382.39 0.000368453 58181746 0.00355577
383.373 0.000366911 58643734 0.00354089
384.359 0.000365197 59099032 0.00352435
385.348 0.000363442 59564794 0.00350741
386.339 0.000361624 60009410 0.00348987
387.332 0.000359767 60480010 0.00347194
388.328 0.000358161 60944086 0.00345645
389.326 0.000356393 61411906 0.00343939
390.327 0.000354743 61897144 0.00342346
391.331 0.000353043 62377450 0.00340705
392.337 0.000351403 62855294 0.00339123
393.346 0.000349812 63328810 0.00337587
394.358 0.000348173 63845434 0.00336006
395.372 0.000346769 64315900 0.00334651
396.388 0.000345011 64821082 0.00332954
397.407 0.000343392 65323114 0.00331392
398.429 0.000341981 65803834 0.0033003
399.453 0.000340353 66337516 0.00328459
400.481 0.000338805 66866810 0.00326965
401.511 0.000337111 67364626 0.00325331
402.543 0.000335896 67877710 0.00324158
403.578 0.000334239 68429272 0.00322559
404.616 0.000332686 68934970 0.0032106
405.656 0.000331246 69468262 0.00319671
406.699 0.000329968 69998872 0.00318437
407.745 0.000328662 70555138 0.00317177
408.793 0.00032714 71098054 0.00315708
409.844 0.000325733 71666560 0.0031435
410.898 0.000324176 72194566 0.00312847
411.955 0.000322756 72762586 0.00311477
413.014 0.000321321 73331672 0.00310092
414.076 0.000320099 73882918 0.00308913
415.141 0.00031883 74467456 0.00307688
416.208 0.000317407 75008962 0.00306315
417.278 0.000316189 75649294 0.0030514
418.351 0.000314824 76200112 0.00303822
419.427 0.000313532 76798606 0.00302576
420.505 0.000312331 77363128 0.00301417
421.586 0.000311021 77993662 0.00300152
422.671 0.00030979 78583960 0.00298965
423.757 0.000308612 79193662 0.00297828
424.847 0.000307566 79812544 0.00296818
425.939 0.0003064 80441746 0.00295693
427.035 0.000305335 81027292 0.00294665
428.133 0.000304217 81674242 0.00293586
429.233 0.000303017 82306036 0.00292428
430.337 0.0003019 82931794 0.0029135
431.444 0.000300935 83595436 0.00290419
432.553 0.000299831 84226090 0.00289353
433.665 0.000298641 84905020 0.00288204
434.78 0.000297597 85521378 0.00287197
435.898 0.000296611 86208148 0.00286245
437.019 0.000295565 86867170 0.00285237
438.143 0.000294673 87522292 0.00284376
439.269 0.00029394 88222264 0.00283668
440.399 0.000293012 88892302 0.00282772
441.531 0.000292169 89582572 0.00281959
442.666 0.000291299 90272914 0.00281119
443.805 0.000290571 90984868 0.00280417
444.946 0.000289615 91689400 0.00279494
446.09 0.000288888 92388094 0.00278792
447.237 0.000288103 93094336 0.00278035
448.387 0.000287348 93815556 0.00277307
449.54 0.000286538 94551622 0.00276525
450.696 0.00028579 95291992 0.00275803
451.855 0.000285134 96010564 0.0027517
453.016 0.000284484 96766954 0.00274542
454.181 0.000283761 97501132 0.00273845
455.349 0.000283225 98254180 0.00273328
456.52 0.000282565 99021864 0.0027269
457.694 0.000282046 99782158 0.0027219
458.871 0.000281521 100571620 0.00271683
460.051 0.000280927 101334952 0.0027111
461.233 0.000280501 102118276 0.00270699
462.419 0.000279969 102902278 0.00270186
463.608 0.000279487 103719888 0.0026972
464.8 0.000279052 104491492 0.002693
465.995 0.000278657 105311284 0.00268919
467.194 0.000278432 106140496 0.00268702
468.395 0.000278082 106951822 0.00268364
469.599 0.000277816 107791596 0.00268107
470.807 0.00027756 108606772 0.00267861
472.017 0.000277387 109435288 0.00267693
473.231 0.000277225 110302564 0.00267537
474.448 0.000277123 111143388 0.00267439
475.668 0.000276967 112020700 0.00267289
476.891 0.000276919 112894306 0.00267242
478.117 0.000276965 113729956 0.00267287
479.346 0.000276751 114639612 0.0026708
480.579 0.000276817 115499620 0.00267143
481.815 0.000276724 116421520 0.00267054
483.053 0.000276374 116939335 0.00266716
484.295 0.000275257 116939280 0.00265638
485.54 0.000274154 116943532 0.00264573
486.789 0.000273061 116899072 0.00263519
488.04 0.000271994 116889072 0.00262489
489.295 0.000270763 116872720 0.00261301
490.553 0.000269744 116858284 0.00260318
491.815 0.0002686 116795044 0.00259213
493.079 0.000267491 116788176 0.00258143
494.347 0.000266299 116732812 0.00256993
495.618 0.00026519 116648368 0.00255923
496.892 0.00026422 116650344 0.00254987
498.17 0.000263137 116564920 0.00253941
499.451 0.000262176 116498052 0.00253015
500.735 0.000261122 116435392 0.00251997
502.023 0.000260038 116367904 0.00250951
503.314 0.000259125 116257824 0.0025007
504.608 0.000258034 116196436 0.00249017
505.905 0.000257094 116095600 0.0024811
507.206 0.0002562 115986576 0.00247247
508.51 0.00025523 115891240 0.00246311
509.818 0.000254288 115796928 0.00245402
511.129 0.000253365 115651240 0.00244511
512.443 0.000252469 115542868 0.00243646
513.761 0.000251394 115417320 0.00242609
515.082 0.000250495 115277548 0.00241741
516.406 0.000249402 115132296 0.00240686
517.734 0.000248483 114982240 0.002398
519.065 0.000247706 114819180 0.0023905
520.399 0.000246759 114670768 0.00238136
521.738 0.000245892 114525108 0.00237299
523.079 0.000244961 114298600 0.00236401
524.424 0.000244093 114176136 0.00235563
525.773 0.00024318 113947792 0.00234682
527.124 0.000242348 113768896 0.00233879
528.48 0.000241516 113558592 0.00233076
529.839 0.000240684 113367724 0.00232273
531.201 0.000239938 113127276 0.00231553
532.567 0.000239091 112914256 0.00230735
533.936 0.000238102 112688340 0.00229781
535.309 0.000237303 112426152 0.0022901
536.686 0.000236579 112198672 0.00228311
538.066 0.000235844 111958488 0.00227602
539.449 0.00023501 111666640 0.00226797
540.836 0.000234228 111400152 0.00226043
542.227 0.000233475 111137236 0.00225317
543.621 0.00023282 110862960 0.00224684
545.019 0.000232102 110551120 0.00223991
546.42 0.000231534 110256372 0.00223443
547.825 0.000230896 109929480 0.00222828
549.234 0.000230217 109648240 0.00222172
550.646 0.0002295 109288116 0.0022148
552.062 0.000228784 108971368 0.00220789
553.481 0.000228171 108615876 0.00220198
554.904 0.000227428 108258792 0.0021948
556.331 0.000226879 107896156 0.00218951
557.762 0.000226317 107548044 0.00218408
559.196 0.00022566 107155156 0.00217774
560.634 0.000225149 106745640 0.00217281
562.075 0.000224576 106381152 0.00216728
563.52 0.000224055 105950332 0.00216226
564.969 0.000223459 105560460 0.0021565
566.422 0.000222941 105095832 0.0021515
567.878 0.000222515 104691448 0.0021474
569.339 0.000222066 104227416 0.00214306
570.802 0.000221594 103768020 0.0021385
572.27 0.000221054 103321584 0.00213329
573.742 0.000220549 102828700 0.00212841
575.217 0.000220197 102352788 0.00212502
576.696 0.000219809 101856600 0.00212128
578.179 0.000219479 101332732 0.00211809
579.665 0.00021915 100832628 0.00211492
581.156 0.000218794 100293552 0.00211148
582.65 0.000218462 99747192 0.00210828
584.148 0.000218241 99219016 0.00210615
585.65 0.000217866 98641428 0.00210253
587.156 0.00021751 98075004 0.00209909
588.666 0.000217152 97492236 0.00209563
590.179 0.000216922 96889368 0.00209341
591.697 0.000216654 96288544 0.00209083
593.218 0.00021651 95667084 0.00208944
594.744 0.000216373 95038752 0.00208812
596.273 0.000216257 94392264 0.002087
597.806 0.000216106 93742056 0.00208554
599.343 0.000215903 93080044 0.00208358
600.884 0.000215911 92395188 0.00208366
602.429 0.000215863 91699368 0.0020832
603.978 0.000215786 90981384 0.00208246
605.531 0.000215703 90300588 0.00208165
607.088 0.000215695 89544360 0.00208157
608.649 0.000215677 88824232 0.0020814
610.214 0.000215698 88040328 0.0020816
611.783 0.00021567 87297984 0.00208133
613.356 0.000215621 86497968 0.00208086
614.933 0.000215648 85707504 0.00208112
616.514 0.000215696 84898392 0.00208158
618.099 0.000215909 84056904 0.00208364
619.689 0.000215909 83247912 0.00208364
621.282 0.000216125 82396368 0.00208572
622.88 0.000216378 81516660 0.00208816
624.481 0.000216693 80625504 0.00209121
626.087 0.000217012 79743588 0.00209428
627.696 0.000217221 78851196 0.0020963
629.311 0.000217511 77904480 0.0020991
630.928 0.000217878 76957480 0.00210264
632.551 0.000218194 76018464 0.00210569
634.177 0.00021869 75041040 0.00211048
635.808 0.000218985 74065920 0.00211333
637.442 0.000219391 73055520 0.00211724
639.081 0.000219916 72045396 0.0021223
640.725 0.000220235 70993964 0.00212539
642.372 0.000220788 69966888 0.00213073
644.024 0.000221334 68889276 0.002136
645.68 0.000221756 67824288 0.00214006
647.34 0.000222312 66704700 0.00214543
649.004 0.000222898 65602596 0.00215109
650.673 0.000223419 64452240 0.00215611
652.346 0.000224155 63318708 0.00216322
654.023 0.000224626 62140668 0.00216777
655.705 0.000225115 60969048 0.00217248
657.391 0.000225885 59742948 0.00217991
659.081 0.000226349 58545444 0.0021844
660.775 0.000226828 57293532 0.00218901
662.474 0.000227234 56035064 0.00219293
664.178 0.000227673 54769164 0.00219717
665.885 0.000228039 53467236 0.0022007
667.597 0.000228344 52159800 0.00220365
669.314 0.000228349 50824572 0.00220369
671.035 0.000228413 49478256 0.00220431
672.76 0.000228671 48107940 0.0022068
674.49 0.000228259 46713656 0.00220282
676.224 0.000228006 45286716 0.00220039
677.962 0.000227431 43878768 0.00219483
679.705 0.000226543 42417696 0.00218626
681.452 0.000225396 40952868 0.0021752
683.205 0.000224022 39518069 0.00216194
684.962 0.000223233 38220792 0.00215432
686.723 0.000222743 37010586 0.00214959
688.489 0.000222355 35872284 0.00214585
690.259 0.000222066 34769120 0.00214306
692.034 0.000221928 33713676 0.00214173
693.814 0.000221857 32679294 0.00214104
695.597 0.000221643 31689516 0.00213898
697.386 0.000221608 30731648 0.00213864
699.179 0.00022152 29789496 0.00213779
700.977 0.000221702 28876206 0.00213954
702.78 0.00022163 27977588 0.00213885
704.586 0.000222106 27112026 0.00214345
706.398 0.000222636 26263032 0.00214856
708.215 0.000223088 25433732 0.00215292
710.036 0.000223357 24617118 0.00215551
711.861 0.000223722 23829618 0.00215904
713.691 0.000224202 23045474 0.00216367
715.526 0.000225135 22291164 0.00217268
717.366 0.00022541 21548138 0.00217532
719.211 0.000226133 20822178 0.00218231
721.06 0.000226731 20107248 0.00218807
722.914 0.00022731 19406348 0.00219366
724.772 0.000228178 18723654 0.00220204
726.636 0.000229347 18059312 0.00221333
728.504 0.000230163 17402742 0.0022212
730.377 0.000231255 16754724 0.00223174
732.255 0.000232411 16135814 0.00224289
734.138 0.00023378 15515232 0.0022561
736.025 0.000234934 14911028 0.00226724
737.918 0.000236297 14330256 0.00228039
739.815 0.00023764 13745288 0.00229336
741.717 0.000239185 13186902 0.00230827
743.624 0.000241085 12629240 0.0023266
745.536 0.000242481 12094086 0.00234007
747.453 0.000244578 11563610 0.00236031
749.375 0.000246449 11050836 0.00237836
751.302 0.000248387 10549550 0.00239707
753.233 0.000250498 10053218 0.00241744
755.17 0.000252172 9573252 0.00243359
757.111 0.000254466 9108968 0.00245574
759.058 0.000256969 8650770 0.00247989
761.009 0.000259333 8203508 0.00250271
762.966 0.000261504 7772340 0.00252365
764.927 0.000265074 7352690 0.00255811
766.894 0.000267994 6941804 0.00258629
768.866 0.000271097 6542412 0.00261623
770.843 0.000274189 6154682 0.00264608
772.825 0.000277791 5779532 0.00268084
774.811 0.000281357 5414334 0.00271525
776.803 0.000285194 5062910 0.00275227
778.8 0.000289789 4721528 0.00279662
780.802 0.000294132 4393398 0.00283854
782.81 0.000299067 4074230 0.00288616
784.822 0.000304007 3767654 0.00293383
786.839 0.000308891 3472146 0.00298097
788.861 0.000313385 3188006 0.00302433
790.888 0.000318484 2916440 0.00307354
792.921 0.000324392 2661902 0.00313056
794.961 0.000330198 2410242 0.00318659
797.003 0.000336308 2171384 0.00324555
799.05 0.000343371 1949174 0.00331372
801.105 0.000348908 1738592 0.00336716
803.163 0.000356534 1533366 0.00344075
805.226 0.000364327 1347812 0.00351595
807.296 0.000371633 1170398 0.00358646
809.37 0.000380322 1004792 0.00367031
811.448 0.000389552 853736 0.00375939
813.531 0.000401021 711416 0.00387007
815.621 0.000410441 587334 0.00396098
817.718 0.000417171 468236 0.00402593
819.802 0.000429074 363320 0.0041408
821.909 0.000445196 280856 0.00429639
824.035 0.000456895 198080 0.00440929
826.109 0.000466187 128864 0.00449896
828.186 0.000471516 83264 0.00455039
830.313 0.000486939 42368 0.00469922
832.391 0.000510193 15296 0.00492364
834.243 0.00050623 2046 0.0048854
835.799 7.04212e-05 1 0.000679603
