# in Mpc/h Units 
# D1 = 0.258436 
# k P N P(z=0)
0.314159 59.9537 6 897.657
0.444288 32.227 12 482.519
0.54414 21.3799 8 320.111
0.628319 15.0408 6 225.198
0.702481 10.265 24 153.693
0.76953 9.93388 24 148.735
0.888577 6.52703 12 97.726
0.942478 7.54103 30 112.908
0.993459 4.60443 24 68.9399
1.04195 5.32491 24 79.7272
1.08828 5.08377 8 76.1167
1.13272 4.03163 24 60.3635
1.17548 4.3695 48 65.4223
1.25664 3.15101 6 47.1784
1.29531 3.4319 48 51.3841
1.33286 2.632 36 39.4076
1.36939 2.79253 24 41.8111
1.40496 3.70316 24 55.4455
1.43966 2.19975 48 32.9357
1.47354 3.03611 24 45.4581
1.53906 2.56289 24 38.3728
1.5708 2.68766 30 40.241
1.6019 2.23915 72 33.5257
1.63242 1.98308 32 29.6916
1.6918 1.50316 72 22.506
1.72072 3.02404 48 45.2774
1.77715 2.76391 12 41.3827
1.80471 1.96884 48 29.4785
1.83185 1.64084 48 24.5675
1.85859 1.71134 48 25.6231
1.88496 0.994212 30 14.8858
1.91096 0.826922 24 12.3811
1.93661 1.63951 72 24.5475
1.98692 1.47611 24 22.1011
2.0116 1.69993 96 25.4522
2.03598 1.50962 48 22.6028
2.06008 1.42379 24 21.3177
2.0839 0.952362 24 14.2592
2.10744 1.45159 72 21.734
2.13073 1.41808 48 21.2323
2.17656 1.043 8 15.6164
2.19911 1.20175 54 17.9931
2.22144 1.15088 84 17.2315
2.24355 0.995332 48 14.9026
2.26543 1.28049 24 19.1721
2.28711 1.14258 72 17.1073
2.30859 1.36107 96 20.3786
2.35095 0.854865 48 12.7995
2.37185 1.47815 48 22.1316
2.39257 1.23747 24 18.528
2.4131 0.827843 72 12.3949
2.45366 0.901096 72 13.4917
2.47369 0.970827 96 14.5357
2.51327 0.751914 6 11.258
2.53283 1.02047 96 15.279
2.55224 1.1215 96 16.7917
2.5715 0.771492 24 11.5512
2.59062 1.05981 48 15.8681
2.6096 0.978184 96 14.6459
2.62844 1.11025 48 16.6232
2.66573 0.919346 36 13.7649
2.68418 1.0447 48 15.6418
2.7025 0.921663 120 13.7996
2.7207 0.754623 56 11.2986
2.73878 1.27077 24 19.0266
2.75674 0.80216 96 12.0103
2.77458 0.87415 48 13.0882
2.80993 1.18742 24 17.7786
2.82743 0.811578 102 12.1513
2.84483 0.876506 48 13.1235
2.86213 0.739895 72 11.0781
2.87932 0.854733 48 12.7975
2.89641 0.606618 48 9.08258
2.91339 0.818218 120 12.2508
2.94708 0.647545 24 9.69537
2.96377 0.748428 144 11.2058
2.98038 0.841182 120 12.5946
2.99689 0.686202 48 10.2742
3.02964 0.76991 48 11.5275
3.04589 0.725678 96 10.8652
3.07812 0.68426 24 10.2451
3.09411 0.687144 48 10.2883
3.11002 0.827004 108 12.3823
3.12585 0.640581 72 9.5911
3.14159 0.55118 30 8.25255
3.15726 0.731566 168 10.9534
3.17285 0.680527 48 10.1892
3.20381 0.643794 72 9.6392
3.21917 0.626198 96 9.37575
3.23447 0.786064 72 11.7693
3.24969 0.651148 72 9.74931
3.26484 0.652779 32 9.77373
3.27992 0.604262 72 9.04731
3.29493 0.620938 144 9.29699
3.33956 0.71114 96 10.6475
3.3543 0.608503 96 9.1108
3.36898 0.425014 48 6.36353
3.3836 0.70614 72 10.5727
3.39815 0.771848 120 11.5565
3.41264 0.635105 72 9.50911
3.44144 0.505338 48 7.56617
3.45575 0.543634 78 8.13955
3.47 0.529911 120 7.93408
3.48419 0.625039 48 9.35839
3.51241 0.491782 144 7.3632
3.52643 0.553684 144 8.29003
3.55431 0.521842 12 7.81327
3.56816 0.619642 144 9.27758
3.58197 0.809705 48 12.1233
3.59572 0.593824 120 8.89102
3.60942 0.598353 48 8.95884
3.62306 0.55082 48 8.24714
3.63666 0.564884 168 8.45772
3.6637 0.612325 48 9.16803
3.67714 0.569807 96 8.53144
3.69054 0.583361 96 8.73437
3.70388 0.601015 72 8.99869
3.71718 0.470562 48 7.04548
3.73043 0.465186 96 6.96499
3.74364 0.463035 48 6.93279
3.76991 0.529835 30 7.93295
3.78298 0.509625 96 7.63035
3.796 0.455218 192 6.81575
3.80898 0.63121 56 9.45079
3.82191 0.26304 24 3.93836
3.8348 0.495107 168 7.41298
3.84765 0.518191 120 7.75861
3.87322 0.584763 72 8.75536
3.88594 0.463008 144 6.93238
3.89861 0.487879 96 7.30477
3.91125 0.434705 96 6.50862
3.9364 0.692107 72 10.3626
3.94892 0.593295 96 8.8831
3.97384 0.379874 24 5.68767
3.98623 0.438869 192 6.57096
3.99859 0.480881 108 7.19998
4.01092 0.467401 24 6.99816
4.0232 0.62135 96 9.30315
4.03545 0.565205 96 8.46253
4.04766 0.455691 120 6.82283
4.07197 0.43879 48 6.56978
4.08407 0.402148 78 6.02115
4.09614 0.408675 144 6.11888
4.10817 0.408078 120 6.10995
4.12016 0.379563 24 5.683
4.13212 0.56555 168 8.4677
4.14405 0.434979 144 6.51273
4.16779 0.327163 24 4.89844
4.17962 0.536444 48 8.03191
4.19141 0.396095 96 5.93053
4.20316 0.495417 120 7.41763
4.21489 0.550189 72 8.23769
4.22658 0.441804 120 6.61491
4.23824 0.395822 144 5.92645
4.26146 0.43817 48 6.5605
4.27303 0.398027 192 5.95946
4.28456 0.458218 144 6.86067
4.29606 0.405616 48 6.07308
4.31898 0.430771 192 6.44971
4.33039 0.466268 48 6.9812
4.35312 0.340372 8 5.09621
4.36444 0.364305 48 5.45456
4.37573 0.380118 240 5.69131
4.387 0.466528 96 6.98509
4.39823 0.332588 54 4.97968
4.40944 0.391861 120 5.86714
4.42061 0.509498 120 7.62846
4.44288 0.446925 84 6.69158
4.45398 0.40331 144 6.03856
4.46504 0.387513 72 5.80203
4.47608 0.471893 96 7.06542
4.48709 0.467081 48 6.99337
4.49808 0.477343 96 7.14701
4.50903 0.407192 240 6.09667
4.53087 0.519021 24 7.77104
4.54175 0.445765 240 6.67421
4.5526 0.423321 96 6.33817
4.56883 0.494484 144 7.40366
4.585 0.469531 96 7.03005
4.59575 0.286499 72 4.2896
4.61718 0.313135 96 4.68841
4.62785 0.324542 96 4.85921
4.63851 0.419117 120 6.27522
4.64913 0.294887 96 4.41519
4.67484 0.41884 336 6.27107
4.70191 0.321151 48 4.80843
4.71239 0.353245 150 5.28895
4.72285 0.364936 96 5.464
4.73329 0.357099 120 5.34667
4.75112 0.423533 168 6.34134
4.76446 0.423625 240 6.34272
4.78513 0.565835 24 8.47196
4.79543 0.39164 144 5.86383
4.80571 0.320252 216 4.79498
4.82211 0.386571 120 5.78793
4.83642 0.410501 144 6.14622
4.84661 0.357728 96 5.35608
4.87706 0.423603 144 6.34239
4.88717 0.302094 132 4.52309
4.89726 0.30386 104 4.54954
4.90732 0.368661 72 5.51978
4.922 0.352074 312 5.27143
4.94739 0.449431 96 6.7291
4.95735 0.435675 144 6.52314
4.97264 0.400865 312 6.00195
4.99701 0.461759 48 6.91368
5.00687 0.319098 192 4.77769
5.02655 0.210153 6 3.14651
5.03636 0.418201 192 6.2615
5.05103 0.36395 192 5.44924
5.06567 0.374163 96 5.60215
5.0754 0.383237 216 5.73801
5.08511 0.343245 72 5.13924
5.10448 0.324962 96 4.86549
5.11414 0.385241 96 5.76801
5.12539 0.404859 288 6.06175
5.14301 0.224958 24 3.36819
5.1526 0.367954 264 5.50918
5.16216 0.350016 192 5.24062
5.18125 0.283564 48 4.24566
5.19646 0.391857 240 5.86707
5.20974 0.373915 120 5.59844
5.21921 0.437772 96 6.55454
5.23525 0.341003 240 5.10566
5.26471 0.299058 288 4.47764
5.27563 0.352928 96 5.28421
5.28498 0.562805 72 8.42659
5.30362 0.354912 192 5.31392
5.31292 0.306381 144 4.58729
5.33146 0.343717 36 5.1463
5.34719 0.294115 342 4.40363
5.35916 0.306637 96 4.59112
5.37587 0.348805 264 5.22248
5.38671 0.319305 168 4.78079
5.405 0.331636 120 4.96541
5.41412 0.306953 192 4.59585
5.42984 0.321338 264 4.81123
5.4414 0.368903 56 5.5234
5.45589 0.334885 240 5.01406
5.48556 0.307921 216 4.61035
5.49554 0.268804 240 4.02467
5.50963 0.310026 168 4.64187
5.52599 0.344458 240 5.15739
5.55508 0.389318 144 5.82905
5.56692 0.337663 312 5.05565
5.57577 0.306965 144 4.59604
5.59826 0.294939 264 4.41597
5.62783 0.322673 264 4.83122
5.64176 0.348104 192 5.21198
5.65487 0.358557 102 5.36849
5.66891 0.33063 432 4.95035
5.68967 0.287509 48 4.30473
5.69833 0.266586 288 3.99146
5.71069 0.223867 168 3.35185
5.72964 0.315584 192 4.72508
5.74147 0.239727 144 3.58931
5.75863 0.275444 48 4.12409
5.77277 0.26252 276 3.93058
5.78642 0.312972 192 4.68597
5.80132 0.331003 336 4.95594
5.80982 0.370568 216 5.54833
5.83055 0.269428 216 4.034
5.84792 0.261474 240 3.91491
5.87392 0.306065 408 4.58255
5.89415 0.345522 24 5.17333
5.90669 0.290909 384 4.35564
5.92421 0.275999 240 4.13239
5.93942 0.310333 168 4.64646
5.96499 0.307197 246 4.5995
5.97997 0.269744 320 4.03873
6.00063 0.261234 288 3.91132
6.01022 0.297879 144 4.45999
6.0348 0.292936 288 4.38598
6.04764 0.283239 336 4.2408
6.0651 0.278415 168 4.16857
6.07555 0.298096 336 4.46324
6.09177 0.28668 96 4.29232
6.10391 0.266818 384 3.99494
6.11603 0.22022 72 3.29724
6.13444 0.255198 336 3.82095
6.15624 0.163448 24 2.44723
6.16996 0.28519 336 4.27001
6.18252 0.28602 168 4.28243
6.19954 0.265891 456 3.98105
6.22004 0.269119 108 4.02938
6.23156 0.299606 264 4.48585
6.24595 0.279658 264 4.18717
6.26564 0.245374 312 3.67386
6.28319 0.146498 30 2.19344
6.29452 0.275236 432 4.12096
6.31756 0.259441 432 3.88448
6.33013 0.294346 192 4.40709
6.35192 0.250019 240 3.74341
6.36456 0.289346 336 4.33224
6.38447 0.236707 240 3.5441
6.3922 0.25958 240 3.88657
6.41275 0.27673 216 4.14334
6.42832 0.287888 312 4.3104
6.44655 0.301754 336 4.518
6.46894 0.285393 72 4.27304
6.48007 0.248918 624 3.72693
6.49634 0.260509 120 3.90047
6.51021 0.322898 336 4.83459
6.52968 0.19814 32 2.96665
6.54409 0.223102 528 3.34039
6.56562 0.239447 312 3.58512
6.57487 0.210563 96 3.15265
6.59474 0.241989 414 3.62318
6.60897 0.21354 216 3.19723
6.63315 0.241335 480 3.61339
6.6632 0.253871 636 3.80108
6.68355 0.256527 240 3.84086
6.69388 0.275272 168 4.12151
6.7191 0.25714 504 3.85002
6.7321 0.254272 240 3.80709
6.74682 0.242101 456 3.62486
6.7725 0.279224 264 4.18069
6.78639 0.219612 264 3.28813
6.80514 0.246923 552 3.69706
6.82529 0.228472 72 3.4208
6.83702 0.238617 384 3.57268
6.8562 0.245547 336 3.67646
6.86853 0.200014 96 2.99471
6.89291 0.244809 480 3.6654
6.90756 0.198802 174 2.97657
6.92267 0.258059 552 3.86379
6.94474 0.253927 360 3.80193
6.95933 0.218481 432 3.2712
6.98042 0.221619 480 3.31819
7.00371 0.203013 288 3.03961
7.01377 0.201926 168 3.02334
7.03217 0.231118 504 3.46042
7.05566 0.216314 240 3.23876
7.06849 0.21022 440 3.14751
7.09018 0.219328 552 3.28388
7.10861 0.333253 12 4.98963
7.12185 0.249929 528 3.74206
7.14393 0.246867 480 3.69622
7.16393 0.165416 48 2.47669
7.17479 0.21487 624 3.21714
7.19862 0.228886 504 3.427
7.22401 0.228196 198 3.41666
7.23516 0.208008 552 3.11439
7.25595 0.205831 432 3.08181
7.27644 0.200698 312 3.00494
7.29122 0.236573 336 3.54208
7.31192 0.207057 408 3.10017
7.33337 0.212665 432 3.18412
7.34474 0.2133 456 3.19364
7.36312 0.212061 528 3.17508
7.39021 0.215024 456 3.21945
7.40396 0.234436 168 3.51009
7.41823 0.222579 504 3.33256
7.44195 0.257505 336 3.85549
7.45982 0.20022 456 2.9978
7.47564 0.205362 408 3.07478
7.49795 0.226136 696 3.38582
7.52344 0.225026 384 3.3692
7.54481 0.210507 126 3.15181
7.558 0.256201 492 3.83597
7.57485 0.212297 528 3.17862
7.59872 0.21167 696 3.16922
7.61833 0.211375 416 3.16481
7.63208 0.222526 264 3.33177
7.65511 0.212425 768 3.18053
7.6749 0.224556 408 3.36216
7.69957 0.21071 360 3.15485
7.71 0.206102 408 3.08586
7.72931 0.218579 456 3.27268
7.75392 0.200575 408 3.00311
7.77036 0.199847 504 2.99221
7.79066 0.227547 648 3.40694
7.81535 0.186622 360 2.7942
7.83053 0.202826 528 3.03681
7.85864 0.201019 582 3.00975
7.87632 0.195608 600 2.92874
7.89523 0.206637 576 3.09387
7.914 0.20966 408 3.13913
7.93268 0.213685 408 3.1994
7.95698 0.202793 624 3.03632
7.97865 0.183211 576 2.74312
8.00144 0.205991 348 3.0842
8.01209 0.204954 576 3.06867
8.03437 0.193029 600 2.89012
8.0589 0.193062 600 2.89061
8.07879 0.21698 576 3.24874
8.10331 0.192099 768 2.87619
8.12088 0.227972 240 3.41331
8.14134 0.206801 336 3.09632
8.15994 0.176696 590 2.64558
8.17963 0.187161 744 2.80227
8.20288 0.178964 504 2.67953
8.22478 0.20565 648 3.0791
8.24775 0.200156 696 2.99683
8.26774 0.189234 696 2.8333
8.29585 0.200559 552 3.00286
8.31341 0.191667 648 2.86973
8.33446 0.184336 504 2.75998
8.35037 0.186616 480 2.7941
8.37174 0.185426 600 2.77629
8.39493 0.196539 792 2.94268
8.41471 0.183646 336 2.74964
8.43909 0.185345 588 2.77508
8.46013 0.180785 744 2.7068
8.48605 0.190321 894 2.84958
8.50984 0.189121 648 2.83161
8.53082 0.176873 528 2.64823
8.54904 0.175106 696 2.62178
8.57637 0.179114 648 2.68178
8.59669 0.182598 936 2.73395
8.6208 0.212465 144 3.18112
8.63354 0.179892 840 2.69343
8.66042 0.171893 792 2.57367
8.68183 0.183086 480 2.74126
8.70268 0.185053 536 2.7707
8.72506 0.179293 888 2.68446
8.7477 0.168093 792 2.51677
8.77145 0.165269 744 2.47449
8.79242 0.184212 534 2.75811
8.81805 0.184181 816 2.75764
8.83728 0.170467 408 2.55231
8.8592 0.162827 960 2.43793
8.88614 0.168776 708 2.527
8.90971 0.173193 1056 2.59313
8.93776 0.169523 864 2.53819
8.95479 0.16916 552 2.53275
8.98268 0.159906 528 2.39419
8.99967 0.177671 936 2.66018
9.02501 0.182542 888 2.7331
9.04798 0.150658 504 2.25572
9.07075 0.161566 696 2.41905
9.08827 0.151467 600 2.26784
9.1155 0.162278 798 2.42971
9.13638 0.164025 912 2.45587
9.1598 0.159908 912 2.39422
9.18648 0.156663 1104 2.34563
9.21077 0.160957 648 2.40993
9.24054 0.155063 912 2.32168
9.25969 0.168132 824 2.51736
9.28649 0.156942 888 2.34981
9.30524 0.148161 456 2.21834
9.32993 0.155064 1068 2.32169
9.35118 0.152782 648 2.28753
9.37753 0.170925 1032 2.55917
9.39943 0.156177 576 2.33836
9.42618 0.16115 1254 2.41282
9.45345 0.166341 792 2.49055
9.47224 0.170844 816 2.55797
9.49886 0.153936 936 2.3048
9.52401 0.166287 912 2.48973
9.54544 0.156288 624 2.34002
9.57046 0.157198 1224 2.35365
9.59495 0.143547 816 2.14926
9.61947 0.15012 888 2.24768
9.64548 0.157202 1152 2.35371
9.67583 0.158518 1104 2.37341
9.69991 0.143301 840 2.14557
9.71865 0.148774 480 2.22751
9.74574 0.154046 894 2.30645
9.76669 0.159973 1236 2.3952
9.79605 0.150816 1184 2.2581
9.82348 0.162618 792 2.4348
9.84219 0.136187 792 2.03906
9.86897 0.144668 1440 2.16604
9.89283 0.146544 864 2.19412
9.92079 0.135455 960 2.0281
9.94684 0.149399 1128 2.23688
9.97686 0.14304 816 2.14167
9.99766 0.140064 1008 2.09711
10.0218 0.14583 1008 2.18344
10.0521 0.14881 1518 2.22805
10.0762 0.146459 816 2.19286
10.1025 0.15439 1104 2.3116
10.13 0.138995 1056 2.08109
10.1552 0.150232 1104 2.24934
10.1774 0.135797 1056 2.03322
10.2056 0.143698 1188 2.15152
10.233 0.140069 912 2.09719
10.26 0.137682 1368 2.06144
10.2868 0.139977 1128 2.0958
10.3108 0.142014 1128 2.12631
10.3392 0.144623 992 2.16537
10.3669 0.140474 1326 2.10325
10.3909 0.136907 672 2.04984
10.4156 0.139305 1632 2.08575
10.4477 0.127731 1128 1.91245
10.468 0.142918 1152 2.13984
10.4961 0.141117 1104 2.11288
10.527 0.137445 1560 2.05789
10.556 0.135247 1272 2.02499
10.5803 0.131132 1080 1.96337
10.6074 0.132573 1224 1.98494
10.633 0.137802 960 2.06324
10.6646 0.132328 1332 1.98128
10.6881 0.132381 1158 1.98207
10.7153 0.133434 1656 1.99785
10.7456 0.138235 1248 2.06972
10.7692 0.132495 1152 1.98377
10.7959 0.122606 1272 1.83572
10.8278 0.123353 1608 1.8469
10.8578 0.129804 1464 1.94348
10.8878 0.139741 824 2.09227
10.9128 0.126442 1704 1.89316
10.9379 0.129484 1200 1.9387
10.9681 0.141681 1416 2.12132
10.9964 0.125451 1326 1.87831
11.0235 0.120206 1416 1.79979
11.0496 0.126956 1200 1.90085
11.0767 0.125662 1440 1.88148
11.1104 0.131354 1716 1.96669
11.1386 0.131354 1488 1.9667
11.1683 0.124001 1536 1.85661
11.1955 0.12364 1272 1.8512
11.221 0.121376 1392 1.81731
11.2573 0.126393 1800 1.89242
11.2826 0.126786 1032 1.89831
11.3096 0.117301 1446 1.75628
11.3402 0.119771 1920 1.79327
11.3665 0.121609 1032 1.82079
11.3923 0.12679 1656 1.89836
11.4292 0.121791 2168 1.82351
11.4591 0.121693 1440 1.82205
11.4849 0.11586 1248 1.73471
11.5152 0.125727 1464 1.88244
11.5455 0.122186 1884 1.82942
11.5794 0.124722 1680 1.86739
11.605 0.128026 1392 1.91686
11.6336 0.122752 1590 1.8379
11.6676 0.122631 2040 1.83609
11.6971 0.120892 1728 1.81005
11.728 0.115182 1464 1.72456
11.7556 0.121995 1608 1.82657
11.7865 0.118893 1656 1.78013
11.8171 0.121815 1776 1.82388
11.8458 0.12203 1800 1.82709
11.8722 0.114669 1560 1.71687
11.9022 0.116453 1512 1.74359
11.9368 0.121056 1782 1.81252
11.9681 0.11965 2264 1.79146
12.001 0.109099 1692 1.63349
12.0348 0.112178 2256 1.67958
12.0649 0.115028 1368 1.72225
12.0929 0.114117 2160 1.70861
12.1244 0.11488 1368 1.72004
12.1502 0.107931 1944 1.616
12.1851 0.113803 1728 1.70392
12.2173 0.108584 2016 1.62577
12.2459 0.111668 1662 1.67195
12.279 0.110566 2592 1.65544
12.3152 0.112657 1680 1.68675
12.3441 0.109418 1992 1.63826
12.3741 0.111854 1920 1.67473
12.4055 0.110954 1968 1.66126
12.4398 0.102198 2004 1.53016
12.4691 0.106657 1920 1.59692
12.5021 0.110371 1952 1.65253
12.5336 0.11407 2304 1.70791
12.5696 0.10852 2118 1.62482
12.6001 0.106573 1848 1.59566
12.6298 0.106565 2064 1.59555
12.6656 0.10583 2352 1.58453
12.6997 0.110697 2184 1.65742
12.7271 0.107203 1896 1.60509
12.7606 0.107414 2472 1.60825
12.7965 0.102882 1944 1.5404
12.8269 0.101372 2088 1.51779
12.8578 0.104241 1968 1.56075
12.8928 0.110813 2250 1.65915
12.9243 0.105325 2472 1.57698
12.9622 0.101174 2832 1.51482
12.9935 0.099511 1776 1.48993
13.0248 0.0981747 2496 1.46992
13.0599 0.106911 1856 1.60072
13.0924 0.0960002 2472 1.43736
13.1278 0.102191 2928 1.53005
13.1613 0.101039 1752 1.5128
13.1941 0.0994458 2166 1.48895
13.2228 0.101109 2448 1.51386
13.2609 0.0977572 3048 1.46367
13.2985 0.101137 2352 1.51427
13.3341 0.0965303 2340 1.4453
13.3669 0.102852 2856 1.53995
13.3981 0.100245 1872 1.50092
13.4328 0.101456 2856 1.51905
13.4672 0.0996747 2208 1.49238
13.5027 0.100444 2622 1.5039
13.5372 0.0973227 2712 1.45716
13.5706 0.0928933 2520 1.39084
13.6106 0.0931869 3080 1.39524
13.6462 0.0975964 2832 1.46126
13.6782 0.0992268 2232 1.48567
13.7154 0.092437 3000 1.38401
13.7476 0.0993115 1872 1.48694
13.782 0.095252 2916 1.42616
13.8177 0.093963 2910 1.40686
13.8563 0.0950766 3144 1.42353
13.8883 0.0950828 2376 1.42363
13.9269 0.0946346 3096 1.41692
13.9621 0.0906146 2880 1.35673
14.0013 0.0986933 2904 1.47769
14.0349 0.0973301 2520 1.45727
14.0695 0.0904366 3360 1.35406
14.1111 0.093346 2712 1.39762
14.1423 0.0933116 2798 1.39711
14.181 0.0884328 3048 1.32406
14.2158 0.0941706 2724 1.40997
14.2491 0.0889464 3264 1.33175
14.2875 0.0890906 3048 1.33391
14.3254 0.086979 3024 1.30229
14.3617 0.0908838 3120 1.36076
14.4019 0.0875303 3456 1.31055
14.4372 0.0881789 2334 1.32026
14.472 0.0882161 3264 1.32082
14.5088 0.0899249 3456 1.3464
14.5462 0.0881348 3312 1.3196
14.5799 0.0873241 2616 1.30746
14.6203 0.0869677 3792 1.30212
14.6599 0.0915065 3180 1.37008
14.6973 0.088292 3248 1.32195
14.7343 0.0872784 3312 1.30678
14.7747 0.0897493 3606 1.34377
14.8116 0.0861176 3456 1.2894
14.8465 0.0853975 2688 1.27861
14.8883 0.0875556 4152 1.31093
14.9273 0.0875828 3600 1.31133
14.9656 0.0874237 3432 1.30895
15.0056 0.0828333 3624 1.24022
15.0456 0.0859103 3384 1.28629
15.0848 0.0846335 3582 1.26717
15.1203 0.0883896 3276 1.32341
15.1572 0.0838751 3696 1.25582
15.1966 0.0826409 3888 1.23734
15.2357 0.086457 3608 1.29448
15.2769 0.0811021 3768 1.2143
15.3164 0.0808458 3720 1.21046
15.3575 0.0784909 3984 1.1752
15.3971 0.0826407 3438 1.23734
15.4322 0.0807039 3696 1.20834
15.4717 0.0802502 4104 1.20154
15.5131 0.0804655 3792 1.20477
15.552 0.0823998 3828 1.23373
15.5926 0.0759097 4008 1.13656
15.6329 0.0798115 4032 1.19498
15.6696 0.0779342 3768 1.16687
15.714 0.0789082 4206 1.18145
15.7514 0.0785822 3456 1.17657
15.7915 0.0801114 4568 1.19947
15.8322 0.0766782 4272 1.14806
15.8721 0.076657 3960 1.14775
15.9156 0.0775207 4584 1.16068
15.9588 0.0797801 4416 1.19451
15.9995 0.0765983 3252 1.14687
16.0387 0.0756636 5166 1.13287
16.0805 0.0767908 4272 1.14975
16.1203 0.0743345 3984 1.11297
16.1623 0.0753634 4608 1.12838
16.206 0.0756182 4584 1.13219
16.2476 0.0726916 4752 1.08837
16.2926 0.0728135 4152 1.0902
16.3308 0.0754737 4454 1.13003
16.3706 0.0719672 4272 1.07753
16.4105 0.0747062 4416 1.11854
16.4572 0.0753304 5484 1.12788
16.4971 0.0726114 3984 1.08717
16.5399 0.0720031 5232 1.07807
16.5854 0.0720462 4752 1.07871
16.626 0.073488 4200 1.1003
16.6696 0.0712954 5070 1.06747
16.7114 0.0745996 4848 1.11694
16.7541 0.0729917 5376 1.09287
16.7993 0.069244 4824 1.03676
16.8373 0.0694386 3912 1.03967
16.8821 0.0710592 5708 1.06393
16.9286 0.0696538 5424 1.04289
16.9743 0.0693868 5046 1.03889
17.0151 0.0716084 4872 1.07216
17.0591 0.0727945 5112 1.08992
17.1027 0.0688458 5640 1.03079
17.1485 0.0707734 4920 1.05965
17.1891 0.0703631 5040 1.05351
17.2339 0.0710834 5736 1.0643
17.2803 0.0696161 4734 1.04233
17.3215 0.0691907 5580 1.03596
17.3661 0.0689343 5592 1.03212
17.4108 0.0679383 5432 1.0172
17.4551 0.0689947 5616 1.03302
17.5005 0.0668154 5640 1.00039
17.5472 0.0695078 5232 1.0407
17.5907 0.0672563 5622 1.00699
17.6344 0.0673432 6192 1.0083
17.6832 0.0688938 5760 1.03151
17.727 0.0674462 5616 1.00984
17.7706 0.0671015 5316 1.00468
17.8179 0.0670472 6696 1.00386
17.8659 0.0677656 6000 1.01462
17.9128 0.0660702 6030 0.989235
17.9594 0.0648188 5624 0.970499
18.0036 0.0646419 6288 0.96785
18.0498 0.0646843 6432 0.968486
18.0972 0.0639658 5856 0.957728
18.143 0.0638009 6192 0.955258
18.1863 0.0605866 5328 0.907132
18.2352 0.0666335 7338 0.997669
18.2837 0.0630611 6240 0.944182
18.3278 0.0606859 6216 0.908619
18.3778 0.0633218 7128 0.948085
18.4243 0.0639809 5472 0.957954
18.47 0.0629416 6984 0.942393
18.5178 0.0621932 6422 0.931187
18.5668 0.0619705 7176 0.927852
18.6134 0.0616395 6312 0.922897
18.6623 0.0622039 6756 0.931348
18.71 0.0608446 7224 0.910996
18.7595 0.0613909 7224 0.919174
18.8071 0.0601604 5856 0.900751
18.8564 0.0612867 7710 0.917615
18.9065 0.06125 7392 0.917065
18.9507 0.06233 5688 0.933235
18.9981 0.0586606 8256 0.878295
19.051 0.0577516 7040 0.864686
19.1004 0.0597658 7044 0.894843
19.1475 0.0584646 7062 0.875361
19.1943 0.056723 7368 0.849284
19.2465 0.0598192 7776 0.895643
19.2965 0.0590189 7872 0.88366
19.3469 0.0593404 7032 0.888473
19.3974 0.0597889 8136 0.895189
19.4426 0.0581291 6384 0.870338
19.4935 0.0582405 8286 0.872005
19.5444 0.0578761 7692 0.866549
19.5944 0.0592 8072 0.886371
19.6434 0.0574332 7584 0.859918
19.6937 0.0576377 7992 0.86298
19.7458 0.0570203 7944 0.853735
19.7992 0.0573589 8646 0.858806
19.8493 0.055966 8232 0.83795
19.9018 0.0575655 8472 0.861899
19.9524 0.0575984 7560 0.862392
20.0013 0.0553975 8220 0.829439
20.0525 0.0562247 8616 0.841824
20.1063 0.0550225 8622 0.823825
20.157 0.0555837 8336 0.832227
20.2078 0.0550323 8184 0.823971
20.2598 0.055195 9312 0.826407
20.3126 0.0526343 8736 0.788067
20.3651 0.0531105 8184 0.795197
20.4177 0.0530498 9354 0.794287
20.4698 0.0524184 8544 0.784834
20.5231 0.0516223 9816 0.772915
20.576 0.05297 8712 0.793094
20.627 0.053007 8256 0.793647
20.6786 0.0523511 9344 0.783826
20.7331 0.0524569 9822 0.785411
20.7882 0.0525378 9624 0.786622
20.8426 0.0529884 9480 0.793368
20.8961 0.0522375 9132 0.782125
20.9485 0.0532259 9816 0.796925
20.9997 0.0527845 8688 0.790315
21.0552 0.0515441 10062 0.771744
21.1104 0.0512328 10512 0.767083
21.1672 0.049255 10104 0.737471
21.2183 0.0514674 8936 0.770595
21.2722 0.0506664 10488 0.758602
21.3287 0.0482052 9660 0.721752
21.3821 0.0501707 10206 0.751181
21.4364 0.0504879 10680 0.75593
21.4933 0.049429 10296 0.740076
21.5483 0.0505628 10224 0.757051
21.6033 0.0489229 10656 0.732498
21.6589 0.0492494 10134 0.737387
21.7146 0.0492235 11496 0.736999
21.7745 0.0496374 10724 0.743196
21.8273 0.0477575 10656 0.715048
21.8816 0.0495701 10320 0.742188
21.94 0.0500373 11592 0.749183
21.9988 0.0476086 11358 0.71282
22.054 0.0479792 10632 0.718367
22.1087 0.0481595 11640 0.721068
22.1666 0.0484092 10920 0.724807
22.2221 0.0489403 11004 0.732759
22.2772 0.0469595 11262 0.7031
22.3371 0.0478642 12440 0.716646
22.3946 0.0464809 11712 0.695935
22.4502 0.0461871 10512 0.691535
22.5085 0.0472329 13632 0.707194
22.5697 0.0483596 11496 0.724063
22.6258 0.0452793 11022 0.677944
22.6838 0.0460439 13500 0.689392
22.7451 0.0454122 12624 0.679933
22.8008 0.0457015 11040 0.684265
22.8586 0.0467687 12488 0.700244
22.9186 0.0455439 12774 0.681906
22.9762 0.0451408 12720 0.675871
23.0377 0.0448524 13320 0.671553
23.0988 0.0445683 13044 0.667299
23.1576 0.0447643 12552 0.670233
23.2162 0.044191 12672 0.66165
23.275 0.0444402 13398 0.665381
23.3369 0.0435393 13200 0.651892
23.3935 0.0430341 12968 0.644328
23.4545 0.0433394 13632 0.648898
23.5125 0.0439554 12408 0.658123
23.5748 0.0448228 14562 0.671109
23.6353 0.0431355 13944 0.645846
23.6958 0.0423412 13704 0.633954
23.7592 0.042945 14256 0.642994
23.8166 0.042745 12936 0.639999
23.8778 0.0426682 14526 0.638849
23.9404 0.0417662 14864 0.625345
24.0043 0.042256 14724 0.632677
24.0649 0.041901 14136 0.627362
24.1248 0.0413486 13776 0.619091
24.1875 0.0420617 15366 0.629768
24.2503 0.0417932 14880 0.625749
24.3119 0.0414789 14736 0.621043
24.3743 0.0409537 15576 0.613178
24.4392 0.0418303 14892 0.626303
24.5001 0.0401316 14774 0.600869
24.5622 0.041943 16128 0.627991
24.6263 0.0402734 14928 0.602993
24.6879 0.0404518 15672 0.605664
24.7527 0.0401098 16176 0.600544
24.8164 0.040273 15486 0.602987
24.8796 0.0396603 15780 0.593814
24.9442 0.0402029 17712 0.601937
25.0107 0.0390626 15272 0.584865
25.0724 0.0398711 16392 0.59697
25.1394 0.0390052 17070 0.584004
25.2035 0.0389364 16824 0.582975
25.2688 0.0375957 16608 0.562902
25.3326 0.0388755 16644 0.582064
25.3969 0.0390773 16512 0.585084
25.4633 0.0385874 18366 0.57775
25.5297 0.0378905 16368 0.567315
25.5949 0.0382011 18752 0.571966
25.6601 0.0374016 16080 0.559996
25.7231 0.0375465 16920 0.562164
25.7904 0.0376423 19074 0.563598
25.8577 0.0370733 18168 0.55508
25.9252 0.0374016 18432 0.559995
25.9924 0.0375955 17856 0.562898
26.0586 0.0368725 18414 0.552073
26.1268 0.0368171 19280 0.551243
26.195 0.0364872 18828 0.546304
26.2596 0.0361085 17256 0.540634
26.3249 0.0358203 19392 0.53632
26.3952 0.0356194 19446 0.533311
26.4628 0.0359511 19272 0.538278
26.5322 0.0359703 20592 0.538564
26.6014 0.0352695 19008 0.528073
26.6684 0.0352081 18500 0.527153
26.7356 0.035039 21246 0.524622
26.8047 0.0347327 18696 0.520035
26.8729 0.0347471 21240 0.520251
26.945 0.0344302 21048 0.515505
27.0152 0.0345763 20022 0.517693
27.0829 0.0344439 20124 0.515711
27.1495 0.0339502 20280 0.508319
27.2209 0.0338707 22232 0.507128
27.2926 0.0336154 20376 0.503306
27.3615 0.0338785 21390 0.507246
27.4318 0.0333531 21960 0.499379
27.5002 0.0332345 20040 0.497604
27.5719 0.0333185 23268 0.498861
27.6439 0.0329584 21510 0.493469
27.715 0.032458 22608 0.485977
27.7861 0.0329571 21896 0.493449
27.8576 0.0328996 23304 0.492588
27.9287 0.0325181 20838 0.486877
27.9986 0.0328088 23556 0.49123
28.0714 0.0321821 23184 0.481847
28.1449 0.0319795 24168 0.478813
28.2185 0.0318654 22272 0.477104
28.29 0.0321286 24374 0.481045
28.3629 0.0311937 23328 0.467048
28.4352 0.0313977 23844 0.470101
28.5081 0.0312661 24096 0.468131
28.5827 0.0311887 24942 0.466973
28.6568 0.0309557 24120 0.463483
28.7292 0.0309497 25008 0.463394
28.8041 0.0310567 24776 0.464996
28.8793 0.0310039 25266 0.464206
28.9524 0.0305321 24960 0.457142
29.0269 0.0307286 26184 0.460084
29.103 0.0308134 25032 0.461353
29.1757 0.0308065 25392 0.46125
29.251 0.0299597 26526 0.448571
29.3255 0.0302824 25548 0.453403
29.4021 0.0304871 28256 0.456468
29.4795 0.0298107 25680 0.44634
29.5542 0.029649 26526 0.443919
29.6293 0.0292705 27600 0.438252
29.7043 0.0292281 26328 0.437618
29.7817 0.0288548 27996 0.432029
29.8574 0.0298677 27246 0.447194
29.9347 0.0284887 28664 0.426547
30.0127 0.028769 28320 0.430744
30.089 0.0286909 27408 0.429574
30.1652 0.0291275 28254 0.436112
30.2438 0.0282142 30012 0.422437
30.3223 0.0282223 29040 0.422558
30.4007 0.0284256 28824 0.425601
30.4792 0.0278596 29654 0.417127
30.556 0.0278913 29640 0.417603
30.6357 0.0273875 29988 0.410059
30.7145 0.0276504 30672 0.413996
30.7945 0.0273588 29814 0.40963
30.8718 0.0274097 30000 0.410391
30.9495 0.0270716 31056 0.40533
31.0305 0.0269822 31208 0.403991
31.1105 0.0270523 31194 0.40504
31.1917 0.0267712 33096 0.400831
31.2716 0.0271797 30480 0.406948
31.3505 0.0263982 31488 0.395246
31.4315 0.0267719 33222 0.400842
31.5119 0.0265312 31476 0.397238
31.5932 0.0263402 34400 0.394378
31.6747 0.0257634 31992 0.385742
31.756 0.0262571 32958 0.393134
31.8369 0.0260224 34728 0.38962
31.9214 0.0256982 34368 0.384766
32.0022 0.0259372 32268 0.388345
32.0837 0.025423 35822 0.380645
32.1676 0.0256973 34512 0.384753
32.2483 0.0252526 33384 0.378094
32.331 0.0253744 36126 0.379918
32.4146 0.0254175 34788 0.380563
32.4973 0.0248121 36576 0.371499
32.5819 0.0249751 35664 0.373939
32.6656 0.0245699 35846 0.367873
32.7487 0.0246194 37200 0.368613
32.8335 0.0245535 36456 0.367627
32.9169 0.024689 36804 0.369656
33.0026 0.0242104 37902 0.362489
33.0877 0.0241228 37944 0.361179
33.174 0.0240045 38936 0.359407
33.2581 0.02402 36192 0.35964
33.3424 0.0234337 38898 0.350862
33.4279 0.0237467 39456 0.355547
33.515 0.0237089 39216 0.354982
33.6037 0.0234696 41214 0.351399
33.689 0.0232154 37704 0.347592
33.774 0.0231607 40772 0.346774
33.8615 0.0232514 40056 0.348131
33.9478 0.0228816 40014 0.342594
34.0351 0.0230721 42168 0.345446
34.124 0.0226919 41712 0.339754
34.2119 0.0225736 40818 0.337983
34.2993 0.0228384 42920 0.341948
34.3882 0.0226026 41976 0.338418
34.4753 0.0225456 41424 0.337564
34.5632 0.0224107 43590 0.335543
34.6539 0.0220468 44244 0.330096
34.7436 0.0222658 44256 0.333375
34.8317 0.0219192 40982 0.328185
34.9193 0.0217948 45816 0.326322
35.0108 0.0217562 45360 0.325744
35.1021 0.0219807 44988 0.329106
35.1914 0.021721 44526 0.325218
35.2811 0.0218662 45768 0.327392
35.3715 0.0216313 45968 0.323875
35.462 0.0213822 46038 0.320145
35.5548 0.0213742 47844 0.320026
35.6465 0.0214083 47736 0.320535
35.7382 0.0209934 46152 0.314324
35.8287 0.0210166 47694 0.314671
35.9205 0.0209032 48464 0.312973
36.0138 0.0208624 49404 0.312362
36.1075 0.0207767 49086 0.311079
36.2003 0.0206522 49080 0.309215
36.2923 0.0204545 49632 0.306255
36.3853 0.0204416 49092 0.306062
36.4786 0.0205192 51494 0.307224
36.5735 0.0202333 51792 0.302943
36.6689 0.0202317 50880 0.302919
36.7611 0.0201239 50430 0.301304
36.8562 0.019895 53892 0.297877
36.9524 0.0197671 52704 0.295962
37.0461 0.0199738 50534 0.299057
37.1396 0.0195795 54072 0.293153
37.235 0.0192491 53448 0.288207
37.3324 0.0194995 55284 0.291957
37.4296 0.019423 55422 0.290811
37.5251 0.0191471 53096 0.286679
37.6202 0.0190876 56184 0.285789
37.7181 0.0191842 55530 0.287235
37.8148 0.0190207 56952 0.284787
37.9117 0.0190621 55728 0.285408
38.0096 0.0188312 57894 0.28195
38.1077 0.0187177 58088 0.280251
38.2064 0.0185327 57996 0.27748
38.3036 0.0184572 57222 0.27635
38.4004 0.0184444 58368 0.276158
38.4998 0.0181633 61080 0.27195
38.6002 0.0180538 59006 0.27031
38.6989 0.0183082 61044 0.274119
38.7988 0.0179842 61128 0.269269
38.8984 0.0178337 59616 0.267014
38.9979 0.0179135 63222 0.26821
39.0985 0.0176218 61044 0.263843
39.1981 0.0174593 62816 0.261409
39.2989 0.0176252 62526 0.263894
39.3992 0.0176925 64416 0.264901
39.501 0.0173941 63156 0.260434
39.6035 0.0174864 66798 0.261815
39.7059 0.0171498 64448 0.256776
39.8075 0.0171816 65424 0.257252
39.9098 0.0170398 65694 0.255128
40.0124 0.0171227 67452 0.256369
40.1149 0.0169354 66528 0.253565
40.2191 0.0168971 68462 0.252992
40.3222 0.0168946 68400 0.252955
40.4256 0.0168307 67236 0.251998
40.53 0.0166334 71910 0.249044
40.6363 0.0167421 69744 0.250671
40.7386 0.016552 68088 0.247825
40.8419 0.0163966 70250 0.245498
40.9466 0.0164085 72744 0.245676
41.053 0.016302 71928 0.244081
41.159 0.016153 72534 0.241851
41.2646 0.0161773 73560 0.242215
41.3712 0.0161364 73988 0.241602
41.4772 0.0157975 73062 0.236529
41.5831 0.0158484 75336 0.237291
41.6906 0.0157753 75648 0.236195
41.7987 0.015864 76458 0.237523
41.906 0.015708 76904 0.235188
42.0139 0.0156783 76368 0.234744
42.1216 0.0156223 78222 0.233905
42.2297 0.0154688 77940 0.231607
42.3371 0.015427 77832 0.23098
42.4472 0.0153517 81494 0.229854
42.5562 0.0153334 79440 0.229579
42.6659 0.015348 80940 0.229798
42.7753 0.015125 81390 0.226459
42.8856 0.0151772 82848 0.22724
42.996 0.0150326 81806 0.225075
43.1072 0.0148461 85044 0.222283
43.2176 0.015004 82608 0.224647
43.3292 0.014825 85470 0.221968
43.4392 0.0148075 83400 0.221706
43.5506 0.0145773 86876 0.218259
43.6633 0.0146838 87198 0.219853
43.7751 0.0145595 85608 0.217992
43.8881 0.0144736 91104 0.216705
44.0026 0.0142941 86946 0.214019
44.1136 0.0142477 88808 0.213323
44.2274 0.01412 90360 0.211411
44.3405 0.0141359 89958 0.211649
44.4551 0.014052 92916 0.210394
44.5696 0.0138488 91046 0.207351
44.6839 0.0138874 93384 0.207929
44.7984 0.0137621 92880 0.206053
44.9142 0.0136807 95082 0.204834
45.0292 0.0136677 94464 0.204639
45.1451 0.0135257 95792 0.202513
45.2606 0.0135121 95370 0.202309
45.3774 0.0135363 99624 0.202672
45.4939 0.013455 94824 0.201455
45.6102 0.0133648 101094 0.200104
45.7283 0.013363 98756 0.200078
45.8464 0.0131764 101550 0.197283
45.9653 0.0131499 101520 0.196887
46.083 0.013129 101088 0.196574
46.201 0.013085 101618 0.195915
46.3191 0.0129869 104568 0.194446
46.4392 0.0128491 103566 0.192383
46.5579 0.0128582 105168 0.192519
46.6782 0.0128539 106692 0.192455
46.7986 0.0127452 106046 0.190827
46.9191 0.0126103 108960 0.188808
47.0397 0.0126684 106548 0.189677
47.1601 0.012643 109806 0.189298
47.281 0.0124814 109328 0.186877
47.4019 0.0124585 109854 0.186535
47.524 0.0122977 112884 0.184127
47.6471 0.0123309 113832 0.184624
47.7703 0.0121988 112518 0.182646
47.8919 0.0121835 113624 0.182417
48.0151 0.0121168 115434 0.181419
48.1378 0.012069 115056 0.180702
48.2625 0.0120894 119808 0.181009
48.388 0.0119461 116786 0.178863
48.5109 0.0119107 118488 0.178332
48.6355 0.0118769 118398 0.177827
48.7605 0.0117975 122640 0.176638
48.8868 0.011723 121620 0.175523
49.0127 0.0116773 122126 0.174839
49.1384 0.0115765 123888 0.17333
49.2648 0.0115044 123714 0.172249
49.3907 0.0115808 125088 0.173393
49.5181 0.0114767 127424 0.171835
49.6456 0.0113705 126222 0.170244
49.7726 0.0113763 128676 0.170332
49.9009 0.0113272 129126 0.169596
50.0299 0.0112532 132056 0.168488
50.1588 0.011151 130308 0.166959
50.2871 0.011124 131814 0.166554
50.4164 0.0110653 133728 0.165675
50.5457 0.0110418 133574 0.165324
50.6763 0.0109738 137772 0.164305
50.806 0.0108793 132888 0.162889
50.9364 0.0108939 140166 0.163108
51.0677 0.0107807 137484 0.161413
51.199 0.0106827 140270 0.159946
51.33 0.0106461 138696 0.159399
51.4617 0.0105774 143286 0.15837
51.5948 0.0106191 143436 0.158995
51.728 0.010578 144680 0.15838
51.8612 0.0104467 144654 0.156412
51.9944 0.0104518 146772 0.156489
52.1276 0.0104494 145710 0.156454
52.2609 0.0103731 148880 0.155312
52.3956 0.010313 149556 0.154411
52.5302 0.0101844 151326 0.152486
52.6653 0.0101233 151704 0.151571
52.8005 0.010104 152342 0.151282
52.9367 0.0100588 156876 0.150605
53.0737 0.0100169 154398 0.149978
53.2091 0.00999628 156744 0.149669
53.3461 0.00991714 157274 0.148484
53.4833 0.00987706 160416 0.147884
53.6213 0.00988998 161016 0.148078
53.7601 0.0097131 162258 0.145429
53.8972 0.00970647 160880 0.14533
54.0355 0.00961477 164310 0.143957
54.1742 0.00958427 165780 0.1435
54.3141 0.00949053 167454 0.142097
54.4533 0.0095423 166520 0.142872
54.5929 0.00948461 169290 0.142008
54.7333 0.00943515 171552 0.141268
54.8742 0.00937651 171120 0.14039
55.0156 0.00930794 174734 0.139363
55.1569 0.00932872 173628 0.139674
55.2995 0.0092262 177438 0.138139
55.4406 0.00918198 174728 0.137477
55.5832 0.00912026 180474 0.136553
55.7266 0.00913018 179904 0.136702
55.8696 0.00903894 180726 0.135335
56.0132 0.00905303 183932 0.135546
56.1569 0.00900617 182328 0.134845
56.3011 0.00896214 187350 0.134186
56.4471 0.0089308 188676 0.133716
56.5927 0.00877722 187766 0.131417
56.7371 0.00881284 189408 0.13195
56.8838 0.00879876 192594 0.131739
57.0301 0.00871021 193632 0.130414
57.1771 0.0087092 194030 0.130398
57.3236 0.00861498 195852 0.128988
57.4711 0.00865512 197070 0.129589
57.618 0.00857324 198416 0.128363
57.7665 0.00854902 201018 0.128
57.9147 0.00850145 201744 0.127288
58.0633 0.00847629 202806 0.126911
58.2129 0.00847019 207212 0.12682
58.3628 0.00837102 205614 0.125335
58.5129 0.0083197 210096 0.124567
58.6636 0.00827278 208812 0.123864
58.8139 0.0082418 211502 0.1234
58.965 0.00818504 213912 0.12255
59.1179 0.00822627 217362 0.123168
59.2701 0.00811591 215360 0.121515
59.4221 0.00809214 218526 0.12116
59.5747 0.00805228 219300 0.120563
59.7282 0.00799906 222726 0.119766
59.8809 0.00797535 221480 0.119411
60.0349 0.0079076 225978 0.118396
60.1888 0.00784931 225192 0.117524
60.3444 0.0078022 232382 0.116818
60.4997 0.0077899 228348 0.116634
60.6552 0.00774631 232974 0.115982
60.8106 0.00772625 232524 0.115681
60.9674 0.00768152 238310 0.115011
61.1244 0.00765805 236064 0.11466
61.2815 0.00760764 240498 0.113905
61.4388 0.007569 240536 0.113327
61.5968 0.00754443 243174 0.112959
61.7548 0.00750594 244452 0.112383
61.9144 0.00742731 249678 0.111205
62.0739 0.00743158 248432 0.111269
62.234 0.00739193 251682 0.110676
62.3932 0.00736637 250032 0.110293
62.5527 0.00734131 254126 0.109918
62.7132 0.0073099 256788 0.109447
62.8757 0.00728351 261654 0.109052
63.0381 0.00723586 260676 0.108339
63.1996 0.00716409 260846 0.107264
63.3622 0.00719962 267240 0.107796
63.5255 0.00710023 264810 0.106308
63.6877 0.0070947 267560 0.106225
63.8519 0.00707279 273894 0.105897
64.0167 0.00701842 271554 0.105083
64.1806 0.0069703 274616 0.104363
64.3453 0.00693893 276426 0.103893
64.5106 0.00692805 280896 0.10373
64.6769 0.00688316 280286 0.103058
64.843 0.00683001 284748 0.102262
65.0109 0.00680507 288774 0.101889
65.1777 0.00677347 285264 0.101416
65.3455 0.00674542 292730 0.100996
65.5132 0.00670262 289776 0.100355
65.6811 0.00669644 295314 0.100262
65.8496 0.00666731 296288 0.0998262
66.0197 0.00664089 302190 0.0994306
66.1897 0.00661945 300564 0.0991096
66.3601 0.00658798 305702 0.0986385
66.5303 0.00651108 303510 0.097487
66.7004 0.00651091 308652 0.0974845
66.873 0.00646921 314558 0.0968601
67.0452 0.00642525 311988 0.096202
67.2167 0.00641327 314166 0.0960226
67.3893 0.00637562 319856 0.0954589
67.5627 0.00633296 319770 0.0948202
67.736 0.0063081 323448 0.094448
67.9099 0.00624663 324522 0.0935276
68.0843 0.00622819 329726 0.0932516
68.2601 0.00619149 332016 0.0927021
68.4362 0.00617812 334626 0.0925018
68.612 0.00613211 335168 0.091813
68.7884 0.00610437 338658 0.0913976
68.9655 0.00606826 343800 0.090857
69.1432 0.00605367 342110 0.0906386
69.3207 0.006009 347556 0.0899697
69.4995 0.00598122 350334 0.0895537
69.6777 0.00599104 349538 0.0897008
69.8564 0.00593148 355776 0.088809
70.0364 0.00593622 357534 0.0888801
70.2163 0.00585672 360068 0.0876896
70.3968 0.0058571 362454 0.0876954
70.5773 0.00577796 365028 0.0865105
70.7588 0.00579416 369782 0.0867531
70.9406 0.00576526 369918 0.0863202
71.1227 0.00573994 374796 0.0859412
71.3065 0.00569559 379982 0.0852772
71.4899 0.00567785 378780 0.0850115
71.6738 0.00566851 384414 0.0848717
71.8578 0.00566257 383942 0.0847828
72.0427 0.00560713 392340 0.0839528
72.2278 0.0055912 387750 0.0837142
72.4132 0.0055571 398828 0.0832037
72.5999 0.00554062 396150 0.082957
72.7859 0.00549802 401364 0.082319
72.9733 0.00548132 405398 0.082069
73.1618 0.00544741 409662 0.0815614
73.3494 0.00542249 407364 0.0811882
73.5378 0.00538736 414878 0.0806622
73.7266 0.0053522 415908 0.0801358
73.9161 0.0053453 421094 0.0800325
74.1066 0.00532445 424146 0.0797203
74.2971 0.00528721 426792 0.0791627
74.4885 0.00524965 431078 0.0786004
74.6798 0.00525175 431538 0.0786318
74.8715 0.00521628 438096 0.0781007
75.0646 0.00518975 440258 0.0777035
75.2577 0.00516296 444936 0.0773024
75.4513 0.00511759 445530 0.0766231
75.645 0.00508419 451022 0.076123
75.8399 0.00507367 455808 0.0759654
76.0354 0.00505841 457122 0.075737
76.2304 0.00502787 459488 0.0752797
76.4264 0.00501151 466050 0.0750349
76.6232 0.00498691 467550 0.0746665
76.8199 0.00495713 471692 0.0742205
77.0177 0.00494059 476262 0.0739729
77.2151 0.00489774 475634 0.0733314
77.4132 0.00489959 484896 0.073359
77.6125 0.00487939 484782 0.0730566
77.8115 0.0048402 489914 0.0724698
78.0117 0.00481438 495264 0.0720833
78.2131 0.00478385 500082 0.0716261
78.4143 0.00476585 500456 0.0713567
78.6159 0.00474182 506682 0.0709968
78.8177 0.00472758 507134 0.0707837
79.0203 0.00467681 516012 0.0700235
79.2243 0.00465968 518838 0.0697671
79.4272 0.00462823 515978 0.0692962
79.6311 0.00464116 530376 0.0694898
79.8371 0.00460525 529734 0.068952
80.0421 0.00457141 532778 0.0684454
80.2477 0.00456752 537816 0.0683871
80.4541 0.00453844 541322 0.0679518
80.6607 0.00449672 546414 0.0673271
80.8685 0.00448797 551916 0.0671961
81.0764 0.00447002 553094 0.0669273
81.2845 0.0044446 558474 0.0665468
81.4935 0.0044146 564552 0.0660975
81.7033 0.00439506 566498 0.0658051
81.913 0.00437698 571878 0.0655343
82.1239 0.00435689 577724 0.0652334
82.3355 0.00431105 582438 0.0645471
82.5465 0.00427686 579690 0.0640352
82.758 0.00426874 592112 0.0639137
82.9721 0.00425261 598134 0.0636721
83.1855 0.00424384 596618 0.0635408
83.3989 0.00421527 603792 0.0631131
83.6131 0.00422069 606738 0.0631942
83.8282 0.00419662 614870 0.0628338
84.044 0.00418446 617940 0.0626517
84.2603 0.00415359 623510 0.0621896
84.477 0.0041246 626322 0.0617555
84.6934 0.00409688 629328 0.0613405
84.911 0.00407864 639050 0.0610674
85.1297 0.00405974 641766 0.0607844
85.3485 0.00403037 647306 0.0603447
85.5682 0.00401388 653112 0.0600978
85.7884 0.00399406 656874 0.059801
86.0089 0.0039652 662126 0.0593689
86.2299 0.00396029 666780 0.0592955
86.4514 0.00392995 670934 0.0588412
86.6737 0.00390926 679698 0.0585314
86.8964 0.0038924 680064 0.058279
87.12 0.00387565 691682 0.0580281
87.3448 0.00385733 694686 0.0577539
87.569 0.00383726 695450 0.0574534
87.7937 0.00382713 705840 0.0573017
88.0203 0.00379981 712314 0.0568926
88.2462 0.00378444 710150 0.0566624
88.4726 0.0037646 723276 0.0563655
88.7001 0.00375055 723230 0.056155
88.9284 0.00373404 736218 0.0559079
89.1579 0.00370876 738662 0.0555294
89.3867 0.00368921 740364 0.0552366
89.6161 0.00367284 748398 0.0549916
89.8463 0.00366144 753290 0.0548209
90.0772 0.00364024 762138 0.0545035
90.3085 0.00363181 763784 0.0543772
90.5413 0.00360614 778170 0.0539929
90.7746 0.0035838 776006 0.0536584
91.0075 0.00356771 783738 0.0534176
91.2418 0.00354848 794256 0.0531295
91.4765 0.00352908 792962 0.0528391
91.7111 0.00349599 801846 0.0523437
91.9473 0.00348368 813170 0.0521594
92.1839 0.00345718 812880 0.0517626
92.4211 0.00345604 824282 0.0517455
92.6591 0.00343464 827622 0.0514252
92.8972 0.00342236 834186 0.0512412
93.1361 0.00341413 841472 0.0511181
93.375 0.00339568 841890 0.0508418
93.6147 0.00336436 856262 0.0503728
93.8558 0.00335429 861042 0.0502221
94.0972 0.00333235 867476 0.0498936
94.3397 0.0033196 877470 0.0497027
94.5823 0.00330686 876842 0.049512
94.8248 0.00328843 886686 0.0492361
95.0688 0.00325825 896130 0.0487841
95.3133 0.0032568 899528 0.0487624
95.5582 0.00323749 908634 0.0484733
95.804 0.00321703 915134 0.0481669
96.0501 0.00319528 920034 0.0478413
96.2972 0.00318148 933212 0.0476346
96.545 0.00317594 933582 0.0475517
96.7929 0.00314555 944786 0.0470967
97.0421 0.00313688 952422 0.0469669
97.2918 0.00311821 958850 0.0466873
97.5418 0.0031006 964152 0.0464237
97.7929 0.00309032 977106 0.0462698
98.0448 0.00307709 980390 0.0460717
98.2967 0.00306093 987162 0.0458298
98.5494 0.00304675 997082 0.0456174
98.803 0.00302583 1005240 0.0453043
99.0568 0.00302047 1008218 0.0452239
99.3112 0.00298383 1020270 0.0446754
99.567 0.00297704 1029386 0.0445737
99.8227 0.00297162 1030422 0.0444926
100.079 0.00294893 1048556 0.0441529
100.337 0.0029372 1044762 0.0439772
100.594 0.00291963 1061342 0.0437142
100.853 0.00290203 1066122 0.0434507
101.112 0.00289644 1080278 0.043367
101.372 0.00288112 1080882 0.0431375
101.633 0.00285758 1095860 0.0427852
101.895 0.00284212 1101246 0.0425537
102.156 0.00282681 1105722 0.0423244
102.419 0.00281782 1122854 0.0421898
102.683 0.00279903 1122522 0.0419085
102.946 0.00278427 1135754 0.0416875
103.211 0.0027764 1146096 0.0415696
103.476 0.00276651 1150154 0.0414216
103.743 0.00275635 1165614 0.0412695
104.01 0.00273424 1169954 0.0409384
104.276 0.00272652 1174794 0.0408228
104.544 0.00270687 1188782 0.0405286
104.813 0.00269466 1202250 0.0403458
105.083 0.00267699 1207520 0.0400812
105.354 0.00266856 1221258 0.0399549
105.624 0.00265326 1222682 0.0397259
105.896 0.0026418 1236822 0.0395544
106.168 0.00262924 1245962 0.0393662
106.441 0.00260983 1251582 0.0390757
106.714 0.00259968 1263914 0.0389237
106.989 0.00258127 1277892 0.038648
107.264 0.00257245 1287302 0.0385159
107.541 0.00256244 1295394 0.0383662
107.817 0.00255182 1300334 0.0382071
108.094 0.00253465 1315458 0.0379501
108.372 0.00252107 1325810 0.0377467
108.651 0.00250942 1334190 0.0375722
108.93 0.00249353 1343954 0.0373344
109.21 0.00248615 1357794 0.0372238
109.491 0.00247854 1363328 0.0371099
109.771 0.00246168 1371210 0.0368575
110.054 0.0024503 1394666 0.0366871
110.338 0.00243585 1396910 0.0364708
110.621 0.00242338 1410546 0.036284
110.906 0.00241076 1416590 0.0360951
111.19 0.00239844 1429794 0.0359106
111.477 0.00239059 1449338 0.0357931
111.764 0.00237528 1451382 0.0355638
112.051 0.00236547 1459178 0.0354169
112.338 0.00235458 1474866 0.0352539
112.627 0.00233961 1486952 0.0350297
112.917 0.00233457 1500402 0.0349544
113.208 0.00232003 1512098 0.0347366
113.499 0.0023057 1521486 0.0345221
113.791 0.00229337 1531346 0.0343375
114.083 0.00228599 1544826 0.0342269
114.376 0.00226925 1556654 0.0339763
114.67 0.002261 1570562 0.0338529
114.965 0.00224778 1579914 0.0336549
115.261 0.0022394 1598798 0.0335294
115.558 0.00222408 1603074 0.0333001
115.855 0.002214 1620794 0.0331491
116.153 0.00220428 1631262 0.0330036
116.451 0.00219534 1639754 0.0328697
116.751 0.00218071 1658106 0.0326507
117.051 0.00217049 1667510 0.0324977
117.351 0.00216426 1679754 0.0324043
117.653 0.00214689 1698164 0.0321443
117.956 0.00213602 1707206 0.0319816
118.259 0.00212641 1717866 0.0318377
118.563 0.00211569 1737602 0.0316772
118.868 0.00210525 1745166 0.0315208
119.174 0.00209298 1768226 0.0313372
119.48 0.00208242 1771986 0.031179
119.788 0.00207449 1789838 0.0310603
120.096 0.00206297 1802874 0.0308879
120.404 0.00205303 1814282 0.030739
120.714 0.00204376 1834154 0.0306002
121.024 0.00203319 1843710 0.0304419
121.336 0.00202064 1859306 0.0302541
121.647 0.00201377 1870050 0.0301512
121.96 0.00200169 1891334 0.0299703
122.274 0.00199145 1898490 0.0298169
122.588 0.00198734 1921898 0.0297555
122.903 0.0019729 1926590 0.0295392
123.219 0.00196424 1950426 0.0294096
123.536 0.00195459 1966178 0.0292651
123.854 0.00194226 1973922 0.0290804
124.172 0.00192711 1991942 0.0288537
124.492 0.00192243 2008394 0.0287836
124.811 0.00190805 2021802 0.0285682
125.132 0.00190294 2039858 0.0284917
125.454 0.00189136 2057670 0.0283184
125.777 0.00188079 2069354 0.0281601
126.1 0.00187453 2086922 0.0280664
126.424 0.00186526 2101206 0.0279276
126.75 0.00185588 2122514 0.0277872
127.076 0.00184443 2133600 0.0276156
127.402 0.00183492 2148026 0.0274734
127.73 0.00182538 2177030 0.0273304
128.059 0.0018162 2183874 0.027193
128.387 0.00181211 2194802 0.0271318
128.717 0.00180419 2228706 0.0270132
129.049 0.00179241 2238902 0.0268368
129.381 0.00178349 2249906 0.0267033
129.713 0.00177398 2273034 0.0265609
130.047 0.00176698 2286386 0.0264561
130.381 0.00175849 2303982 0.026329
130.716 0.00175222 2326394 0.0262351
131.052 0.00174128 2342522 0.0260714
131.389 0.00172939 2361450 0.0258933
131.727 0.00171943 2375606 0.0257442
132.066 0.00171086 2398010 0.0256158
132.405 0.00170206 2411016 0.025484
132.746 0.00169642 2442266 0.0253997
133.087 0.00168441 2449086 0.0252198
133.429 0.00167836 2476418 0.0251292
133.772 0.0016729 2484818 0.0250475
134.116 0.00166277 2516802 0.0248958
134.461 0.0016546 2530442 0.0247735
134.807 0.00164399 2554382 0.0246147
135.154 0.00163666 2565978 0.0245049
135.502 0.00162926 2590778 0.0243941
135.85 0.00162081 2606874 0.0242675
136.199 0.00160949 2631164 0.024098
136.549 0.00160147 2649554 0.023978
136.9 0.00159564 2666754 0.0238908
137.252 0.00158794 2693714 0.0237754
137.606 0.0015795 2715650 0.023649
137.959 0.00157225 2725038 0.0235405
138.313 0.0015636 2755226 0.023411
138.669 0.00155587 2773802 0.0232952
139.026 0.0015491 2798760 0.0231939
139.383 0.00154158 2820002 0.0230813
139.742 0.00153332 2837054 0.0229576
140.101 0.00152386 2870922 0.022816
140.462 0.00151836 2881346 0.0227337
140.823 0.00150864 2902394 0.0225881
141.185 0.00150283 2928498 0.0225012
141.547 0.00149311 2947664 0.0223556
141.911 0.00148437 2979758 0.0222247
142.277 0.00147647 2998434 0.0221064
142.643 0.00146815 3024578 0.0219818
143.01 0.00146363 3043514 0.0219142
143.377 0.00145625 3061818 0.0218036
143.746 0.00144937 3091868 0.0217007
144.115 0.0014399 3114722 0.0215589
144.486 0.00143252 3143634 0.0214484
144.857 0.00142802 3160586 0.0213811
145.23 0.00141916 3184658 0.0212483
145.603 0.00141273 3222000 0.021152
145.978 0.0014034 3231974 0.0210124
146.353 0.00139642 3262802 0.0209078
146.729 0.00138641 3286002 0.0207581
147.106 0.00138266 3312602 0.0207019
147.485 0.00137656 3337568 0.0206106
147.864 0.00136755 3366362 0.0204757
148.244 0.00136181 3396018 0.0203897
148.625 0.00135351 3408926 0.0202654
149.007 0.00134955 3444482 0.0202061
149.39 0.00134076 3467784 0.0200746
149.774 0.00133443 3498770 0.0199798
150.16 0.00132673 3524282 0.0198645
150.546 0.00131912 3548354 0.0197506
150.933 0.00131103 3580968 0.0196294
151.321 0.00130502 3607658 0.0195394
151.71 0.00130047 3634646 0.0194713
152.1 0.00129261 3660666 0.0193536
152.491 0.00128781 3689696 0.0192818
152.884 0.00128124 3722978 0.0191833
153.277 0.00127284 3749090 0.0190575
153.671 0.00126874 3773754 0.0189962
154.066 0.0012588 3805976 0.0188473
154.462 0.0012533 3833522 0.018765
154.859 0.00124834 3862434 0.0186907
155.257 0.00124166 3903374 0.0185908
155.657 0.00123581 3917240 0.0185031
156.057 0.00123086 3961082 0.0184291
156.458 0.00122432 3985818 0.0183311
156.861 0.00121577 4017122 0.0182031
157.264 0.0012111 4050344 0.0181331
157.668 0.00120576 4079402 0.0180533
158.073 0.00119944 4102290 0.0179586
158.48 0.00119344 4147256 0.0178687
158.887 0.00118717 4173074 0.0177748
159.296 0.00118144 4204082 0.0176891
159.705 0.00117529 4241100 0.017597
160.116 0.00117078 4268354 0.0175295
160.528 0.00116407 4310354 0.017429
160.94 0.00115832 4336802 0.0173429
161.354 0.00115275 4373568 0.0172595
161.769 0.00114715 4401866 0.0171757
162.185 0.00114016 4440074 0.017071
162.602 0.00113693 4476560 0.0170227
163.02 0.00113078 4509378 0.0169306
163.44 0.0011225 4546658 0.0168066
163.86 0.0011169 4583720 0.0167228
164.282 0.00111212 4613090 0.0166511
164.704 0.0011058 4650386 0.0165566
165.127 0.00110008 4686120 0.016471
165.552 0.00109578 4713410 0.0164066
165.977 0.00109162 4757864 0.0163442
166.404 0.00108543 4793786 0.0162515
166.832 0.00107926 4840422 0.0161592
167.261 0.00107522 4868024 0.0160988
167.691 0.0010692 4904978 0.0160086
168.122 0.00106344 4946690 0.0159223
168.554 0.00105708 4985120 0.0158271
168.988 0.00105081 5023338 0.0157333
169.423 0.00104639 5067146 0.0156671
169.858 0.00104198 5094296 0.015601
170.295 0.0010369 5139554 0.0155249
170.733 0.00103279 5182520 0.0154635
171.172 0.00102756 5223618 0.0153851
171.612 0.00102025 5252786 0.0152757
172.053 0.00101536 5301128 0.0152025
172.496 0.0010107 5349314 0.0151327
172.939 0.00100409 5379920 0.0150337
173.384 0.00100006 5428778 0.0149733
173.83 0.000995289 5458488 0.0149019
174.277 0.000989443 5513570 0.0148144
174.725 0.000984397 5549522 0.0147389
175.174 0.00098034 5588936 0.0146781
175.624 0.000975675 5646746 0.0146083
176.076 0.000970582 5677520 0.014532
176.529 0.000966559 5723130 0.0144718
176.982 0.000961886 5769560 0.0144018
177.438 0.00095754 5817050 0.0143368
177.894 0.000951827 5857202 0.0142512
178.351 0.000948217 5906408 0.0141972
178.81 0.000942934 5946794 0.0141181
179.27 0.000937736 6000396 0.0140402
179.731 0.00093229 6038906 0.0139587
180.193 0.000928675 6091256 0.0139046
180.656 0.000924601 6140858 0.0138436
181.121 0.000919616 6177776 0.013769
181.586 0.000915463 6239738 0.0137068
182.053 0.000910199 6270456 0.013628
182.521 0.000905353 6326018 0.0135554
182.991 0.000902117 6384392 0.0135069
183.461 0.000898943 6427970 0.0134594
183.933 0.000893048 6477032 0.0133712
184.406 0.000888774 6519386 0.0133072
184.88 0.000885006 6578144 0.0132507
185.355 0.000880084 6629210 0.013177
185.832 0.000875581 6675720 0.0131096
186.31 0.000870528 6738554 0.013034
186.789 0.000866144 6772208 0.0129683
187.269 0.000861679 6835742 0.0129015
187.75 0.000856918 6893840 0.0128302
188.233 0.000853089 6937658 0.0127729
188.717 0.000848337 6992360 0.0127017
189.202 0.000844524 7055024 0.0126446
189.689 0.000839249 7095962 0.0125657
190.176 0.000836188 7160064 0.0125198
190.666 0.000830445 7221338 0.0124338
191.156 0.00082586 7261952 0.0123652
191.647 0.000821287 7331066 0.0122967
192.14 0.000817579 7376108 0.0122412
192.634 0.00081316 7444178 0.012175
193.13 0.000809341 7498544 0.0121179
193.626 0.00080565 7553096 0.0120626
194.124 0.000802036 7605074 0.0120085
194.623 0.000796905 7677224 0.0119316
195.123 0.000793375 7730426 0.0118788
195.625 0.000790284 7797984 0.0118325
196.128 0.000785176 7853588 0.011756
196.633 0.000780398 7911458 0.0116845
197.138 0.000776342 7965872 0.0116238
197.645 0.000772126 8040818 0.0115607
198.153 0.000768285 8091080 0.0115031
198.663 0.000764287 8170088 0.0114433
199.174 0.000761018 8227610 0.0113943
199.686 0.000756262 8278412 0.0113231
200.199 0.000753074 8352296 0.0112754
200.714 0.000749875 8419322 0.0112275
201.23 0.000746597 8471912 0.0111784
201.747 0.000741553 8540552 0.0111029
202.266 0.000738276 8612762 0.0110538
202.786 0.000733951 8694428 0.0109891
203.308 0.0007304 8739866 0.0109359
203.831 0.000726206 8821520 0.0108731
204.355 0.000722935 8874512 0.0108241
204.88 0.000718563 8948306 0.0107587
205.407 0.000714828 9023400 0.0107028
205.935 0.000711222 9093620 0.0106488
206.465 0.000707878 9151952 0.0105987
206.995 0.000704163 9229178 0.0105431
207.527 0.000700617 9302240 0.01049
208.061 0.000697423 9377192 0.0104422
208.596 0.000693016 9446270 0.0103762
209.133 0.000690684 9521792 0.0103413
209.67 0.000686571 9588752 0.0102797
210.209 0.000683504 9670178 0.0102338
210.75 0.000679885 9742832 0.0101796
211.292 0.000676463 9819980 0.0101283
211.835 0.000672916 9888560 0.0100752
212.38 0.000669394 9971810 0.0100225
212.926 0.000666203 10045688 0.00997472
213.474 0.000662631 10131500 0.00992124
214.022 0.0006585 10193840 0.00985939
214.573 0.00065527 10289138 0.00981102
215.125 0.000651918 10359176 0.00976083
215.677 0.000648099 10435556 0.00970365
216.232 0.000645262 10527032 0.00966118
216.788 0.000642395 10604282 0.00961825
217.345 0.000638948 10681544 0.00956664
217.904 0.000635773 10773116 0.00951911
218.465 0.0006322 10854352 0.00946561
219.026 0.000628435 10925264 0.00940924
219.589 0.000625562 11022962 0.00936622
220.154 0.000622704 11104076 0.00932344
220.72 0.000618858 11198888 0.00926584
221.288 0.000616189 11274560 0.00922589
221.857 0.000613141 11362352 0.00918025
222.427 0.000609666 11450918 0.00912822
222.999 0.000606369 11540792 0.00907886
223.573 0.000603264 11638856 0.00903237
224.147 0.000600057 11715836 0.00898434
224.724 0.000596458 11809448 0.00893047
225.302 0.000593977 11906312 0.00889332
225.881 0.000591024 11989478 0.0088491
226.462 0.000588251 12091352 0.00880758
227.044 0.000584848 12185264 0.00875663
227.628 0.000581989 12267320 0.00871382
228.213 0.000578549 12372476 0.00866232
228.8 0.000575598 12468856 0.00861814
229.388 0.000572246 12568520 0.00856795
229.978 0.000569597 12652574 0.00852828
230.569 0.000567055 12752984 0.00849022
231.162 0.000564168 12859160 0.008447
231.756 0.000560988 12949244 0.00839939
232.352 0.000558528 13055168 0.00836255
232.95 0.000555665 13151840 0.00831969
233.549 0.000552451 13271996 0.00827157
234.149 0.000550015 13354232 0.00823509
234.751 0.000547517 13465052 0.00819769
235.355 0.000544419 13566064 0.0081513
235.96 0.000541427 13671944 0.00810651
236.567 0.000538707 13776566 0.00806578
237.175 0.000535859 13890512 0.00802314
237.785 0.000533012 13999112 0.00798051
238.397 0.000530314 14097908 0.00794012
239.009 0.000527819 14203280 0.00790277
239.624 0.000525294 14324084 0.00786496
240.24 0.000521982 14438080 0.00781537
240.858 0.000519671 14534936 0.00778077
241.477 0.000517385 14653316 0.00774655
242.098 0.000514154 14776880 0.00769816
242.721 0.000511762 14873084 0.00766236
243.345 0.000509065 15008984 0.00762197
243.971 0.000506193 15105272 0.00757897
244.598 0.000503942 15237076 0.00754527
245.227 0.000500929 15350984 0.00750015
245.857 0.000498167 15445892 0.0074588
246.489 0.000495609 15598592 0.0074205
247.123 0.000493204 15704288 0.0073845
247.759 0.000490847 15842660 0.0073492
248.396 0.000488288 15932848 0.00731089
249.034 0.000486112 16083092 0.00727831
249.675 0.000483528 16195904 0.00723962
250.317 0.00048117 16313708 0.00720431
250.96 0.000478232 16448672 0.00716033
251.605 0.000475888 16589012 0.00712523
252.252 0.000473449 16698160 0.00708871
252.901 0.000471119 16835390 0.00705383
253.551 0.000468595 16968356 0.00701604
254.203 0.00046575 17101592 0.00697343
254.857 0.000463144 17226524 0.00693442
255.513 0.000461006 17365816 0.00690241
256.169 0.000458437 17485796 0.00686394
256.828 0.000456076 17631224 0.00682859
257.488 0.0004538 17771780 0.00679452
258.151 0.000451421 17908096 0.0067589
258.814 0.000449375 18033524 0.00672827
259.479 0.000446783 18177278 0.00668945
260.147 0.000444494 18323780 0.00665519
260.816 0.000442175 18474272 0.00662046
261.486 0.000439849 18609292 0.00658564
262.159 0.000437682 18751232 0.00655319
262.833 0.000435291 18896948 0.0065174
263.509 0.000433115 19043600 0.00648481
264.186 0.000430583 19187434 0.0064469
264.866 0.00042861 19343312 0.00641736
265.547 0.000426049 19484900 0.00637902
266.229 0.000424178 19639040 0.00635101
266.914 0.000422154 19790812 0.0063207
267.6 0.000419691 19944428 0.00628381
268.288 0.000417404 20083934 0.00624958
268.978 0.00041504 20264708 0.00621418
269.67 0.000413161 20416744 0.00618605
270.363 0.000411219 20561780 0.00615698
271.058 0.000408976 20722592 0.00612339
271.755 0.00040662 20897122 0.00608812
272.454 0.000404698 21038948 0.00605933
273.155 0.000402745 21220016 0.0060301
273.857 0.000400703 21375740 0.00599952
274.561 0.000398557 21538654 0.0059674
275.267 0.000396484 21710852 0.00593635
275.975 0.000394366 21863168 0.00590464
276.684 0.000391932 22042780 0.0058682
277.396 0.000390397 22225562 0.00584521
278.109 0.000388039 22374104 0.00580992
278.824 0.00038581 22567564 0.00577654
279.541 0.000384045 22732424 0.00575011
280.26 0.000382032 22921610 0.00571997
280.981 0.000380064 23086564 0.00569051
281.703 0.00037788 23262032 0.0056578
282.427 0.00037619 23433890 0.0056325
283.153 0.000374399 23636092 0.00560568
283.882 0.000372413 23824040 0.00557595
284.612 0.000370244 23985218 0.00554347
285.343 0.000368067 24179260 0.00551088
286.077 0.000366381 24376712 0.00548563
286.813 0.00036423 24544178 0.00545343
287.55 0.000362126 24753748 0.00542193
288.29 0.000359966 24937064 0.00538959
289.031 0.000358326 25134674 0.00536503
289.774 0.00035669 25307668 0.00534054
290.519 0.000355091 25517864 0.00531659
291.266 0.000353093 25728626 0.00528668
292.015 0.000351231 25893652 0.0052588
292.766 0.000349455 26127710 0.00523221
293.519 0.000347819 26319604 0.00520772
294.273 0.000345706 26520908 0.00517608
295.03 0.000343931 26726654 0.0051495
295.788 0.000342144 26929204 0.00512275
296.549 0.000340447 27145994 0.00509734
297.312 0.000338423 27352564 0.00506703
298.076 0.000336823 27572150 0.00504308
298.843 0.000334899 27769916 0.00501427
299.611 0.000333268 27998308 0.00498985
300.382 0.000331369 28207190 0.00496142
301.154 0.000329658 28426180 0.0049358
301.928 0.000328097 28624130 0.00491243
302.704 0.000325986 28896460 0.00488082
303.483 0.000324322 29080694 0.00485592
304.263 0.000322554 29319836 0.00482944
305.046 0.000321183 29532394 0.00480891
305.83 0.000319513 29767340 0.00478391
306.616 0.000317535 30014194 0.00475429
307.405 0.000315958 30224432 0.00473068
308.195 0.000314317 30473410 0.00470611
308.988 0.000312827 30702596 0.00468381
309.782 0.000311183 30930418 0.00465919
310.578 0.000309268 31176008 0.00463051
311.377 0.000307685 31426922 0.00460682
312.178 0.000306258 31653868 0.00458545
312.98 0.000304598 31911962 0.00456059
313.785 0.000303022 32153338 0.004537
314.592 0.000301522 32400824 0.00451454
315.401 0.000299968 32673226 0.00449126
316.212 0.000298338 32897276 0.00446687
317.025 0.000296834 33149338 0.00444434
317.84 0.000295097 33432602 0.00441834
318.657 0.00029345 33673084 0.00439368
319.476 0.000291773 33919790 0.00436857
320.298 0.000290483 34217764 0.00434925
321.122 0.000288861 34469282 0.00432497
321.948 0.000287366 34723138 0.00430259
322.775 0.000285795 34993172 0.00427907
323.605 0.000284482 35281954 0.0042594
324.437 0.000283135 35524210 0.00423924
325.271 0.000281706 35815028 0.00421784
326.108 0.000280187 36103222 0.00419509
326.946 0.00027875 36363554 0.00417359
327.787 0.000277473 36666988 0.00415446
328.63 0.00027579 36930554 0.00412926
329.475 0.000274419 37232002 0.00410873
330.322 0.000273057 37512140 0.00408834
331.171 0.000271454 37794946 0.00406434
332.023 0.000270181 38093978 0.00404528
332.877 0.000268827 38400652 0.004025
333.733 0.000267409 38670034 0.00400378
334.591 0.000266045 38996498 0.00398336
335.451 0.000264614 39277894 0.00396193
336.314 0.000263257 39591956 0.00394161
337.178 0.000261853 39888106 0.0039206
338.045 0.00026058 40208698 0.00390154
338.914 0.000259242 40517882 0.0038815
339.786 0.000258008 40820764 0.00386303
340.66 0.000256603 41154026 0.00384198
341.536 0.000255127 41459578 0.00381989
342.414 0.000253953 41788306 0.00380231
343.294 0.00025265 42081866 0.0037828
344.177 0.000251441 42446572 0.0037647
345.062 0.000250313 42763874 0.00374781
345.949 0.000248953 43094746 0.00372745
346.839 0.000247752 43426258 0.00370946
347.73 0.00024645 43752578 0.00368997
348.624 0.000245122 44101090 0.00367009
349.521 0.000243966 44436868 0.00365277
350.42 0.00024262 44782802 0.00363263
351.321 0.000241369 45128914 0.00361389
352.224 0.000240213 45483370 0.00359659
353.13 0.000238865 45816314 0.0035764
354.037 0.000237681 46188442 0.00355868
354.948 0.000236508 46553674 0.00354112
355.861 0.000235185 46895978 0.00352131
356.776 0.000234112 47266582 0.00350525
357.693 0.000233003 47633458 0.00348863
358.613 0.00023181 47988956 0.00347078
359.535 0.000230721 48376618 0.00345447
360.459 0.000229557 48746386 0.00343704
361.386 0.000228435 49117010 0.00342024
362.315 0.000227179 49488418 0.00340144
363.247 0.00022607 49895914 0.00338483
364.181 0.000225033 50262466 0.0033693
365.117 0.000223973 50665130 0.00335344
366.056 0.000222697 51039802 0.00333432
366.997 0.000221708 51446590 0.00331952
367.941 0.000220571 51844810 0.0033025
368.887 0.000219375 52248530 0.0032846
369.836 0.000218298 52642810 0.00326847
370.787 0.000217238 53061658 0.00325259
371.74 0.000216234 53477170 0.00323756
372.696 0.000215137 53869586 0.00322113
373.654 0.000214064 54282286 0.00320507
374.615 0.000213026 54713002 0.00318953
375.578 0.000212019 55139536 0.00317445
376.544 0.000210968 55571090 0.00315871
377.512 0.000209884 55982746 0.00314249
378.483 0.000208871 56420434 0.00312731
379.456 0.000207807 56893246 0.00311138
380.432 0.000206893 57287866 0.0030977
381.41 0.000205849 57743522 0.00308208
382.39 0.000204941 58181746 0.00306848
383.373 0.000203954 58643734 0.0030537
384.359 0.000202996 59099032 0.00303936
385.348 0.000202021 59564794 0.00302475
386.339 0.000201082 60009410 0.0030107
387.332 0.000200117 60480010 0.00299625
388.328 0.00019919 60944086 0.00298237
389.326 0.000198262 61411906 0.00296848
390.327 0.000197338 61897144 0.00295464
391.331 0.000196373 62377450 0.0029402
392.337 0.000195569 62855294 0.00292815
393.346 0.000194681 63328810 0.00291485
394.358 0.000193694 63845434 0.00290008
395.372 0.000192799 64315900 0.00288669
396.388 0.000191993 64821082 0.00287461
397.407 0.00019102 65323114 0.00286005
398.429 0.000190051 65803834 0.00284554
399.453 0.000189202 66337516 0.00283283
400.481 0.000188491 66866810 0.00282218
401.511 0.000187621 67364626 0.00280915
402.543 0.000186777 67877710 0.00279651
403.578 0.000185926 68429272 0.00278378
404.616 0.000185047 68934970 0.00277061
405.656 0.000184345 69468262 0.00276011
406.699 0.00018351 69998872 0.00274761
407.745 0.00018275 70555138 0.00273622
408.793 0.000181843 71098054 0.00272264
409.844 0.000181149 71666560 0.00271225
410.898 0.000180366 72194566 0.00270053
411.955 0.000179643 72762586 0.00268971
413.014 0.000178999 73331672 0.00268006
414.076 0.000178205 73882918 0.00266817
415.141 0.000177486 74467456 0.00265741
416.208 0.000176763 75008962 0.00264659
417.278 0.00017601 75649294 0.00263531
418.351 0.000175317 76200112 0.00262493
419.427 0.000174588 76798606 0.00261401
420.505 0.000173908 77363128 0.00260383
421.586 0.000173276 77993662 0.00259438
422.671 0.000172603 78583960 0.0025843
423.757 0.000171933 79193662 0.00257426
424.847 0.000171237 79812544 0.00256384
425.939 0.00017054 80441746 0.0025534
427.035 0.000169926 81027292 0.00254422
428.133 0.000169231 81674242 0.00253381
429.233 0.000168565 82306036 0.00252384
430.337 0.000168 82931794 0.00251538
431.444 0.000167433 83595436 0.00250689
432.553 0.000166837 84226090 0.00249796
433.665 0.000166295 84905020 0.00248985
434.78 0.000165718 85521378 0.00248121
435.898 0.00016521 86208148 0.0024736
437.019 0.000164605 86867170 0.00246454
438.143 0.000164141 87522292 0.0024576
439.269 0.000163565 88222264 0.00244898
440.399 0.000163158 88892302 0.00244289
441.531 0.000162652 89582572 0.0024353
442.666 0.000162185 90272914 0.00242831
443.805 0.000161709 90984868 0.00242118
444.946 0.000161248 91689400 0.00241428
446.09 0.000160741 92388094 0.00240669
447.237 0.000160326 93094336 0.00240048
448.387 0.000159916 93815556 0.00239434
449.54 0.000159439 94551622 0.00238719
450.696 0.000159102 95291992 0.00238216
451.855 0.000158703 96010564 0.00237618
453.016 0.000158321 96766954 0.00237046
454.181 0.000157967 97501132 0.00236516
455.349 0.000157637 98254180 0.00236022
456.52 0.000157219 99021864 0.00235396
457.694 0.000156935 99782158 0.0023497
458.871 0.000156667 100571620 0.0023457
460.051 0.00015644 101334952 0.00234229
461.233 0.000156112 102118276 0.00233738
462.419 0.000155897 102902278 0.00233417
463.608 0.000155674 103719888 0.00233083
464.8 0.000155324 104491492 0.00232558
465.995 0.000155178 105311284 0.0023234
467.194 0.00015489 106140496 0.00231909
468.395 0.000154763 106951822 0.00231718
469.599 0.000154641 107791596 0.00231537
470.807 0.000154479 108606772 0.00231293
472.017 0.000154352 109435288 0.00231104
473.231 0.000154238 110302564 0.00230933
474.448 0.000154181 111143388 0.00230848
475.668 0.00015408 112020700 0.00230696
476.891 0.000153985 112894306 0.00230554
478.117 0.000154081 113729956 0.00230697
479.346 0.000153982 114639612 0.0023055
480.579 0.000153999 115499620 0.00230574
481.815 0.000153969 116421520 0.00230529
483.053 0.00015381 116939335 0.00230292
484.295 0.000153221 116939280 0.0022941
485.54 0.000152509 116943532 0.00228344
486.789 0.000151894 116899072 0.00227423
488.04 0.00015129 116889072 0.00226519
489.295 0.000150742 116872720 0.00225698
490.553 0.000150143 116858284 0.00224802
491.815 0.000149535 116795044 0.00223892
493.079 0.000148889 116788176 0.00222924
494.347 0.00014838 116732812 0.00222162
495.618 0.000147837 116648368 0.00221348
496.892 0.000147242 116650344 0.00220458
498.17 0.000146652 116564920 0.00219574
499.451 0.00014604 116498052 0.00218659
500.735 0.000145528 116435392 0.00217892
502.023 0.000144899 116367904 0.0021695
503.314 0.000144384 116257824 0.00216179
504.608 0.00014382 116196436 0.00215335
505.905 0.000143227 116095600 0.00214447
507.206 0.000142643 115986576 0.00213572
508.51 0.00014208 115891240 0.00212729
509.818 0.000141525 115796928 0.00211899
511.129 0.000141007 115651240 0.00211123
512.443 0.000140523 115542868 0.00210398
513.761 0.000140008 115417320 0.00209627
515.082 0.000139525 115277548 0.00208904
516.406 0.00013902 115132296 0.00208147
517.734 0.000138476 114982240 0.00207333
519.065 0.000138006 114819180 0.00206629
520.399 0.000137506 114670768 0.0020588
521.738 0.000136991 114525108 0.00205109
523.079 0.000136527 114298600 0.00204415
524.424 0.000136067 114176136 0.00203726
525.773 0.000135579 113947792 0.00202995
527.124 0.00013518 113768896 0.00202398
528.48 0.00013467 113558592 0.00201635
529.839 0.000134255 113367724 0.00201013
531.201 0.000133819 113127276 0.0020036
532.567 0.000133318 112914256 0.0019961
533.936 0.000132905 112688340 0.00198992
535.309 0.000132516 112426152 0.0019841
536.686 0.000132123 112198672 0.00197821
538.066 0.000131761 111958488 0.00197279
539.449 0.000131333 111666640 0.00196638
540.836 0.000130928 111400152 0.00196033
542.227 0.000130566 111137236 0.0019549
543.621 0.00013017 110862960 0.00194897
545.019 0.000129828 110551120 0.00194386
546.42 0.00012953 110256372 0.00193938
547.825 0.000129159 109929480 0.00193383
549.234 0.000128824 109648240 0.00192882
550.646 0.000128518 109288116 0.00192424
552.062 0.000128059 108971368 0.00191737
553.481 0.000127736 108615876 0.00191252
554.904 0.000127362 108258792 0.00190692
556.331 0.000127095 107896156 0.00190293
557.762 0.000126821 107548044 0.00189883
559.196 0.000126507 107155156 0.00189413
560.634 0.000126219 106745640 0.00188981
562.075 0.000125909 106381152 0.00188517
563.52 0.000125603 105950332 0.00188059
564.969 0.000125342 105560460 0.00187668
566.422 0.000125086 105095832 0.00187285
567.878 0.000124804 104691448 0.00186863
569.339 0.000124603 104227416 0.00186562
570.802 0.000124367 103768020 0.00186208
572.27 0.00012418 103321584 0.00185929
573.742 0.000123964 102828700 0.00185605
575.217 0.000123794 102352788 0.00185351
576.696 0.000123525 101856600 0.00184948
578.179 0.00012331 101332732 0.00184626
579.665 0.000123233 100832628 0.0018451
581.156 0.000123039 100293552 0.0018422
582.65 0.000122838 99747192 0.00183919
584.148 0.000122701 99219016 0.00183715
585.65 0.000122547 98641428 0.00183483
587.156 0.000122385 98075004 0.00183241
588.666 0.000122301 97492236 0.00183115
590.179 0.000122157 96889368 0.001829
591.697 0.000122174 96288544 0.00182925
593.218 0.000122058 95667084 0.00182751
594.744 0.000121968 95038752 0.00182617
596.273 0.000121931 94392264 0.00182561
597.806 0.000121808 93742056 0.00182377
599.343 0.000121839 93080044 0.00182423
600.884 0.000121751 92395188 0.00182292
602.429 0.000121742 91699368 0.00182278
603.978 0.000121752 90981384 0.00182293
605.531 0.000121715 90300588 0.00182237
607.088 0.000121711 89544360 0.00182231
608.649 0.000121737 88824232 0.0018227
610.214 0.000121752 88040328 0.00182293
611.783 0.000121788 87297984 0.00182346
613.356 0.000121899 86497968 0.00182513
614.933 0.000121925 85707504 0.00182552
616.514 0.000121972 84898392 0.00182622
618.099 0.000121988 84056904 0.00182647
619.689 0.000122121 83247912 0.00182846
621.282 0.000122275 82396368 0.00183076
622.88 0.000122422 81516660 0.00183296
624.481 0.000122605 80625504 0.00183571
626.087 0.000122801 79743588 0.00183864
627.696 0.000123034 78851196 0.00184213
629.311 0.00012328 77904480 0.00184581
630.928 0.000123498 76957480 0.00184908
632.551 0.000123805 76018464 0.00185367
634.177 0.000124154 75041040 0.0018589
635.808 0.000124356 74065920 0.00186192
637.442 0.000124574 73055520 0.00186518
639.081 0.000124872 72045396 0.00186965
640.725 0.000125193 70993964 0.00187445
642.372 0.000125478 69966888 0.00187871
644.024 0.00012588 68889276 0.00188473
645.68 0.00012615 67824288 0.00188878
647.34 0.000126521 66704700 0.00189433
649.004 0.000126932 65602596 0.00190048
650.673 0.00012725 64452240 0.00190525
652.346 0.000127532 63318708 0.00190947
654.023 0.000127868 62140668 0.0019145
655.705 0.000128293 60969048 0.00192087
657.391 0.000128574 59742948 0.00192507
659.081 0.000128918 58545444 0.00193022
660.775 0.000129299 57293532 0.00193593
662.474 0.000129648 56035064 0.00194115
664.178 0.000129867 54769164 0.00194444
665.885 0.000130085 53467236 0.00194769
667.597 0.000130273 52159800 0.00195052
669.314 0.000130499 50824572 0.00195389
671.035 0.000130557 49478256 0.00195476
672.76 0.000130557 48107940 0.00195476
674.49 0.000130431 46713656 0.00195288
676.224 0.000130306 45286716 0.00195101
677.962 0.000129944 43878768 0.00194558
679.705 0.000129517 42417696 0.00193919
681.452 0.000128806 40952868 0.00192855
683.205 0.000128088 39518069 0.0019178
684.962 0.000127695 38220792 0.00191192
686.723 0.000127306 37010586 0.00190609
688.489 0.000127189 35872284 0.00190434
690.259 0.000127057 34769120 0.00190237
692.034 0.000126871 33713676 0.00189957
693.814 0.000126796 32679294 0.00189845
695.597 0.00012671 31689516 0.00189716
697.386 0.000126705 30731648 0.0018971
699.179 0.000126752 29789496 0.00189779
700.977 0.000126759 28876206 0.0018979
702.78 0.000126827 27977588 0.00189892
704.586 0.000126908 27112026 0.00190012
706.398 0.000127091 26263032 0.00190287
708.215 0.000127417 25433732 0.00190775
710.036 0.000127559 24617118 0.00190987
711.861 0.000127785 23829618 0.00191327
713.691 0.000128062 23045474 0.0019174
715.526 0.000128431 22291164 0.00192294
717.366 0.000128823 21548138 0.00192879
719.211 0.000129313 20822178 0.00193614
721.06 0.000129728 20107248 0.00194235
722.914 0.000130291 19406348 0.00195077
724.772 0.000130991 18723654 0.00196126
726.636 0.000131376 18059312 0.00196703
728.504 0.000131804 17402742 0.00197344
730.377 0.000132541 16754724 0.00198448
732.255 0.000133191 16135814 0.00199421
734.138 0.000133816 15515232 0.00200355
736.025 0.000134718 14911028 0.00201707
737.918 0.000135333 14330256 0.00202627
739.815 0.000136174 13745288 0.00203886
741.717 0.000137282 13186902 0.00205546
743.624 0.000138278 12629240 0.00207036
745.536 0.000139212 12094086 0.00208435
747.453 0.000140096 11563610 0.00209758
749.375 0.000141077 11050836 0.00211228
751.302 0.000142182 10549550 0.00212882
753.233 0.000143624 10053218 0.0021504
755.17 0.000144851 9573252 0.00216878
757.111 0.000146415 9108968 0.00219219
759.058 0.000148088 8650770 0.00221724
761.009 0.00014963 8203508 0.00224033
762.966 0.000151259 7772340 0.00226473
764.927 0.00015262 7352690 0.00228511
766.894 0.000154514 6941804 0.00231346
768.866 0.000156353 6542412 0.002341
770.843 0.000157992 6154682 0.00236553
772.825 0.000160306 5779532 0.00240018
774.811 0.000162519 5414334 0.00243331
776.803 0.000164883 5062910 0.00246871
778.8 0.000166919 4721528 0.00249919
780.802 0.000169493 4393398 0.00253773
782.81 0.000172221 4074230 0.00257858
784.822 0.000175303 3767654 0.00262473
786.839 0.000178252 3472146 0.00266888
788.861 0.000181242 3188006 0.00271364
790.888 0.000184255 2916440 0.00275876
792.921 0.000187313 2661902 0.00280454
794.961 0.000190396 2410242 0.00285071
797.003 0.000194129 2171384 0.00290659
799.05 0.00019753 1949174 0.00295751
801.105 0.000202372 1738592 0.00303002
803.163 0.000206312 1533366 0.00308901
805.226 0.000212188 1347812 0.00317698
807.296 0.000216265 1170398 0.00323803
809.37 0.000220293 1004792 0.00329833
811.448 0.000224396 853736 0.00335977
813.531 0.000229649 711416 0.00343842
815.621 0.000236075 587334 0.00353463
817.718 0.000243218 468236 0.00364158
819.802 0.000250257 363320 0.00374697
821.909 0.000257973 280856 0.0038625
824.035 0.000261813 198080 0.00391999
826.109 0.000270571 128864 0.00405113
828.186 0.000275215 83264 0.00412066
830.313 0.000275788 42368 0.00412924
832.391 0.00027274 15296 0.0040836
834.243 0.000298234 2046 0.0044653
835.799 0.000217119 1 0.00325081
