# in Mpc/h Units 
# D1 = 0.215728 
# k P N P(z=0)
0.314159 41.58 6 893.454
0.444288 22.0498 12 473.797
0.54414 14.5842 8 313.38
0.628319 10.0927 6 216.867
0.702481 7.01759 24 150.791
0.76953 6.69016 24 143.756
0.888577 4.59916 12 98.825
0.942478 4.89435 30 105.168
0.993459 3.14059 24 67.4838
1.04195 3.48138 24 74.8066
1.08828 3.4436 8 73.9948
1.13272 2.47672 24 53.2188
1.17548 2.74471 48 58.9772
1.25664 2.2712 6 48.8027
1.29531 2.17629 48 46.7633
1.33286 1.69884 36 36.5041
1.36939 1.93396 24 41.5561
1.40496 2.53928 24 54.563
1.43966 1.50508 48 32.3405
1.47354 1.79356 24 38.5393
1.53906 1.71731 24 36.901
1.5708 1.58998 30 34.1649
1.6019 1.39431 72 29.9604
1.63242 1.23809 32 26.6037
1.6918 0.993653 72 21.3512
1.72072 1.78549 48 38.3659
1.77715 1.65868 12 35.641
1.80471 1.28453 48 27.6014
1.83185 1.04161 48 22.3817
1.85859 1.0303 48 22.1386
1.88496 0.672212 30 14.4442
1.91096 0.600199 24 12.8968
1.93661 0.967518 72 20.7897
1.98692 0.793486 24 17.0501
2.0116 1.05319 96 22.6305
2.03598 0.917143 48 19.7072
2.06008 0.807267 24 17.3462
2.0839 0.673246 24 14.4665
2.10744 0.843063 72 18.1154
2.13073 0.849884 48 18.262
2.17656 0.460485 8 9.89472
2.19911 0.676802 54 14.5429
2.22144 0.646523 84 13.8922
2.24355 0.649504 48 13.9563
2.26543 0.7668 24 16.4767
2.28711 0.712143 72 15.3022
2.30859 0.805035 96 17.2983
2.35095 0.497615 48 10.6926
2.37185 0.842025 48 18.0931
2.39257 0.772738 24 16.6043
2.4131 0.48994 72 10.5276
2.45366 0.645027 72 13.8601
2.47369 0.602545 96 12.9473
2.51327 0.513704 6 11.0383
2.53283 0.584671 96 12.5632
2.55224 0.68857 96 14.7957
2.5715 0.553042 24 11.8835
2.59062 0.613642 48 13.1857
2.6096 0.603725 96 12.9726
2.62844 0.673101 48 14.4633
2.66573 0.592927 36 12.7406
2.68418 0.574008 48 12.3341
2.7025 0.52842 120 11.3545
2.7207 0.421658 56 9.06042
2.73878 0.565694 24 12.1554
2.75674 0.3876 96 8.32861
2.77458 0.519566 48 11.1642
2.80993 0.58331 24 12.5339
2.82743 0.472142 102 10.1452
2.84483 0.500711 48 10.7591
2.86213 0.418211 72 8.98635
2.87932 0.460127 48 9.88703
2.89641 0.350581 48 7.53315
2.91339 0.485955 120 10.442
2.94708 0.331316 24 7.1192
2.96377 0.429879 144 9.23708
2.98038 0.478004 120 10.2712
2.99689 0.404292 48 8.68726
3.02964 0.418097 48 8.98391
3.04589 0.403978 96 8.68052
3.07812 0.36375 24 7.81612
3.09411 0.418833 48 8.99972
3.11002 0.441329 108 9.4831
3.12585 0.334761 72 7.19322
3.14159 0.329505 30 7.08028
3.15726 0.438753 168 9.42776
3.17285 0.529679 48 11.3815
3.20381 0.378738 72 8.13818
3.21917 0.343905 96 7.38969
3.23447 0.39378 72 8.4614
3.24969 0.386834 72 8.31214
3.26484 0.365698 32 7.85797
3.27992 0.319165 72 6.85809
3.29493 0.394441 144 8.47559
3.33956 0.398143 96 8.55514
3.3543 0.278337 96 5.98079
3.36898 0.257576 48 5.53469
3.3836 0.400121 72 8.59764
3.39815 0.416509 120 8.94979
3.41264 0.400989 72 8.6163
3.44144 0.290447 48 6.241
3.45575 0.328812 78 7.06538
3.47 0.296229 120 6.36525
3.48419 0.349138 48 7.50214
3.51241 0.260009 144 5.58697
3.52643 0.303684 144 6.52544
3.55431 0.254743 12 5.47382
3.56816 0.370684 144 7.96512
3.58197 0.448575 48 9.63881
3.59572 0.297464 120 6.39178
3.60942 0.343864 48 7.38882
3.62306 0.319713 48 6.86986
3.63666 0.315002 168 6.76863
3.6637 0.33518 48 7.20221
3.67714 0.301926 96 6.48768
3.69054 0.322927 96 6.93892
3.70388 0.273956 72 5.88665
3.71718 0.243967 48 5.24228
3.73043 0.317324 96 6.81853
3.74364 0.256586 48 5.51343
3.76991 0.277748 30 5.96814
3.78298 0.273855 96 5.88449
3.796 0.270387 192 5.80996
3.80898 0.349384 56 7.50742
3.82191 0.245434 24 5.27379
3.8348 0.277293 168 5.95837
3.84765 0.310954 120 6.68166
3.87322 0.366804 72 7.88175
3.88594 0.262134 144 5.63264
3.89861 0.271251 96 5.82854
3.91125 0.222644 96 4.78409
3.9364 0.332727 72 7.14951
3.94892 0.324105 96 6.96423
3.97384 0.251637 24 5.40707
3.98623 0.255351 192 5.48689
3.99859 0.253019 108 5.43678
4.01092 0.256152 24 5.50408
4.0232 0.302039 96 6.4901
4.03545 0.294431 96 6.32662
4.04766 0.290719 120 6.24686
4.07197 0.187029 48 4.01881
4.08407 0.23801 78 5.11427
4.09614 0.234822 144 5.04577
4.10817 0.225375 120 4.84276
4.12016 0.256771 24 5.51739
4.13212 0.302596 168 6.50207
4.14405 0.246074 144 5.28754
4.16779 0.216888 24 4.66041
4.17962 0.226894 48 4.87541
4.19141 0.232984 96 5.00627
4.20316 0.2789 120 5.9929
4.21489 0.274687 72 5.90238
4.22658 0.271355 120 5.83077
4.23824 0.223525 144 4.80302
4.26146 0.215363 48 4.62764
4.27303 0.232864 192 5.0037
4.28456 0.259651 144 5.57929
4.29606 0.209269 48 4.49669
4.31898 0.225921 192 4.8545
4.33039 0.261985 48 5.62944
4.35312 0.185376 8 3.98328
4.36444 0.215805 48 4.63714
4.37573 0.206252 240 4.43187
4.387 0.247253 96 5.31288
4.39823 0.223617 54 4.805
4.40944 0.221829 120 4.76658
4.42061 0.252007 120 5.41504
4.44288 0.235121 84 5.05219
4.45398 0.211977 144 4.55488
4.46504 0.215311 72 4.62652
4.47608 0.276573 96 5.9429
4.48709 0.265422 48 5.70329
4.49808 0.257812 96 5.53976
4.50903 0.210919 240 4.53214
4.53087 0.27211 24 5.847
4.54175 0.246915 240 5.30562
4.5526 0.220841 96 4.74536
4.56883 0.206836 144 4.44442
4.585 0.25124 96 5.39855
4.59575 0.159366 72 3.42439
4.61718 0.203762 96 4.37836
4.62785 0.205724 96 4.42052
4.63851 0.202079 120 4.34219
4.64913 0.151549 96 3.25643
4.67484 0.239651 336 5.14954
4.70191 0.223738 48 4.80759
4.71239 0.203362 150 4.36977
4.72285 0.180765 96 3.88422
4.73329 0.17285 120 3.71414
4.75112 0.234334 168 5.03529
4.76446 0.208013 240 4.46971
4.78513 0.322107 24 6.92132
4.79543 0.223058 144 4.79298
4.80571 0.167292 216 3.5947
4.82211 0.210489 120 4.52292
4.83642 0.22021 144 4.73178
4.84661 0.207175 96 4.45171
4.87706 0.205559 144 4.41696
4.88717 0.172698 132 3.71087
4.89726 0.181477 104 3.8995
4.90732 0.245436 72 5.27384
4.922 0.203845 312 4.38014
4.94739 0.236012 96 5.07133
4.95735 0.207737 144 4.46377
4.97264 0.211874 312 4.55267
4.99701 0.259657 48 5.57941
5.00687 0.18741 192 4.027
5.02655 0.10334 6 2.22052
5.03636 0.22879 192 4.91615
5.05103 0.197521 192 4.24426
5.06567 0.169651 96 3.6454
5.0754 0.189673 216 4.07561
5.08511 0.193091 72 4.14907
5.10448 0.171527 96 3.6857
5.11414 0.233529 96 5.01797
5.12539 0.215193 288 4.62398
5.14301 0.161589 24 3.47216
5.1526 0.186792 264 4.01372
5.16216 0.201343 192 4.32638
5.18125 0.133324 48 2.86482
5.19646 0.195348 240 4.19757
5.20974 0.176265 120 3.78751
5.21921 0.178609 96 3.83789
5.23525 0.162643 240 3.4948
5.26471 0.162702 288 3.49608
5.27563 0.185229 96 3.98014
5.28498 0.231844 72 4.98178
5.30362 0.179661 192 3.86048
5.31292 0.181063 144 3.8906
5.33146 0.124436 36 2.67384
5.34719 0.169227 342 3.63628
5.35916 0.14081 96 3.02568
5.37587 0.178857 264 3.8432
5.38671 0.14667 168 3.15159
5.405 0.169831 120 3.64926
5.41412 0.142729 192 3.0669
5.42984 0.181644 264 3.90309
5.4414 0.167566 56 3.60059
5.45589 0.164332 240 3.5311
5.48556 0.169855 216 3.64978
5.49554 0.151671 240 3.25906
5.50963 0.143042 168 3.07363
5.52599 0.163342 240 3.50983
5.55508 0.214005 144 4.59845
5.56692 0.174201 312 3.74317
5.57577 0.154098 144 3.3112
5.59826 0.168592 264 3.62264
5.62783 0.161801 264 3.47671
5.64176 0.163289 192 3.50868
5.65487 0.153351 102 3.29516
5.66891 0.168613 432 3.62309
5.68967 0.155319 48 3.33743
5.69833 0.144463 288 3.10418
5.71069 0.121057 168 2.60122
5.72964 0.14587 192 3.1344
5.74147 0.126711 144 2.72273
5.75863 0.139537 48 2.99831
5.77277 0.133624 276 2.87126
5.78642 0.149552 192 3.21351
5.80132 0.151265 336 3.25032
5.80982 0.188517 216 4.05078
5.83055 0.135311 216 2.90752
5.84792 0.131574 240 2.8272
5.87392 0.154945 408 3.3294
5.89415 0.147471 24 3.16881
5.90669 0.148166 384 3.18372
5.92421 0.14019 240 3.01236
5.93942 0.147664 168 3.17296
5.96499 0.149645 246 3.21552
5.97997 0.127242 320 2.73413
6.00063 0.132164 288 2.83989
6.01022 0.14504 144 3.11656
6.0348 0.142463 288 3.06119
6.04764 0.147056 336 3.15989
6.0651 0.134784 168 2.89619
6.07555 0.166968 336 3.58773
6.09177 0.142049 96 3.0523
6.10391 0.126034 384 2.70818
6.11603 0.126793 72 2.72448
6.13444 0.13918 336 2.99064
6.15624 0.0912538 24 1.96083
6.16996 0.142485 336 3.06166
6.18252 0.109642 168 2.35594
6.19954 0.155633 456 3.34419
6.22004 0.116933 108 2.5126
6.23156 0.137612 264 2.95694
6.24595 0.122253 264 2.62693
6.26564 0.11888 312 2.55444
6.28319 0.0951714 30 2.04501
6.29452 0.148542 432 3.19181
6.31756 0.134929 432 2.89931
6.33013 0.143281 192 3.07876
6.35192 0.119115 240 2.55949
6.36456 0.148747 336 3.19621
6.38447 0.131065 240 2.81627
6.3922 0.128929 240 2.77037
6.41275 0.147806 216 3.176
6.42832 0.119044 312 2.55797
6.44655 0.157952 336 3.39401
6.46894 0.146543 72 3.14887
6.48007 0.127921 624 2.74872
6.49634 0.153391 120 3.29601
6.51021 0.149704 336 3.21679
6.52968 0.0765901 32 1.64574
6.54409 0.117543 528 2.52573
6.56562 0.122268 312 2.62726
6.57487 0.0975607 96 2.09635
6.59474 0.114326 414 2.45659
6.60897 0.129972 216 2.79279
6.63315 0.116888 480 2.51165
6.6632 0.122271 636 2.62731
6.68355 0.129798 240 2.78904
6.69388 0.121562 168 2.61207
6.7191 0.121159 504 2.60342
6.7321 0.116477 240 2.5028
6.74682 0.113812 456 2.44554
6.7725 0.121766 264 2.61645
6.78639 0.110948 264 2.38401
6.80514 0.118737 552 2.55137
6.82529 0.117272 72 2.5199
6.83702 0.124194 384 2.66864
6.8562 0.11108 336 2.38684
6.86853 0.0974222 96 2.09337
6.89291 0.115012 480 2.47132
6.90756 0.104933 174 2.25475
6.92267 0.118459 552 2.54539
6.94474 0.122288 360 2.62767
6.95933 0.109639 432 2.35588
6.98042 0.119945 480 2.57734
7.00371 0.105912 288 2.2758
7.01377 0.0951695 168 2.04497
7.03217 0.118865 504 2.55412
7.05566 0.101866 240 2.18885
7.06849 0.0992506 440 2.13266
7.09018 0.110321 552 2.37055
7.10861 0.115073 12 2.47265
7.12185 0.115281 528 2.47711
7.14393 0.109911 480 2.36173
7.16393 0.091293 48 1.96167
7.17479 0.0979038 624 2.10372
7.19862 0.116378 504 2.50068
7.22401 0.0980359 198 2.10656
7.23516 0.108707 552 2.33585
7.25595 0.119634 432 2.57065
7.27644 0.109202 312 2.34648
7.29122 0.113243 336 2.43333
7.31192 0.0994778 408 2.13754
7.33337 0.106864 432 2.29625
7.34474 0.106966 456 2.29845
7.36312 0.107174 528 2.30291
7.39021 0.107496 456 2.30983
7.40396 0.125949 168 2.70633
7.41823 0.102127 504 2.19446
7.44195 0.120416 336 2.58746
7.45982 0.0938406 456 2.01641
7.47564 0.108122 408 2.32329
7.49795 0.105129 696 2.25897
7.52344 0.107372 384 2.30717
7.54481 0.106621 126 2.29102
7.558 0.117591 492 2.52675
7.57485 0.102645 528 2.2056
7.59872 0.0979263 696 2.1042
7.61833 0.105403 416 2.26485
7.63208 0.104661 264 2.2489
7.65511 0.102051 768 2.19284
7.6749 0.108502 408 2.33146
7.69957 0.0992963 360 2.13364
7.71 0.101047 408 2.17127
7.72931 0.102686 456 2.20648
7.75392 0.0937213 408 2.01385
7.77036 0.101853 504 2.18857
7.79066 0.103912 648 2.23283
7.81535 0.0907098 360 1.94914
7.83053 0.0988479 528 2.12401
7.85864 0.0992617 582 2.1329
7.87632 0.0951835 600 2.04527
7.89523 0.102109 576 2.19408
7.914 0.0992273 408 2.13216
7.93268 0.102705 408 2.20688
7.95698 0.0966828 624 2.07748
7.97865 0.0865989 576 1.8608
8.00144 0.0968416 348 2.08089
8.01209 0.0945456 576 2.03156
8.03437 0.100251 600 2.15416
8.0589 0.0862296 600 1.85287
8.07879 0.10463 576 2.24826
8.10331 0.0869458 768 1.86826
8.12088 0.0857257 240 1.84204
8.14134 0.0880866 336 1.89277
8.15994 0.0935334 590 2.00981
8.17963 0.0920528 744 1.97799
8.20288 0.0928098 504 1.99426
8.22478 0.0940396 648 2.02069
8.24775 0.0923338 696 1.98403
8.26774 0.0911653 696 1.95893
8.29585 0.0911478 552 1.95855
8.31341 0.0904567 648 1.9437
8.33446 0.0869727 504 1.86884
8.35037 0.0880899 480 1.89284
8.37174 0.0871238 600 1.87208
8.39493 0.0921518 792 1.98012
8.41471 0.0881584 336 1.89431
8.43909 0.0927529 588 1.99304
8.46013 0.0821822 744 1.7659
8.48605 0.093625 894 2.01178
8.50984 0.0848523 648 1.82327
8.53082 0.0799293 528 1.71749
8.54904 0.0819816 696 1.76159
8.57637 0.0843769 648 1.81306
8.59669 0.0818541 936 1.75885
8.6208 0.0997432 144 2.14324
8.63354 0.0839213 840 1.80327
8.66042 0.0897815 792 1.92919
8.68183 0.087337 480 1.87666
8.70268 0.0810131 536 1.74078
8.72506 0.0805378 888 1.73056
8.7477 0.0735991 792 1.58147
8.77145 0.0833112 744 1.79016
8.79242 0.0887963 534 1.90802
8.81805 0.0790358 816 1.69829
8.83728 0.071965 408 1.54636
8.8592 0.0785994 960 1.68891
8.88614 0.0786354 708 1.68969
8.90971 0.0789623 1056 1.69671
8.93776 0.078219 864 1.68074
8.95479 0.0810791 552 1.7422
8.98268 0.0741329 528 1.59294
8.99967 0.0816498 936 1.75446
9.02501 0.0788306 888 1.69388
9.04798 0.0808099 504 1.73641
9.07075 0.0831784 696 1.78731
9.08827 0.0736609 600 1.5828
9.1155 0.0719083 798 1.54514
9.13638 0.0754829 912 1.62195
9.1598 0.0768713 912 1.65178
9.18648 0.0735562 1104 1.58055
9.21077 0.0791319 648 1.70036
9.24054 0.0713592 912 1.53334
9.25969 0.0748302 824 1.60792
9.28649 0.080731 888 1.73472
9.30524 0.0757964 456 1.62868
9.32993 0.0678821 1068 1.45862
9.35118 0.0740447 648 1.59104
9.37753 0.0811911 1032 1.7446
9.39943 0.0663038 576 1.42471
9.42618 0.0727816 1254 1.5639
9.45345 0.0774154 792 1.66347
9.47224 0.0765825 816 1.64558
9.49886 0.0778965 936 1.67381
9.52401 0.0736655 912 1.5829
9.54544 0.070547 624 1.51589
9.57046 0.0710512 1224 1.52672
9.59495 0.0737496 816 1.5847
9.61947 0.0720267 888 1.54768
9.64548 0.0727805 1152 1.56388
9.67583 0.0719156 1104 1.5453
9.69991 0.0716312 840 1.53918
9.71865 0.0725772 480 1.55951
9.74574 0.0732688 894 1.57437
9.76669 0.0763997 1236 1.64165
9.79605 0.0700374 1184 1.50494
9.82348 0.0713844 792 1.53388
9.84219 0.0704634 792 1.51409
9.86897 0.0707237 1440 1.51968
9.89283 0.070303 864 1.51064
9.92079 0.0697882 960 1.49958
9.94684 0.0666895 1128 1.433
9.97686 0.0695922 816 1.49537
9.99766 0.0692559 1008 1.48814
10.0218 0.0706592 1008 1.5183
10.0521 0.0682454 1518 1.46643
10.0762 0.067447 816 1.44928
10.1025 0.0668372 1104 1.43617
10.13 0.0657534 1056 1.41288
10.1552 0.0663843 1104 1.42644
10.1774 0.0674978 1056 1.45037
10.2056 0.0647616 1188 1.39157
10.233 0.0671043 912 1.44191
10.26 0.0658629 1368 1.41524
10.2868 0.0667581 1128 1.43447
10.3108 0.0664307 1128 1.42744
10.3392 0.0675049 992 1.45052
10.3669 0.0693853 1326 1.49092
10.3909 0.0665244 672 1.42945
10.4156 0.0667527 1632 1.43436
10.4477 0.0673913 1128 1.44808
10.468 0.0667286 1152 1.43384
10.4961 0.0658638 1104 1.41526
10.527 0.0676206 1560 1.45301
10.556 0.0625457 1272 1.34396
10.5803 0.061797 1080 1.32787
10.6074 0.0652488 1224 1.40204
10.633 0.0646127 960 1.38837
10.6646 0.0650413 1332 1.39758
10.6881 0.0604817 1158 1.29961
10.7153 0.061782 1656 1.32755
10.7456 0.0606563 1248 1.30336
10.7692 0.066621 1152 1.43153
10.7959 0.0653494 1272 1.4042
10.8278 0.0625427 1608 1.34389
10.8578 0.0665858 1464 1.43077
10.8878 0.0730882 824 1.57049
10.9128 0.0637394 1704 1.36961
10.9379 0.0584938 1200 1.25689
10.9681 0.0619017 1416 1.33012
10.9964 0.0596153 1326 1.28099
11.0235 0.0613446 1416 1.31815
11.0496 0.0606109 1200 1.30238
11.0767 0.0576453 1440 1.23866
11.1104 0.0633419 1716 1.36107
11.1386 0.0590703 1488 1.26928
11.1683 0.0595325 1536 1.27921
11.1955 0.0565007 1272 1.21406
11.221 0.0605077 1392 1.30017
11.2573 0.0629143 1800 1.35188
11.2826 0.0632765 1032 1.35966
11.3096 0.0584535 1446 1.25603
11.3402 0.0595197 1920 1.27894
11.3665 0.0597904 1032 1.28475
11.3923 0.0584893 1656 1.2568
11.4292 0.0590276 2168 1.26836
11.4591 0.060629 1440 1.30277
11.4849 0.0574646 1248 1.23478
11.5152 0.0612164 1464 1.31539
11.5455 0.0551594 1884 1.18524
11.5794 0.0547403 1680 1.17624
11.605 0.0587938 1392 1.26334
11.6336 0.0536359 1590 1.15251
11.6676 0.0556599 2040 1.196
11.6971 0.0523215 1728 1.12426
11.728 0.0595987 1464 1.28063
11.7556 0.0540312 1608 1.161
11.7865 0.0572746 1656 1.23069
11.8171 0.055428 1776 1.19102
11.8458 0.0545697 1800 1.17257
11.8722 0.0551992 1560 1.1861
11.9022 0.0532312 1512 1.14381
11.9368 0.0588983 1782 1.26558
11.9681 0.0528551 2264 1.13573
12.001 0.0537831 1692 1.15567
12.0348 0.0554199 2256 1.19084
12.0649 0.0569165 1368 1.223
12.0929 0.0559635 2160 1.20252
12.1244 0.0558115 1368 1.19926
12.1502 0.0519839 1944 1.11701
12.1851 0.0539656 1728 1.15959
12.2173 0.0554854 2016 1.19225
12.2459 0.0527915 1662 1.13436
12.279 0.0535607 2592 1.15089
12.3152 0.0559953 1680 1.20321
12.3441 0.0564304 1992 1.21255
12.3741 0.0537468 1920 1.15489
12.4055 0.0515665 1968 1.10804
12.4398 0.0526255 2004 1.1308
12.4691 0.0534414 1920 1.14833
12.5021 0.049754 1952 1.0691
12.5336 0.0526759 2304 1.13188
12.5696 0.0533764 2118 1.14693
12.6001 0.0512613 1848 1.10148
12.6298 0.0514934 2064 1.10647
12.6656 0.0532801 2352 1.14486
12.6997 0.0490258 2184 1.05345
12.7271 0.0530607 1896 1.14015
12.7606 0.0491039 2472 1.05512
12.7965 0.0470416 1944 1.01081
12.8269 0.0509297 2088 1.09436
12.8578 0.0493112 1968 1.05958
12.8928 0.0500375 2250 1.07519
12.9243 0.048106 2472 1.03368
12.9622 0.0507476 2832 1.09045
12.9935 0.0492781 1776 1.05887
13.0248 0.0488981 2496 1.0507
13.0599 0.0487369 1856 1.04724
13.0924 0.0489818 2472 1.0525
13.1278 0.0479201 2928 1.02969
13.1613 0.0493189 1752 1.05975
13.1941 0.0482052 2166 1.03581
13.2228 0.0487446 2448 1.04741
13.2609 0.0473518 3048 1.01748
13.2985 0.0473309 2352 1.01703
13.3341 0.0479332 2340 1.02997
13.3669 0.048206 2856 1.03583
13.3981 0.0474863 1872 1.02037
13.4328 0.0467472 2856 1.00449
13.4672 0.0494502 2208 1.06257
13.5027 0.0461051 2622 0.990689
13.5372 0.0466915 2712 1.00329
13.5706 0.0482713 2520 1.03724
13.6106 0.0454709 3080 0.977061
13.6462 0.0466905 2832 1.00327
13.6782 0.0464786 2232 0.998714
13.7154 0.047968 3000 1.03072
13.7476 0.0449718 1872 0.966336
13.782 0.0466771 2916 1.00298
13.8177 0.0461947 2910 0.992614
13.8563 0.047284 3144 1.01602
13.8883 0.045692 2376 0.981812
13.9269 0.0461587 3096 0.991841
13.9621 0.0450471 2880 0.967954
14.0013 0.0450337 2904 0.967667
14.0349 0.0450434 2520 0.967876
14.0695 0.0441294 3360 0.948235
14.1111 0.045352 2712 0.974505
14.1423 0.0467832 2798 1.00526
14.181 0.0432715 3048 0.929801
14.2158 0.0440615 2724 0.946776
14.2491 0.0416896 3264 0.89581
14.2875 0.0436708 3048 0.938381
14.3254 0.0429727 3024 0.923382
14.3617 0.0413773 3120 0.8891
14.4019 0.0427247 3456 0.918051
14.4372 0.042081 2334 0.904221
14.472 0.0450966 3264 0.969019
14.5088 0.0437983 3456 0.941121
14.5462 0.0437665 3312 0.940437
14.5799 0.0418211 2616 0.898635
14.6203 0.0423677 3792 0.910381
14.6599 0.0409175 3180 0.87922
14.6973 0.0416256 3248 0.894436
14.7343 0.0418536 3312 0.899335
14.7747 0.0411963 3606 0.885211
14.8116 0.0425521 3456 0.914343
14.8465 0.0421212 2688 0.905084
14.8883 0.041249 4152 0.886343
14.9273 0.0411867 3600 0.885004
14.9656 0.0389443 3432 0.83682
15.0056 0.0395939 3624 0.850778
15.0456 0.0400862 3384 0.861356
15.0848 0.0408097 3582 0.876903
15.1203 0.0402435 3276 0.864737
15.1572 0.0404185 3696 0.868498
15.1966 0.0400102 3888 0.859724
15.2357 0.0411885 3608 0.885043
15.2769 0.0390652 3768 0.839418
15.3164 0.0397387 3720 0.85389
15.3575 0.0396221 3984 0.851383
15.3971 0.0394909 3438 0.848565
15.4322 0.0389364 3696 0.83665
15.4717 0.0391025 4104 0.840219
15.5131 0.0384991 3792 0.827255
15.552 0.0382857 3828 0.822668
15.5926 0.038021 4008 0.816981
15.6329 0.0376133 4032 0.808219
15.6696 0.0388466 3768 0.834722
15.714 0.0370912 4206 0.797001
15.7514 0.0385646 3456 0.828661
15.7915 0.0375641 4568 0.807164
15.8322 0.0384291 4272 0.82575
15.8721 0.0380565 3960 0.817744
15.9156 0.0370182 4584 0.795432
15.9588 0.0371782 4416 0.79887
15.9995 0.0370064 3252 0.79518
16.0387 0.0373876 5166 0.803371
16.0805 0.0362445 4272 0.778808
16.1203 0.037566 3984 0.807203
16.1623 0.0372483 4608 0.800377
16.206 0.0375125 4584 0.806054
16.2476 0.0367899 4752 0.790527
16.2926 0.036765 4152 0.789992
16.3308 0.0363313 4454 0.780673
16.3706 0.0360012 4272 0.773581
16.4105 0.0363381 4416 0.780819
16.4572 0.0353443 5484 0.759466
16.4971 0.0356087 3984 0.765146
16.5399 0.0357919 5232 0.769083
16.5854 0.0357065 4752 0.767247
16.626 0.034753 4200 0.74676
16.6696 0.035001 5070 0.752089
16.7114 0.0351479 4848 0.755244
16.7541 0.0335725 5376 0.721394
16.7993 0.0351731 4824 0.755787
16.8373 0.035715 3912 0.767431
16.8821 0.034149 5708 0.733781
16.9286 0.0343669 5424 0.738463
16.9743 0.0338002 5046 0.726286
17.0151 0.0352465 4872 0.757363
17.0591 0.0343736 5112 0.738607
17.1027 0.0337598 5640 0.725419
17.1485 0.0334501 4920 0.718763
17.1891 0.0347058 5040 0.745745
17.2339 0.0332752 5736 0.715005
17.2803 0.0327227 4734 0.703132
17.3215 0.0336227 5580 0.722472
17.3661 0.0340607 5592 0.731884
17.4108 0.0336072 5432 0.722138
17.4551 0.0326053 5616 0.700609
17.5005 0.0334511 5640 0.718785
17.5472 0.0322116 5232 0.692151
17.5907 0.0329669 5622 0.70838
17.6344 0.0333639 6192 0.716911
17.6832 0.0324653 5760 0.697601
17.727 0.0312946 5616 0.672446
17.7706 0.0316819 5316 0.680769
17.8179 0.0304841 6696 0.655031
17.8659 0.0323659 6000 0.695466
17.9128 0.0317908 6030 0.683108
17.9594 0.0308886 5624 0.663722
18.0036 0.0307049 6288 0.659775
18.0498 0.0313733 6432 0.674138
18.0972 0.0311143 5856 0.668572
18.143 0.0308501 6192 0.662895
18.1863 0.0311835 5328 0.670058
18.2352 0.0312148 7338 0.670732
18.2837 0.0306334 6240 0.65824
18.3278 0.0303626 6216 0.65242
18.3778 0.0306459 7128 0.658507
18.4243 0.0320539 5472 0.688763
18.47 0.0305887 6984 0.657279
18.5178 0.0298186 6422 0.640731
18.5668 0.0298824 7176 0.642102
18.6134 0.0302075 6312 0.649087
18.6623 0.0300626 6756 0.645972
18.71 0.0303933 7224 0.653081
18.7595 0.0300625 7224 0.645972
18.8071 0.0294729 5856 0.633301
18.8564 0.0292871 7710 0.62931
18.9065 0.0291928 7392 0.627283
18.9507 0.0299072 5688 0.642635
18.9981 0.028578 8256 0.614073
19.051 0.0290557 7040 0.624337
19.1004 0.0284342 7044 0.610983
19.1475 0.0283274 7062 0.608687
19.1943 0.0285446 7368 0.613355
19.2465 0.0280813 7776 0.6034
19.2965 0.0287023 7872 0.616744
19.3469 0.0285656 7032 0.613807
19.3974 0.028032 8136 0.602341
19.4426 0.0278035 6384 0.597431
19.4935 0.0282024 8286 0.606003
19.5444 0.0267239 7692 0.574233
19.5944 0.0278283 8072 0.597964
19.6434 0.0277731 7584 0.596777
19.6937 0.0272419 7992 0.585364
19.7458 0.0281467 7944 0.604805
19.7992 0.0279549 8646 0.600684
19.8493 0.0263638 8232 0.566496
19.9018 0.027306 8472 0.58674
19.9524 0.027273 7560 0.586031
20.0013 0.0269415 8220 0.578909
20.0525 0.0267614 8616 0.575039
20.1063 0.027118 8622 0.5827
20.157 0.0263376 8336 0.565933
20.2078 0.0264574 8184 0.568507
20.2598 0.0267637 9312 0.575088
20.3126 0.0265496 8736 0.570488
20.3651 0.0259609 8184 0.557839
20.4177 0.0270038 9354 0.580248
20.4698 0.0257975 8544 0.554328
20.5231 0.0265491 9816 0.570477
20.576 0.0258142 8712 0.554686
20.627 0.0264657 8256 0.568684
20.6786 0.0258711 9344 0.555908
20.7331 0.0255144 9822 0.548244
20.7882 0.0256847 9624 0.551903
20.8426 0.0250303 9480 0.537842
20.8961 0.0256833 9132 0.551873
20.9485 0.0259621 9816 0.557863
20.9997 0.0258674 8688 0.555829
21.0552 0.0248494 10062 0.533954
21.1104 0.0251698 10512 0.540838
21.1672 0.024792 10104 0.532721
21.2183 0.0250202 8936 0.537625
21.2722 0.0247147 10488 0.531061
21.3287 0.024711 9660 0.53098
21.3821 0.024897 10206 0.534977
21.4364 0.0243108 10680 0.52238
21.4933 0.024502 10296 0.52649
21.5483 0.0246804 10224 0.530323
21.6033 0.0247065 10656 0.530884
21.6589 0.0236565 10134 0.508323
21.7146 0.0242441 11496 0.520948
21.7745 0.0235657 10724 0.50637
21.8273 0.0237731 10656 0.510828
21.8816 0.0239598 10320 0.51484
21.94 0.0240731 11592 0.517274
21.9988 0.0240649 11358 0.517097
22.054 0.0233325 10632 0.501359
22.1087 0.0231142 11640 0.496668
22.1666 0.0228235 10920 0.490422
22.2221 0.0240496 11004 0.51677
22.2772 0.0232161 11262 0.498858
22.3371 0.0233272 12440 0.501246
22.3946 0.0229229 11712 0.492558
22.4502 0.0230279 10512 0.494814
22.5085 0.0233237 13632 0.501171
22.5697 0.0228347 11496 0.490663
22.6258 0.0228265 11022 0.490486
22.6838 0.0224666 13500 0.482753
22.7451 0.022529 12624 0.484095
22.8008 0.0222541 11040 0.478187
22.8586 0.0221397 12488 0.47573
22.9186 0.022464 12774 0.482697
22.9762 0.0222854 12720 0.478861
23.0377 0.0219223 13320 0.471058
23.0988 0.0219305 13044 0.471234
23.1576 0.0215559 12552 0.463185
23.2162 0.0215095 12672 0.462187
23.275 0.0213463 13398 0.458681
23.3369 0.0222886 13200 0.47893
23.3935 0.0212891 12968 0.457453
23.4545 0.021314 13632 0.457988
23.5125 0.0212342 12408 0.456272
23.5748 0.0212688 14562 0.457016
23.6353 0.0213318 13944 0.458369
23.6958 0.0206895 13704 0.444568
23.7592 0.0208803 14256 0.448668
23.8166 0.0207862 12936 0.446645
23.8778 0.0205724 14526 0.442052
23.9404 0.0205139 14864 0.440795
24.0043 0.0206186 14724 0.443044
24.0649 0.0201616 14136 0.433225
24.1248 0.0202158 13776 0.43439
24.1875 0.0203585 15366 0.437455
24.2503 0.0204363 14880 0.439128
24.3119 0.0199191 14736 0.428013
24.3743 0.0202482 15576 0.435085
24.4392 0.0201498 14892 0.43297
24.5001 0.0200751 14774 0.431365
24.5622 0.0198534 16128 0.426602
24.6263 0.0198309 14928 0.426119
24.6879 0.0199776 15672 0.429271
24.7527 0.0195076 16176 0.419172
24.8164 0.0197226 15486 0.423791
24.8796 0.0197975 15780 0.4254
24.9442 0.0193335 17712 0.41543
25.0107 0.0195201 15272 0.41944
25.0724 0.0194695 16392 0.418354
25.1394 0.019101 17070 0.410436
25.2035 0.0194753 16824 0.418479
25.2688 0.0190804 16608 0.409992
25.3326 0.0189072 16644 0.40627
25.3969 0.0185936 16512 0.399531
25.4633 0.0192224 18366 0.413044
25.5297 0.0188335 16368 0.404686
25.5949 0.0187317 18752 0.4025
25.6601 0.0185998 16080 0.399666
25.7231 0.018435 16920 0.396123
25.7904 0.0182236 19074 0.391582
25.8577 0.0181516 18168 0.390035
25.9252 0.0183362 18432 0.394002
25.9924 0.0179289 17856 0.385248
26.0586 0.0177112 18414 0.380571
26.1268 0.0181586 19280 0.390185
26.195 0.0181949 18828 0.390964
26.2596 0.0179793 17256 0.386332
26.3249 0.0176302 19392 0.378831
26.3952 0.0177131 19446 0.380613
26.4628 0.0178302 19272 0.383129
26.5322 0.0174742 20592 0.375478
26.6014 0.0174182 19008 0.374275
26.6684 0.0171957 18500 0.369494
26.7356 0.0173674 21246 0.373183
26.8047 0.01734 18696 0.372595
26.8729 0.0171889 21240 0.369347
26.945 0.0172166 21048 0.369944
27.0152 0.0170568 20022 0.366509
27.0829 0.0169308 20124 0.363803
27.1495 0.0165786 20280 0.356236
27.2209 0.0172977 22232 0.371685
27.2926 0.0170076 20376 0.365452
27.3615 0.0166983 21390 0.358807
27.4318 0.0167189 21960 0.359249
27.5002 0.0164182 20040 0.352788
27.5719 0.0165973 23268 0.356635
27.6439 0.016106 21510 0.34608
27.715 0.0165357 22608 0.355313
27.7861 0.0162581 21896 0.349347
27.8576 0.0163093 23304 0.350447
27.9287 0.016289 20838 0.350012
27.9986 0.0159754 23556 0.343273
28.0714 0.0161236 23184 0.346457
28.1449 0.0158876 24168 0.341386
28.2185 0.0159184 22272 0.342048
28.29 0.0159386 24374 0.342483
28.3629 0.0155378 23328 0.333869
28.4352 0.0157208 23844 0.337802
28.5081 0.0157878 24096 0.339242
28.5827 0.0156055 24942 0.335326
28.6568 0.0155275 24120 0.333648
28.7292 0.0152169 25008 0.326976
28.8041 0.0156622 24776 0.336544
28.8793 0.0156115 25266 0.335453
28.9524 0.0153799 24960 0.330477
29.0269 0.0152409 26184 0.327491
29.103 0.0152018 25032 0.326651
29.1757 0.0151959 25392 0.326523
29.251 0.0150813 26526 0.324061
29.3255 0.0149035 25548 0.32024
29.4021 0.0148623 28256 0.319355
29.4795 0.0147674 25680 0.317317
29.5542 0.0150324 26526 0.32301
29.6293 0.0146183 27600 0.314112
29.7043 0.0147466 26328 0.316869
29.7817 0.0145388 27996 0.312404
29.8574 0.0143823 27246 0.309042
29.9347 0.01448 28664 0.31114
30.0127 0.0146165 28320 0.314073
30.089 0.0143529 27408 0.30841
30.1652 0.0142975 28254 0.307219
30.2438 0.0141866 30012 0.304835
30.3223 0.0143053 29040 0.307388
30.4007 0.0142807 28824 0.306859
30.4792 0.0141289 29654 0.303596
30.556 0.0140085 29640 0.301009
30.6357 0.0142713 29988 0.306656
30.7145 0.0140025 30672 0.300881
30.7945 0.0138302 29814 0.297179
30.8718 0.013631 30000 0.292897
30.9495 0.0138059 31056 0.296656
31.0305 0.0136685 31208 0.293704
31.1105 0.0137147 31194 0.294697
31.1917 0.0135878 33096 0.29197
31.2716 0.0133904 30480 0.287727
31.3505 0.0132929 31488 0.285633
31.4315 0.0134909 33222 0.289888
31.5119 0.0133075 31476 0.285947
31.5932 0.0133488 34400 0.286833
31.6747 0.0131211 31992 0.281942
31.756 0.013231 32958 0.284303
31.8369 0.0130109 34728 0.279573
31.9214 0.0130339 34368 0.280067
32.0022 0.0129097 32268 0.2774
32.0837 0.0127 35822 0.272893
32.1676 0.0128197 34512 0.275465
32.2483 0.0128306 33384 0.275699
32.331 0.0126962 36126 0.272812
32.4146 0.0127359 34788 0.273665
32.4973 0.012607 36576 0.270893
32.5819 0.0127377 35664 0.273703
32.6656 0.012603 35846 0.270808
32.7487 0.012648 37200 0.271776
32.8335 0.0124206 36456 0.266888
32.9169 0.0123924 36804 0.266283
33.0026 0.0122042 37902 0.262238
33.0877 0.0123385 37944 0.265126
33.174 0.0123338 38936 0.265025
33.2581 0.0123348 36192 0.265046
33.3424 0.0121608 38898 0.261307
33.4279 0.0120351 39456 0.258606
33.515 0.0119972 39216 0.257791
33.6037 0.0120698 41214 0.259351
33.689 0.0118504 37704 0.254638
33.774 0.0119152 40772 0.256029
33.8615 0.0117319 40056 0.252092
33.9478 0.0117035 40014 0.25148
34.0351 0.0115124 42168 0.247374
34.124 0.0115622 41712 0.248444
34.2119 0.0116475 40818 0.250277
34.2993 0.0115457 42920 0.248089
34.3882 0.0116388 41976 0.25009
34.4753 0.0114433 41424 0.245889
34.5632 0.0113442 43590 0.24376
34.6539 0.0113583 44244 0.244062
34.7436 0.0111588 44256 0.239775
34.8317 0.0110923 40982 0.238346
34.9193 0.011143 45816 0.239436
35.0108 0.0111207 45360 0.238957
35.1021 0.0110996 44988 0.238503
35.1914 0.0108927 44526 0.234059
35.2811 0.0109373 45768 0.235016
35.3715 0.010894 45968 0.234085
35.462 0.0107603 46038 0.231214
35.5548 0.0109703 47844 0.235726
35.6465 0.0108768 47736 0.233717
35.7382 0.0106441 46152 0.228717
35.8287 0.0106726 47694 0.229329
35.9205 0.0107339 48464 0.230645
36.0138 0.0105918 49404 0.227593
36.1075 0.0105253 49086 0.226164
36.2003 0.0104566 49080 0.224687
36.2923 0.0105266 49632 0.226192
36.3853 0.0105986 49092 0.227739
36.4786 0.0104073 51494 0.223628
36.5735 0.0103938 51792 0.223338
36.6689 0.0103838 50880 0.223124
36.7611 0.0102898 50430 0.221104
36.8562 0.0102232 53892 0.219673
36.9524 0.0101141 52704 0.217328
37.0461 0.0100682 50534 0.216341
37.1396 0.0102354 54072 0.219935
37.235 0.0102371 53448 0.21997
37.3324 0.0101359 55284 0.217796
37.4296 0.00997045 55422 0.214241
37.5251 0.0100876 53096 0.216759
37.6202 0.0100115 56184 0.215123
37.7181 0.00986619 55530 0.212001
37.8148 0.00986676 56952 0.212013
37.9117 0.009877 55728 0.212233
38.0096 0.0097668 57894 0.209865
38.1077 0.00976574 58088 0.209842
38.2064 0.00968608 57996 0.208131
38.3036 0.00958637 57222 0.205988
38.4004 0.00957117 58368 0.205662
38.4998 0.00951957 61080 0.204553
38.6002 0.00954016 59006 0.204995
38.6989 0.00936719 61044 0.201279
38.7988 0.009459 61128 0.203251
38.8984 0.00937682 59616 0.201486
38.9979 0.00942255 63222 0.202468
39.0985 0.00925136 61044 0.19879
39.1981 0.00923922 62816 0.198529
39.2989 0.00927169 62526 0.199226
39.3992 0.00919977 64416 0.197681
39.501 0.00926265 63156 0.199032
39.6035 0.00903072 66798 0.194049
39.7059 0.00901897 64448 0.193796
39.8075 0.00899453 65424 0.193271
39.9098 0.00884408 65694 0.190038
40.0124 0.00889016 67452 0.191028
40.1149 0.0089726 66528 0.1928
40.2191 0.00881788 68462 0.189475
40.3222 0.00872724 68400 0.187528
40.4256 0.00879571 67236 0.188999
40.53 0.00872985 71910 0.187584
40.6363 0.00864283 69744 0.185714
40.7386 0.00872137 68088 0.187402
40.8419 0.00873718 70250 0.187741
40.9466 0.00857126 72744 0.184176
41.053 0.00859381 71928 0.18466
41.159 0.00853307 72534 0.183355
41.2646 0.00848188 73560 0.182255
41.3712 0.00836499 73988 0.179744
41.4772 0.00839914 73062 0.180478
41.5831 0.00835073 75336 0.179437
41.6906 0.00831016 75648 0.178565
41.7987 0.00828202 76458 0.177961
41.906 0.00826712 76904 0.177641
42.0139 0.00824489 76368 0.177163
42.1216 0.00819659 78222 0.176125
42.2297 0.0081309 77940 0.174714
42.3371 0.00810488 77832 0.174155
42.4472 0.00807784 81494 0.173573
42.5562 0.00804316 79440 0.172828
42.6659 0.00793575 80940 0.17052
42.7753 0.00799215 81390 0.171732
42.8856 0.00786097 82848 0.168913
42.996 0.00780657 81806 0.167745
43.1072 0.00776635 85044 0.16688
43.2176 0.00780357 82608 0.16768
43.3292 0.0077402 85470 0.166318
43.4392 0.00771932 83400 0.16587
43.5506 0.00762177 86876 0.163774
43.6633 0.007648 87198 0.164337
43.7751 0.00763757 85608 0.164113
43.8881 0.00755748 91104 0.162392
44.0026 0.0075095 86946 0.161361
44.1136 0.00751197 88808 0.161414
44.2274 0.00741593 90360 0.159351
44.3405 0.00733373 89958 0.157584
44.4551 0.00741136 92916 0.159253
44.5696 0.00732777 91046 0.157456
44.6839 0.0073114 93384 0.157105
44.7984 0.00724781 92880 0.155738
44.9142 0.00729888 95082 0.156836
45.0292 0.00725596 94464 0.155913
45.1451 0.00715346 95792 0.153711
45.2606 0.00714247 95370 0.153475
45.3774 0.00715975 99624 0.153846
45.4939 0.00710713 94824 0.152715
45.6102 0.00708235 101094 0.152183
45.7283 0.00708323 98756 0.152202
45.8464 0.00698859 101550 0.150168
45.9653 0.00697923 101520 0.149967
46.083 0.00687506 101088 0.147729
46.201 0.00689582 101618 0.148175
46.3191 0.00685322 104568 0.147259
46.4392 0.00685405 103566 0.147277
46.5579 0.00678137 105168 0.145715
46.6782 0.00678 106692 0.145686
46.7986 0.00678949 106046 0.14589
46.9191 0.00671492 108960 0.144288
47.0397 0.00674031 106548 0.144833
47.1601 0.00670029 109806 0.143973
47.281 0.00664291 109328 0.14274
47.4019 0.00661887 109854 0.142224
47.524 0.00659322 112884 0.141673
47.6471 0.00653077 113832 0.140331
47.7703 0.0065204 112518 0.140108
47.8919 0.00646501 113624 0.138918
48.0151 0.00643536 115434 0.138281
48.1378 0.00642505 115056 0.138059
48.2625 0.00639589 119808 0.137432
48.388 0.00637924 116786 0.137075
48.5109 0.00632032 118488 0.135809
48.6355 0.00632013 118398 0.135805
48.7605 0.00628563 122640 0.135063
48.8868 0.0062447 121620 0.134184
49.0127 0.00625111 122126 0.134322
49.1384 0.00618699 123888 0.132944
49.2648 0.00615216 123714 0.132195
49.3907 0.0061557 125088 0.132271
49.5181 0.00611513 127424 0.131399
49.6456 0.00605593 126222 0.130127
49.7726 0.00602847 128676 0.129537
49.9009 0.00600081 129126 0.128943
50.0299 0.00597317 132056 0.128349
50.1588 0.00595747 130308 0.128012
50.2871 0.00594117 131814 0.127662
50.4164 0.00585743 133728 0.125862
50.5457 0.00584008 133574 0.125489
50.6763 0.00584047 137772 0.125498
50.806 0.00581378 132888 0.124924
50.9364 0.00579942 140166 0.124616
51.0677 0.00574563 137484 0.12346
51.199 0.00572661 140270 0.123051
51.33 0.00568707 138696 0.122202
51.4617 0.00565178 143286 0.121443
51.5948 0.00565645 143436 0.121544
51.728 0.00563532 144680 0.12109
51.8612 0.00558534 144654 0.120016
51.9944 0.00560942 146772 0.120533
52.1276 0.00553475 145710 0.118929
52.2609 0.00552372 148880 0.118692
52.3956 0.00550785 149556 0.118351
52.5302 0.0054349 151326 0.116783
52.6653 0.00545331 151704 0.117179
52.8005 0.00542289 152342 0.116525
52.9367 0.00539414 156876 0.115907
53.0737 0.00535233 154398 0.115009
53.2091 0.00533632 156744 0.114665
53.3461 0.00531611 157274 0.11423
53.4833 0.00528202 160416 0.113498
53.6213 0.00526349 161016 0.1131
53.7601 0.00523773 162258 0.112546
53.8972 0.00521337 160880 0.112023
54.0355 0.00520658 164310 0.111877
54.1742 0.00516884 165780 0.111066
54.3141 0.00514397 167454 0.110532
54.4533 0.00511572 166520 0.109925
54.5929 0.00505692 169290 0.108661
54.7333 0.00507523 171552 0.109054
54.8742 0.0050902 171120 0.109376
55.0156 0.00499531 174734 0.107337
55.1569 0.00498997 173628 0.107223
55.2995 0.0049952 177438 0.107335
55.4406 0.00496162 174728 0.106613
55.5832 0.00493054 180474 0.105945
55.7266 0.0049317 179904 0.10597
55.8696 0.00490902 180726 0.105483
56.0132 0.00484581 183932 0.104125
56.1569 0.00483873 182328 0.103973
56.3011 0.00483592 187350 0.103912
56.4471 0.00481516 188676 0.103466
56.5927 0.00479853 187766 0.103109
56.7371 0.004754 189408 0.102152
56.8838 0.00473182 192594 0.101675
57.0301 0.00469736 193632 0.100935
57.1771 0.00467285 194030 0.100408
57.3236 0.00464889 195852 0.0998936
57.4711 0.00462814 197070 0.0994476
57.618 0.00461664 198416 0.0992006
57.7665 0.00457577 201018 0.0983225
57.9147 0.0045511 201744 0.0977923
58.0633 0.00454454 202806 0.0976512
58.2129 0.00454146 207212 0.0975852
58.3628 0.00451198 205614 0.0969516
58.5129 0.00451282 210096 0.0969697
58.6636 0.00446464 208812 0.0959344
58.8139 0.00445057 211502 0.095632
58.965 0.00441022 213912 0.0947651
59.1179 0.00440446 217362 0.0946412
59.2701 0.0043514 215360 0.0935013
59.4221 0.00435533 218526 0.0935856
59.5747 0.00432979 219300 0.0930369
59.7282 0.00430336 222726 0.092469
59.8809 0.00431729 221480 0.0927683
60.0349 0.00425526 225978 0.0914353
60.1888 0.00425774 225192 0.0914887
60.3444 0.00425011 232382 0.0913248
60.4997 0.00418961 228348 0.0900247
60.6552 0.0041955 232974 0.0901513
60.8106 0.00416292 232524 0.0894512
60.9674 0.0041647 238310 0.0894894
61.1244 0.004135 236064 0.0888512
61.2815 0.0041118 240498 0.0883527
61.4388 0.0040726 240536 0.0875105
61.5968 0.00405548 243174 0.0871426
61.7548 0.00404691 244452 0.0869584
61.9144 0.00402784 249678 0.0865487
62.0739 0.00401754 248432 0.0863274
62.234 0.00400002 251682 0.085951
62.3932 0.0039897 250032 0.0857292
62.5527 0.00396207 254126 0.0851354
62.7132 0.00394848 256788 0.0848435
62.8757 0.00392947 261654 0.0844349
63.0381 0.00390762 260676 0.0839655
63.1996 0.00388529 260846 0.0834855
63.3622 0.00386437 267240 0.083036
63.5255 0.00384637 264810 0.0826493
63.6877 0.00383805 267560 0.0824704
63.8519 0.0038026 273894 0.0817089
64.0167 0.00379655 271554 0.0815787
64.1806 0.00376943 274616 0.080996
64.3453 0.00375295 276426 0.0806418
64.5106 0.00373742 280896 0.0803083
64.6769 0.0037332 280286 0.0802176
64.843 0.00370111 284748 0.0795281
65.0109 0.00367979 288774 0.0790698
65.1777 0.00365671 285264 0.078574
65.3455 0.0036263 292730 0.0779206
65.5132 0.0036304 289776 0.0780085
65.6811 0.00360546 295314 0.0774727
65.8496 0.00359142 296288 0.0771711
66.0197 0.0035721 302190 0.076756
66.1897 0.0035534 300564 0.0763541
66.3601 0.00354205 305702 0.0761101
66.5303 0.00350413 303510 0.0752954
66.7004 0.00350538 308652 0.0753223
66.873 0.00348672 314558 0.0749213
67.0452 0.00347337 311988 0.0746344
67.2167 0.00343701 314166 0.0738532
67.3893 0.00343134 319856 0.0737312
67.5627 0.0034232 319770 0.0735563
67.736 0.00340879 323448 0.0732468
67.9099 0.00338043 324522 0.0726373
68.0843 0.00336969 329726 0.0724067
68.2601 0.00334307 332016 0.0718347
68.4362 0.00332887 334626 0.0715294
68.612 0.00332774 335168 0.0715053
68.7884 0.00331315 338658 0.0711918
68.9655 0.0033035 343800 0.0709843
69.1432 0.00329545 342110 0.0708115
69.3207 0.00326468 347556 0.0701501
69.4995 0.0032328 350334 0.0694651
69.6777 0.00324306 349538 0.0696857
69.8564 0.00322681 355776 0.0693365
70.0364 0.0032016 357534 0.0687947
70.2163 0.00319049 360068 0.0685561
70.3968 0.00316867 362454 0.0680871
70.5773 0.0031555 365028 0.0678042
70.7588 0.00313533 369782 0.0673707
70.9406 0.00312582 369918 0.0671664
71.1227 0.00310683 374796 0.0667583
71.3065 0.00308408 379982 0.0662695
71.4899 0.00308612 378780 0.0663134
71.6738 0.00307226 384414 0.0660156
71.8578 0.00305493 383942 0.0656433
72.0427 0.00302939 392340 0.0650943
72.2278 0.00302239 387750 0.064944
72.4132 0.00299602 398828 0.0643773
72.5999 0.00298176 396150 0.0640708
72.7859 0.00297738 401364 0.0639767
72.9733 0.00295078 405398 0.0634053
73.1618 0.00294389 409662 0.0632573
73.3494 0.00292166 407364 0.0627795
73.5378 0.00292408 414878 0.0628316
73.7266 0.00289653 415908 0.0622396
73.9161 0.00288009 421094 0.0618863
74.1066 0.00287472 424146 0.0617708
74.2971 0.00285695 426792 0.061389
74.4885 0.00284554 431078 0.0611438
74.6798 0.00282488 431538 0.0606999
74.8715 0.00281499 438096 0.0604874
75.0646 0.00279634 440258 0.0600866
75.2577 0.00279085 444936 0.0599686
75.4513 0.00277193 445530 0.0595621
75.645 0.00275728 451022 0.0592475
75.8399 0.00274162 455808 0.0589109
76.0354 0.0027433 457122 0.058947
76.2304 0.00271752 459488 0.058393
76.4264 0.00270836 466050 0.0581963
76.6232 0.00270113 467550 0.0580409
76.8199 0.00269121 471692 0.0578276
77.0177 0.00267943 476262 0.0575746
77.2151 0.00265785 475634 0.0571108
77.4132 0.00265121 484896 0.0569683
77.6125 0.00262968 484782 0.0565055
77.8115 0.00262816 489914 0.0564728
78.0117 0.00261079 495264 0.0560997
78.2131 0.00259928 500082 0.0558522
78.4143 0.00258277 500456 0.0554976
78.6159 0.00257359 506682 0.0553004
78.8177 0.00256516 507134 0.0551191
79.0203 0.00254891 516012 0.0547701
79.2243 0.00252871 518838 0.054336
79.4272 0.00252141 515978 0.0541791
79.6311 0.0025115 530376 0.0539662
79.8371 0.00250606 529734 0.0538493
80.0421 0.00248793 532778 0.0534596
80.2477 0.00248421 537816 0.0533797
80.4541 0.00246803 541322 0.0530321
80.6607 0.002464 546414 0.0529455
80.8685 0.00244529 551916 0.0525434
81.0764 0.00242703 553094 0.052151
81.2845 0.00241624 558474 0.0519193
81.4935 0.00240693 564552 0.0517193
81.7033 0.0023905 566498 0.0513662
81.913 0.00238168 571878 0.0511766
82.1239 0.00236496 577724 0.0508173
82.3355 0.00235634 582438 0.0506322
82.5465 0.00234945 579690 0.0504842
82.758 0.00233577 592112 0.0501901
82.9721 0.00231735 598134 0.0497943
83.1855 0.00231077 596618 0.049653
83.3989 0.00231241 603792 0.0496882
83.6131 0.00228691 606738 0.0491402
83.8282 0.00227902 614870 0.0489707
84.044 0.0022656 617940 0.0486824
84.2603 0.00225705 623510 0.0484987
84.477 0.00224893 626322 0.0483242
84.6934 0.0022393 629328 0.0481173
84.911 0.00222053 639050 0.0477139
85.1297 0.00221434 641766 0.0475809
85.3485 0.00219911 647306 0.0472536
85.5682 0.00218951 653112 0.0470473
85.7884 0.0021717 656874 0.0466647
86.0089 0.00216753 662126 0.046575
86.2299 0.00215688 666780 0.0463461
86.4514 0.00214463 670934 0.046083
86.6737 0.00213759 679698 0.0459316
86.8964 0.00212623 680064 0.0456875
87.12 0.0021107 691682 0.0453539
87.3448 0.00210067 694686 0.0451384
87.569 0.00209438 695450 0.0450033
87.7937 0.00208522 705840 0.0448064
88.0203 0.00207674 712314 0.0446242
88.2462 0.0020638 710150 0.0443462
88.4726 0.00204979 723276 0.044045
88.7001 0.00204844 723230 0.0440161
88.9284 0.00203786 736218 0.0437887
89.1579 0.00202482 738662 0.0435086
89.3867 0.00201623 740364 0.0433239
89.6161 0.00200558 748398 0.0430952
89.8463 0.00199738 753290 0.042919
90.0772 0.00198852 762138 0.0427285
90.3085 0.0019666 763784 0.0422576
90.5413 0.00196829 778170 0.0422939
90.7746 0.00195579 776006 0.0420253
91.0075 0.00195385 783738 0.0419835
91.2418 0.00194626 794256 0.0418204
91.4765 0.00193641 792962 0.0416087
91.7111 0.0019261 801846 0.0413872
91.9473 0.00191847 813170 0.0412234
92.1839 0.00190425 812880 0.0409178
92.4211 0.00189052 824282 0.0406228
92.6591 0.00188551 827622 0.0405151
92.8972 0.00187115 834186 0.0402065
93.1361 0.00186241 841472 0.0400187
93.375 0.0018515 841890 0.0397844
93.6147 0.00184631 856262 0.0396728
93.8558 0.00183768 861042 0.0394874
94.0972 0.00183163 867476 0.0393573
94.3397 0.00182183 877470 0.0391468
94.5823 0.0018072 876842 0.0388324
94.8248 0.00180359 886686 0.0387549
95.0688 0.00179362 896130 0.0385405
95.3133 0.00178779 899528 0.0384154
95.5582 0.00177901 908634 0.0382268
95.804 0.0017689 915134 0.0380095
96.0501 0.00175691 920034 0.0377517
96.2972 0.00174933 933212 0.0375888
96.545 0.00173826 933582 0.0373511
96.7929 0.00173164 944786 0.0372088
97.0421 0.00172177 952422 0.0369968
97.2918 0.00171363 958850 0.0368219
97.5418 0.00170518 964152 0.0366403
97.7929 0.00169423 977106 0.0364049
98.0448 0.00169145 980390 0.0363453
98.2967 0.00167999 987162 0.036099
98.5494 0.00167077 997082 0.035901
98.803 0.00166555 1005240 0.0357887
99.0568 0.00165186 1008218 0.0354946
99.3112 0.00164539 1020270 0.0353555
99.567 0.00164344 1029386 0.0353137
99.8227 0.00163545 1030422 0.0351419
100.079 0.00162832 1048556 0.0349888
100.337 0.00161731 1044762 0.0347521
100.594 0.00160722 1061342 0.0345354
100.853 0.00159986 1066122 0.0343772
101.112 0.00159023 1080278 0.0341703
101.372 0.0015843 1080882 0.0340428
101.633 0.00157182 1095860 0.0337747
101.895 0.00156616 1101246 0.0336531
102.156 0.00155743 1105722 0.0334654
102.419 0.00154721 1122854 0.0332458
102.683 0.00154486 1122522 0.0331954
102.946 0.00153381 1135754 0.0329579
103.211 0.00152602 1146096 0.0327906
103.476 0.00151917 1150154 0.0326433
103.743 0.00151526 1165614 0.0325594
104.01 0.00150524 1169954 0.0323441
104.276 0.0014947 1174794 0.0321176
104.544 0.00148931 1188782 0.0320017
104.813 0.00148408 1202250 0.0318894
105.083 0.00147837 1207520 0.0317666
105.354 0.00146981 1221258 0.0315828
105.624 0.0014632 1222682 0.0314407
105.896 0.00145699 1236822 0.0313072
106.168 0.00144832 1245962 0.031121
106.441 0.00144148 1251582 0.030974
106.714 0.00143397 1263914 0.0308126
106.989 0.00142836 1277892 0.030692
107.264 0.00141818 1287302 0.0304733
107.541 0.00141466 1295394 0.0303977
107.817 0.00140759 1300334 0.0302457
108.094 0.00139846 1315458 0.0300495
108.372 0.00139 1325810 0.0298679
108.651 0.00138836 1334190 0.0298326
108.93 0.00138005 1343954 0.029654
109.21 0.00137096 1357794 0.0294586
109.491 0.00136589 1363328 0.0293498
109.771 0.00135821 1371210 0.0291847
110.054 0.00135123 1394666 0.0290347
110.338 0.00134421 1396910 0.0288838
110.621 0.00133564 1410546 0.0286998
110.906 0.00133101 1416590 0.0286001
111.19 0.00132207 1429794 0.0284081
111.477 0.00131658 1449338 0.0282901
111.764 0.00131107 1451382 0.0281719
112.051 0.00130631 1459178 0.0280694
112.338 0.0012994 1474866 0.027921
112.627 0.00129141 1486952 0.0277494
112.917 0.00128696 1500402 0.0276537
113.208 0.00128049 1512098 0.0275146
113.499 0.00127991 1521486 0.0275023
113.791 0.0012701 1531346 0.0272914
114.083 0.00126256 1544826 0.0271294
114.376 0.00125461 1556654 0.0269585
114.67 0.00125133 1570562 0.0268881
114.965 0.00124353 1579914 0.0267206
115.261 0.0012373 1598798 0.0265866
115.558 0.0012331 1603074 0.0264964
115.855 0.00122625 1620794 0.0263492
116.153 0.00121849 1631262 0.0261824
116.451 0.00121524 1639754 0.0261126
116.751 0.00120845 1658106 0.0259667
117.051 0.00119944 1667510 0.0257731
117.351 0.00119467 1679754 0.0256706
117.653 0.00118864 1698164 0.025541
117.956 0.00118366 1707206 0.025434
118.259 0.00117865 1717866 0.0253264
118.563 0.00117145 1737602 0.0251716
118.868 0.0011657 1745166 0.025048
119.174 0.00115908 1768226 0.0249059
119.48 0.00115583 1771986 0.024836
119.788 0.00114727 1789838 0.0246521
120.096 0.00114163 1802874 0.0245309
120.404 0.00113617 1814282 0.0244137
120.714 0.00113065 1834154 0.0242951
121.024 0.00112883 1843710 0.0242558
121.336 0.00112079 1859306 0.0240832
121.647 0.00111552 1870050 0.0239699
121.96 0.00110979 1891334 0.0238467
122.274 0.00110491 1898490 0.0237418
122.588 0.00109878 1921898 0.0236101
122.903 0.00109703 1926590 0.0235726
123.219 0.00108866 1950426 0.0233926
123.536 0.00108197 1966178 0.0232489
123.854 0.0010774 1973922 0.0231508
124.172 0.00107255 1991942 0.0230466
124.492 0.00106493 2008394 0.0228828
124.811 0.00106185 2021802 0.0228165
125.132 0.00105733 2039858 0.0227194
125.454 0.00105235 2057670 0.0226125
125.777 0.00104281 2069354 0.0224075
126.1 0.00103955 2086922 0.0223375
126.424 0.00103377 2101206 0.0222132
126.75 0.00103249 2122514 0.0221856
127.076 0.00102557 2133600 0.022037
127.402 0.00101803 2148026 0.0218751
127.73 0.00101314 2177030 0.02177
128.059 0.00101078 2183874 0.0217193
128.387 0.0010043 2194802 0.02158
128.717 0.000997591 2228706 0.0214358
129.049 0.000994664 2238902 0.021373
129.381 0.000988594 2249906 0.0212425
129.713 0.000983996 2273034 0.0211437
130.047 0.000979342 2286386 0.0210437
130.381 0.000974563 2303982 0.020941
130.716 0.000969349 2326394 0.020829
131.052 0.000964536 2342522 0.0207256
131.389 0.000957969 2361450 0.0205845
131.727 0.000953753 2375606 0.0204939
132.066 0.000949558 2398010 0.0204037
132.405 0.000945819 2411016 0.0203234
132.746 0.000939717 2442266 0.0201923
133.087 0.000935332 2449086 0.020098
133.429 0.000930267 2476418 0.0199892
133.772 0.000927079 2484818 0.0199207
134.116 0.00092191 2516802 0.0198096
134.461 0.000916648 2530442 0.0196966
134.807 0.000912429 2554382 0.0196059
135.154 0.000908414 2565978 0.0195196
135.502 0.000903426 2590778 0.0194125
135.85 0.000900479 2606874 0.0193491
136.199 0.000895527 2631164 0.0192427
136.549 0.000891912 2649554 0.019165
136.9 0.000886223 2666754 0.0190428
137.252 0.000882911 2693714 0.0189717
137.606 0.00087584 2715650 0.0188197
137.959 0.00087397 2725038 0.0187795
138.313 0.000868428 2755226 0.0186605
138.669 0.000863779 2773802 0.0185605
139.026 0.000859969 2798760 0.0184787
139.383 0.000854224 2820002 0.0183552
139.742 0.000852182 2837054 0.0183113
140.101 0.000848518 2870922 0.0182326
140.462 0.000844195 2881346 0.0181397
140.823 0.000839689 2902394 0.0180429
141.185 0.000836583 2928498 0.0179762
141.547 0.000832689 2947664 0.0178925
141.911 0.000827217 2979758 0.0177749
142.277 0.000823795 2998434 0.0177014
142.643 0.000818884 3024578 0.0175959
143.01 0.000816698 3043514 0.0175489
143.377 0.000812494 3061818 0.0174586
143.746 0.000806689 3091868 0.0173338
144.115 0.000802379 3114722 0.0172412
144.486 0.000798043 3143634 0.017148
144.857 0.000795282 3160586 0.0170887
145.23 0.000792249 3184658 0.0170235
145.603 0.000785656 3222000 0.0168819
145.978 0.000782921 3231974 0.0168231
146.353 0.00077966 3262802 0.016753
146.729 0.000775942 3286002 0.0166732
147.106 0.000773051 3312602 0.016611
147.485 0.000768467 3337568 0.0165125
147.864 0.000764249 3366362 0.0164219
148.244 0.000760649 3396018 0.0163445
148.625 0.000757224 3408926 0.0162709
149.007 0.000753481 3444482 0.0161905
149.39 0.000748813 3467784 0.0160902
149.774 0.000744185 3498770 0.0159908
150.16 0.000740605 3524282 0.0159138
150.546 0.000736854 3548354 0.0158332
150.933 0.000733486 3580968 0.0157609
151.321 0.000729395 3607658 0.015673
151.71 0.000726452 3634646 0.0156097
152.1 0.000723768 3660666 0.015552
152.491 0.000718456 3689696 0.0154379
152.884 0.000717211 3722978 0.0154112
153.277 0.000712431 3749090 0.0153084
153.671 0.000709419 3773754 0.0152437
154.066 0.000705167 3805976 0.0151524
154.462 0.00070095 3833522 0.0150617
154.859 0.00069823 3862434 0.0150033
155.257 0.000693976 3903374 0.0149119
155.657 0.000690724 3917240 0.014842
156.057 0.000687876 3961082 0.0147808
156.458 0.000685259 3985818 0.0147246
156.861 0.000680465 4017122 0.0146216
157.264 0.000676004 4050344 0.0145257
157.668 0.000672946 4079402 0.01446
158.073 0.000669667 4102290 0.0143895
158.48 0.000666423 4147256 0.0143198
158.887 0.000662964 4173074 0.0142455
159.296 0.000660303 4204082 0.0141883
159.705 0.000657175 4241100 0.0141211
160.116 0.000653536 4268354 0.0140429
160.528 0.000650866 4310354 0.0139856
160.94 0.000646872 4336802 0.0138997
161.354 0.000644126 4373568 0.0138407
161.769 0.000639757 4401866 0.0137468
162.185 0.000636638 4440074 0.0136798
162.602 0.000633863 4476560 0.0136202
163.02 0.000630505 4509378 0.0135481
163.44 0.000627191 4546658 0.0134768
163.86 0.000624117 4583720 0.0134108
164.282 0.000621623 4613090 0.0133572
164.704 0.00061794 4650386 0.0132781
165.127 0.000613687 4686120 0.0131867
165.552 0.000612213 4713410 0.013155
165.977 0.00060871 4757864 0.0130797
166.404 0.000606254 4793786 0.013027
166.832 0.000603149 4840422 0.0129602
167.261 0.000600858 4868024 0.012911
167.691 0.000597478 4904978 0.0128384
168.122 0.000593864 4946690 0.0127607
168.554 0.000592095 4985120 0.0127227
168.988 0.000588176 5023338 0.0126385
169.423 0.000585479 5067146 0.0125805
169.858 0.000581833 5094296 0.0125022
170.295 0.000578533 5139554 0.0124313
170.733 0.000575529 5182520 0.0123667
171.172 0.000573604 5223618 0.0123254
171.612 0.000570472 5252786 0.0122581
172.053 0.000567194 5301128 0.0121877
172.496 0.000564088 5349314 0.0121209
172.939 0.000561547 5379920 0.0120663
173.384 0.000558962 5428778 0.0120108
173.83 0.000556414 5458488 0.011956
174.277 0.000553693 5513570 0.0118975
174.725 0.000551463 5549522 0.0118496
175.174 0.000548805 5588936 0.0117925
175.624 0.000545998 5646746 0.0117322
176.076 0.000542784 5677520 0.0116631
176.529 0.000541039 5723130 0.0116256
176.982 0.00053874 5769560 0.0115762
177.438 0.000535467 5817050 0.0115059
177.894 0.000532851 5857202 0.0114497
178.351 0.000530446 5906408 0.011398
178.81 0.000528025 5946794 0.011346
179.27 0.000525342 6000396 0.0112883
179.731 0.000522419 6038906 0.0112255
180.193 0.000519689 6091256 0.0111669
180.656 0.0005168 6140858 0.0111048
181.121 0.000513817 6177776 0.0110407
181.586 0.000511513 6239738 0.0109912
182.053 0.000509189 6270456 0.0109412
182.521 0.000506236 6326018 0.0108778
182.991 0.000503351 6384392 0.0108158
183.461 0.000501596 6427970 0.0107781
183.933 0.000498479 6477032 0.0107111
184.406 0.000496181 6519386 0.0106617
184.88 0.000494355 6578144 0.0106225
185.355 0.000491968 6629210 0.0105712
185.832 0.000489662 6675720 0.0105217
186.31 0.000487285 6738554 0.0104706
186.789 0.000484395 6772208 0.0104085
187.269 0.00048174 6835742 0.0103514
187.75 0.000479491 6893840 0.0103031
188.233 0.000477137 6937658 0.0102525
188.717 0.000474472 6992360 0.0101953
189.202 0.000471916 7055024 0.0101403
189.689 0.000469782 7095962 0.0100945
190.176 0.000467676 7160064 0.0100492
190.666 0.000465632 7221338 0.0100053
191.156 0.000462735 7261952 0.00994308
191.647 0.00045962 7331066 0.00987614
192.14 0.000457756 7376108 0.00983608
192.634 0.000454915 7444178 0.00977504
193.13 0.000453474 7498544 0.00974407
193.626 0.000450907 7553096 0.00968891
194.124 0.000448473 7605074 0.00963661
194.623 0.000446411 7677224 0.00959231
195.123 0.000444252 7730426 0.00954592
195.625 0.000442228 7797984 0.00950242
196.128 0.000439746 7853588 0.0094491
196.633 0.00043685 7911458 0.00938686
197.138 0.000435322 7965872 0.00935403
197.645 0.000432972 8040818 0.00930353
198.153 0.000430861 8091080 0.00925818
198.663 0.000428474 8170088 0.00920688
199.174 0.000426403 8227610 0.00916238
199.686 0.00042463 8278412 0.00912429
200.199 0.000422511 8352296 0.00907874
200.714 0.000419911 8419322 0.00902289
201.23 0.000418324 8471912 0.00898877
201.747 0.000415948 8540552 0.00893772
202.266 0.000413744 8612762 0.00889038
202.786 0.000411339 8694428 0.0088387
203.308 0.000409176 8739866 0.00879221
203.831 0.000407176 8821520 0.00874924
204.355 0.000405093 8874512 0.00870449
204.88 0.000402706 8948306 0.00865318
205.407 0.00040095 9023400 0.00861545
205.935 0.000398822 9093620 0.00856973
206.465 0.000397057 9151952 0.0085318
206.995 0.000395105 9229178 0.00848986
207.527 0.000392707 9302240 0.00843833
208.061 0.000390919 9377192 0.00839991
208.596 0.000389186 9446270 0.00836268
209.133 0.000387745 9521792 0.00833171
209.67 0.00038503 9588752 0.00827338
210.209 0.000383509 9670178 0.0082407
210.75 0.000381787 9742832 0.00820369
211.292 0.000379606 9819980 0.00815683
211.835 0.000377613 9888560 0.00811399
212.38 0.000376024 9971810 0.00807985
212.926 0.000373626 10045688 0.00802832
213.474 0.000372017 10131500 0.00799376
214.022 0.000370163 10193840 0.00795392
214.573 0.000367758 10289138 0.00790224
215.125 0.000366488 10359176 0.00787496
215.677 0.000364305 10435556 0.00782804
216.232 0.000362336 10527032 0.00778574
216.788 0.000360789 10604282 0.0077525
217.345 0.000358921 10681544 0.00771235
217.904 0.000357343 10773116 0.00767845
218.465 0.000355302 10854352 0.0076346
219.026 0.000353294 10925264 0.00759145
219.589 0.000351546 11022962 0.00755389
220.154 0.000349971 11104076 0.00752005
220.72 0.000348365 11198888 0.00748553
221.288 0.000346366 11274560 0.00744259
221.857 0.000344728 11362352 0.00740738
222.427 0.000342957 11450918 0.00736933
222.999 0.000341275 11540792 0.00733319
223.573 0.000339536 11638856 0.00729581
224.147 0.000337853 11715836 0.00725966
224.724 0.00033592 11809448 0.00721811
225.302 0.000334038 11906312 0.00717767
225.881 0.000332389 11989478 0.00714224
226.462 0.00033103 12091352 0.00711304
227.044 0.000329511 12185264 0.0070804
227.628 0.000327495 12267320 0.00703709
228.213 0.000325944 12372476 0.00700376
228.8 0.000323995 12468856 0.00696187
229.388 0.00032239 12568520 0.00692739
229.978 0.000321094 12652574 0.00689955
230.569 0.000319474 12752984 0.00686474
231.162 0.000317726 12859160 0.00682717
231.756 0.000315836 12949244 0.00678657
232.352 0.000314658 13055168 0.00676124
232.95 0.000312843 13151840 0.00672226
233.549 0.000311175 13271996 0.00668641
234.149 0.000309273 13354232 0.00664555
234.751 0.000307883 13465052 0.00661567
235.355 0.000306497 13566064 0.00658589
235.96 0.000304947 13671944 0.00655258
236.567 0.000303202 13776566 0.0065151
237.175 0.000301938 13890512 0.00648793
237.785 0.000300244 13999112 0.00645152
238.397 0.000298696 14097908 0.00641827
239.009 0.000297049 14203280 0.00638286
239.624 0.000295862 14324084 0.00635737
240.24 0.000294583 14438080 0.00632989
240.858 0.000292867 14534936 0.00629302
241.477 0.000291041 14653316 0.00625378
242.098 0.000289795 14776880 0.006227
242.721 0.000288119 14873084 0.006191
243.345 0.000286754 15008984 0.00616166
243.971 0.00028512 15105272 0.00612655
244.598 0.000283369 15237076 0.00608892
245.227 0.000282019 15350984 0.00605992
245.857 0.000280902 15445892 0.00603591
246.489 0.000279476 15598592 0.00600527
247.123 0.000278111 15704288 0.00597594
247.759 0.000276594 15842660 0.00594335
248.396 0.000274982 15932848 0.0059087
249.034 0.000273473 16083092 0.00587628
249.675 0.000272305 16195904 0.00585118
250.317 0.000270805 16313708 0.00581895
250.96 0.00026924 16448672 0.00578533
251.605 0.000267816 16589012 0.00575472
252.252 0.000266611 16698160 0.00572883
252.901 0.00026541 16835390 0.00570304
253.551 0.000264001 16968356 0.00567275
254.203 0.000262612 17101592 0.0056429
254.857 0.000261196 17226524 0.00561247
255.513 0.000259833 17365816 0.00558319
256.169 0.000258342 17485796 0.00555116
256.828 0.000257317 17631224 0.00552912
257.488 0.00025581 17771780 0.00549674
258.151 0.000254536 17908096 0.00546938
258.814 0.000253312 18033524 0.00544307
259.479 0.000252055 18177278 0.00541606
260.147 0.000250853 18323780 0.00539023
260.816 0.000249514 18474272 0.00536147
261.486 0.000248239 18609292 0.00533406
262.159 0.000247134 18751232 0.00531032
262.833 0.000245854 18896948 0.00528281
263.509 0.000244713 19043600 0.0052583
264.186 0.000243404 19187434 0.00523016
264.866 0.000242243 19343312 0.00520521
265.547 0.000240854 19484900 0.00517538
266.229 0.000239746 19639040 0.00515156
266.914 0.000238418 19790812 0.00512304
267.6 0.000237133 19944428 0.00509543
268.288 0.000235915 20083934 0.00506926
268.978 0.000234785 20264708 0.00504497
269.67 0.00023367 20416744 0.00502101
270.363 0.00023241 20561780 0.00499394
271.058 0.000231287 20722592 0.00496981
271.755 0.000230026 20897122 0.00494271
272.454 0.000228805 21038948 0.00491648
273.155 0.000227587 21220016 0.0048903
273.857 0.000226295 21375740 0.00486255
274.561 0.000225276 21538654 0.00484064
275.267 0.000224149 21710852 0.00481642
275.975 0.000223059 21863168 0.00479301
276.684 0.000221942 22042780 0.004769
277.396 0.000220934 22225562 0.00474734
278.109 0.000219661 22374104 0.00471999
278.824 0.000218719 22567564 0.00469975
279.541 0.000217574 22732424 0.00467516
280.26 0.000216284 22921610 0.00464743
280.981 0.000215296 23086564 0.0046262
281.703 0.000214151 23262032 0.0046016
282.427 0.000213162 23433890 0.00458034
283.153 0.000211971 23636092 0.00455476
283.882 0.000210892 23824040 0.00453156
284.612 0.000209731 23985218 0.00450661
285.343 0.000208696 24179260 0.00448439
286.077 0.000207545 24376712 0.00445965
286.813 0.000206605 24544178 0.00443945
287.55 0.000205656 24753748 0.00441906
288.29 0.000204563 24937064 0.00439556
289.031 0.000203339 25134674 0.00436927
289.774 0.000202449 25307668 0.00435014
290.519 0.000201453 25517864 0.00432874
291.266 0.00020036 25728626 0.00430526
292.015 0.000199435 25893652 0.00428538
292.766 0.000198476 26127710 0.00426477
293.519 0.000197513 26319604 0.00424408
294.273 0.000196336 26520908 0.0042188
295.03 0.000195283 26726654 0.00419618
295.788 0.000194383 26929204 0.00417683
296.549 0.000193325 27145994 0.00415409
297.312 0.000192289 27352564 0.00413184
298.076 0.000191336 27572150 0.00411135
298.843 0.000190372 27769916 0.00409063
299.611 0.000189374 27998308 0.00406919
300.382 0.000188392 28207190 0.00404809
301.154 0.000187472 28426180 0.00402832
301.928 0.000186525 28624130 0.00400797
302.704 0.000185556 28896460 0.00398716
303.483 0.000184664 29080694 0.00396798
304.263 0.00018375 29319836 0.00394834
305.046 0.000182809 29532394 0.00392814
305.83 0.000181835 29767340 0.00390719
306.616 0.000180839 30014194 0.00388581
307.405 0.000179923 30224432 0.00386611
308.195 0.000179062 30473410 0.00384761
308.988 0.000178146 30702596 0.00382793
309.782 0.00017727 30930418 0.0038091
310.578 0.000176442 31176008 0.00379131
311.377 0.000175526 31426922 0.00377164
312.178 0.000174492 31653868 0.00374942
312.98 0.000173622 31911962 0.00373071
313.785 0.000172804 32153338 0.00371314
314.592 0.000171946 32400824 0.00369471
315.401 0.000170993 32673226 0.00367422
316.212 0.000170092 32897276 0.00365486
317.025 0.000169329 33149338 0.00363848
317.84 0.000168492 33432602 0.00362049
318.657 0.000167615 33673084 0.00360165
319.476 0.000166778 33919790 0.00358367
320.298 0.000165906 34217764 0.00356493
321.122 0.000165148 34469282 0.00354864
321.948 0.000164289 34723138 0.00353018
322.775 0.000163442 34993172 0.00351197
323.605 0.000162542 35281954 0.00349265
324.437 0.000161779 35524210 0.00347623
325.271 0.000160876 35815028 0.00345684
326.108 0.000160025 36103222 0.00343855
326.946 0.000159164 36363554 0.00342006
327.787 0.000158328 36666988 0.00340208
328.63 0.000157625 36930554 0.00338699
329.475 0.000156745 37232002 0.00336807
330.322 0.000155994 37512140 0.00335194
331.171 0.00015517 37794946 0.00333422
332.023 0.000154529 38093978 0.00332046
332.877 0.000153708 38400652 0.00330281
333.733 0.000152939 38670034 0.00328629
334.591 0.000152188 38996498 0.00327015
335.451 0.000151396 39277894 0.00325314
336.314 0.000150691 39591956 0.00323799
337.178 0.000149964 39888106 0.00322236
338.045 0.000149107 40208698 0.00320395
338.914 0.000148416 40517882 0.0031891
339.786 0.00014756 40820764 0.00317072
340.66 0.000146898 41154026 0.00315649
341.536 0.000146213 41459578 0.00314177
342.414 0.000145454 41788306 0.00312546
343.294 0.000144748 42081866 0.00311029
344.177 0.000144134 42446572 0.0030971
345.062 0.000143298 42763874 0.00307912
345.949 0.000142689 43094746 0.00306605
346.839 0.000141888 43426258 0.00304884
347.73 0.000141182 43752578 0.00303367
348.624 0.000140525 44101090 0.00301954
349.521 0.000139831 44436868 0.00300464
350.42 0.000139121 44782802 0.00298938
351.321 0.000138401 45128914 0.00297391
352.224 0.000137688 45483370 0.00295858
353.13 0.0001371 45816314 0.00294595
354.037 0.000136367 46188442 0.00293019
354.948 0.000135672 46553674 0.00291527
355.861 0.000135036 46895978 0.00290159
356.776 0.000134439 47266582 0.00288878
357.693 0.000133715 47633458 0.00287322
358.613 0.000133064 47988956 0.00285923
359.535 0.000132488 48376618 0.00284685
360.459 0.000131854 48746386 0.00283322
361.386 0.000131142 49117010 0.00281793
362.315 0.000130525 49488418 0.00280466
363.247 0.000129913 49895914 0.00279152
364.181 0.000129305 50262466 0.00277845
365.117 0.000128689 50665130 0.00276521
366.056 0.000128035 51039802 0.00275117
366.997 0.000127335 51446590 0.00273612
367.941 0.000126733 51844810 0.00272319
368.887 0.00012613 52248530 0.00271023
369.836 0.00012556 52642810 0.00269798
370.787 0.000124963 53061658 0.00268515
371.74 0.000124308 53477170 0.00267108
372.696 0.000123719 53869586 0.00265842
373.654 0.000123147 54282286 0.00264613
374.615 0.000122582 54713002 0.00263399
375.578 0.00012204 55139536 0.00262235
376.544 0.000121464 55571090 0.00260998
377.512 0.000120938 55982746 0.00259867
378.483 0.00012038 56420434 0.00258668
379.456 0.00011991 56893246 0.00257659
380.432 0.000119284 57287866 0.00256312
381.41 0.000118762 57743522 0.00255191
382.39 0.000118205 58181746 0.00253994
383.373 0.000117625 58643734 0.00252749
384.359 0.000117114 59099032 0.0025165
385.348 0.000116583 59564794 0.00250508
386.339 0.000116043 60009410 0.00249348
387.332 0.000115521 60480010 0.00248227
388.328 0.00011502 60944086 0.0024715
389.326 0.000114514 61411906 0.00246062
390.327 0.000114073 61897144 0.00245115
391.331 0.000113483 62377450 0.00243848
392.337 0.000113007 62855294 0.00242826
393.346 0.000112515 63328810 0.00241769
394.358 0.000111984 63845434 0.00240626
395.372 0.000111481 64315900 0.00239547
396.388 0.000110968 64821082 0.00238444
397.407 0.000110504 65323114 0.00237447
398.429 0.000110096 65803834 0.0023657
399.453 0.000109568 66337516 0.00235435
400.481 0.000109131 66866810 0.00234497
401.511 0.000108664 67364626 0.00233492
402.543 0.000108198 67877710 0.00232491
403.578 0.000107773 68429272 0.00231579
404.616 0.0001073 68934970 0.00230563
405.656 0.000106851 69468262 0.00229596
406.699 0.000106381 69998872 0.00228588
407.745 0.000106001 70555138 0.0022777
408.793 0.000105544 71098054 0.00226789
409.844 0.000105089 71666560 0.00225811
410.898 0.000104637 72194566 0.0022484
411.955 0.000104263 72762586 0.00224036
413.014 0.000103788 73331672 0.00223015
414.076 0.00010346 73882918 0.0022231
415.141 0.000103021 74467456 0.00221369
416.208 0.000102649 75008962 0.00220569
417.278 0.000102276 75649294 0.00219767
418.351 0.000101883 76200112 0.00218921
419.427 0.000101492 76798606 0.00218082
420.505 0.000101072 77363128 0.0021718
421.586 0.000100736 77993662 0.00216458
422.671 0.000100369 78583960 0.0021567
423.757 0.00010004 79193662 0.00214961
424.847 9.96552e-05 79812544 0.00214135
425.939 9.93225e-05 80441746 0.0021342
427.035 9.89426e-05 81027292 0.00212604
428.133 9.86136e-05 81674242 0.00211897
429.233 9.82887e-05 82306036 0.00211199
430.337 9.79462e-05 82931794 0.00210463
431.444 9.76201e-05 83595436 0.00209762
432.553 9.73234e-05 84226090 0.00209125
433.665 9.69807e-05 84905020 0.00208388
434.78 9.67445e-05 85521378 0.00207881
435.898 9.64472e-05 86208148 0.00207242
437.019 9.6151e-05 86867170 0.00206606
438.143 9.58363e-05 87522292 0.00205929
439.269 9.55435e-05 88222264 0.002053
440.399 9.52937e-05 88892302 0.00204763
441.531 9.50038e-05 89582572 0.0020414
442.666 9.47322e-05 90272914 0.00203557
443.805 9.45103e-05 90984868 0.0020308
444.946 9.42934e-05 91689400 0.00202614
446.09 9.40624e-05 92388094 0.00202118
447.237 9.38455e-05 93094336 0.00201652
448.387 9.35807e-05 93815556 0.00201083
449.54 9.33871e-05 94551622 0.00200667
450.696 9.31869e-05 95291992 0.00200236
451.855 9.29598e-05 96010564 0.00199748
453.016 9.27937e-05 96766954 0.00199391
454.181 9.2573e-05 97501132 0.00198917
455.349 9.24392e-05 98254180 0.0019863
456.52 9.22364e-05 99021864 0.00198194
457.694 9.20728e-05 99782158 0.00197842
458.871 9.19152e-05 100571620 0.00197504
460.051 9.17507e-05 101334952 0.0019715
461.233 9.16668e-05 102118276 0.0019697
462.419 9.15502e-05 102902278 0.00196719
463.608 9.13892e-05 103719888 0.00196374
464.8 9.12769e-05 104491492 0.00196132
465.995 9.11781e-05 105311284 0.0019592
467.194 9.10811e-05 106140496 0.00195711
468.395 9.10073e-05 106951822 0.00195553
469.599 9.0958e-05 107791596 0.00195447
470.807 9.08947e-05 108606772 0.00195311
472.017 9.08753e-05 109435288 0.00195269
473.231 9.08345e-05 110302564 0.00195182
474.448 9.07942e-05 111143388 0.00195095
475.668 9.07942e-05 112020700 0.00195095
476.891 9.07786e-05 112894306 0.00195062
478.117 9.07718e-05 113729956 0.00195047
479.346 9.07879e-05 114639612 0.00195081
480.579 9.07934e-05 115499620 0.00195093
481.815 9.08331e-05 116421520 0.00195179
483.053 9.07488e-05 116939335 0.00194997
484.295 9.03833e-05 116939280 0.00194212
485.54 9.00287e-05 116943532 0.0019345
486.789 8.96816e-05 116899072 0.00192704
488.04 8.93327e-05 116889072 0.00191955
489.295 8.90121e-05 116872720 0.00191266
490.553 8.86862e-05 116858284 0.00190565
491.815 8.83505e-05 116795044 0.00189844
493.079 8.80399e-05 116788176 0.00189177
494.347 8.76805e-05 116732812 0.00188404
495.618 8.74022e-05 116648368 0.00187807
496.892 8.70673e-05 116650344 0.00187087
498.17 8.67737e-05 116564920 0.00186456
499.451 8.64719e-05 116498052 0.00185807
500.735 8.61193e-05 116435392 0.0018505
502.023 8.58221e-05 116367904 0.00184411
503.314 8.55119e-05 116257824 0.00183745
504.608 8.52362e-05 116196436 0.00183152
505.905 8.49282e-05 116095600 0.0018249
507.206 8.46368e-05 115986576 0.00181864
508.51 8.43334e-05 115891240 0.00181212
509.818 8.40636e-05 115796928 0.00180633
511.129 8.37868e-05 115651240 0.00180038
512.443 8.35008e-05 115542868 0.00179423
513.761 8.32071e-05 115417320 0.00178792
515.082 8.29808e-05 115277548 0.00178306
516.406 8.26941e-05 115132296 0.0017769
517.734 8.24166e-05 114982240 0.00177094
519.065 8.21302e-05 114819180 0.00176478
520.399 8.18418e-05 114670768 0.00175858
521.738 8.15732e-05 114525108 0.00175281
523.079 8.13287e-05 114298600 0.00174756
524.424 8.10643e-05 114176136 0.00174188
525.773 8.08054e-05 113947792 0.00173632
527.124 8.05412e-05 113768896 0.00173064
528.48 8.03038e-05 113558592 0.00172554
529.839 8.00932e-05 113367724 0.00172101
531.201 7.98394e-05 113127276 0.00171556
532.567 7.95828e-05 112914256 0.00171004
533.936 7.93492e-05 112688340 0.00170503
535.309 7.91151e-05 112426152 0.00169999
536.686 7.88953e-05 112198672 0.00169527
538.066 7.86983e-05 111958488 0.00169104
539.449 7.8493e-05 111666640 0.00168663
540.836 7.82895e-05 111400152 0.00168225
542.227 7.80515e-05 111137236 0.00167714
543.621 7.7833e-05 110862960 0.00167244
545.019 7.76665e-05 110551120 0.00166887
546.42 7.74255e-05 110256372 0.00166369
547.825 7.72374e-05 109929480 0.00165965
549.234 7.70812e-05 109648240 0.00165629
550.646 7.6879e-05 109288116 0.00165195
552.062 7.6708e-05 108971368 0.00164827
553.481 7.65145e-05 108615876 0.00164411
554.904 7.63726e-05 108258792 0.00164107
556.331 7.62078e-05 107896156 0.00163752
557.762 7.60433e-05 107548044 0.00163399
559.196 7.58495e-05 107155156 0.00162982
560.634 7.57173e-05 106745640 0.00162698
562.075 7.5564e-05 106381152 0.00162369
563.52 7.54294e-05 105950332 0.0016208
564.969 7.52863e-05 105560460 0.00161772
566.422 7.51238e-05 105095832 0.00161423
567.878 7.498e-05 104691448 0.00161114
569.339 7.48697e-05 104227416 0.00160877
570.802 7.4728e-05 103768020 0.00160573
572.27 7.46316e-05 103321584 0.00160366
573.742 7.455e-05 102828700 0.0016019
575.217 7.44688e-05 102352788 0.00160016
576.696 7.43395e-05 101856600 0.00159738
578.179 7.42428e-05 101332732 0.0015953
579.665 7.41235e-05 100832628 0.00159274
581.156 7.40216e-05 100293552 0.00159055
582.65 7.397e-05 99747192 0.00158944
584.148 7.39019e-05 99219016 0.00158798
585.65 7.38195e-05 98641428 0.0015862
587.156 7.37551e-05 98075004 0.00158482
588.666 7.36903e-05 97492236 0.00158343
590.179 7.36524e-05 96889368 0.00158261
591.697 7.36364e-05 96288544 0.00158227
593.218 7.36071e-05 95667084 0.00158164
594.744 7.35624e-05 95038752 0.00158068
596.273 7.35526e-05 94392264 0.00158047
597.806 7.35141e-05 93742056 0.00157964
599.343 7.35194e-05 93080044 0.00157976
600.884 7.34616e-05 92395188 0.00157851
602.429 7.3499e-05 91699368 0.00157932
603.978 7.35189e-05 90981384 0.00157975
605.531 7.34881e-05 90300588 0.00157908
607.088 7.35396e-05 89544360 0.00158019
608.649 7.35752e-05 88824232 0.00158096
610.214 7.36264e-05 88040328 0.00158206
611.783 7.36618e-05 87297984 0.00158282
613.356 7.37547e-05 86497968 0.00158481
614.933 7.38751e-05 85707504 0.0015874
616.514 7.39456e-05 84898392 0.00158892
618.099 7.39911e-05 84056904 0.00158989
619.689 7.40675e-05 83247912 0.00159153
621.282 7.41816e-05 82396368 0.00159398
622.88 7.42728e-05 81516660 0.00159595
624.481 7.44145e-05 80625504 0.00159899
626.087 7.45469e-05 79743588 0.00160184
627.696 7.46926e-05 78851196 0.00160497
629.311 7.48423e-05 77904480 0.00160818
630.928 7.50403e-05 76957480 0.00161244
632.551 7.51974e-05 76018464 0.00161581
634.177 7.53415e-05 75041040 0.00161891
635.808 7.55145e-05 74065920 0.00162263
637.442 7.57303e-05 73055520 0.00162726
639.081 7.59074e-05 72045396 0.00163107
640.725 7.6113e-05 70993964 0.00163549
642.372 7.63471e-05 69966888 0.00164052
644.024 7.65344e-05 68889276 0.00164454
645.68 7.67466e-05 67824288 0.0016491
647.34 7.69703e-05 66704700 0.00165391
649.004 7.72478e-05 65602596 0.00165987
650.673 7.74437e-05 64452240 0.00166408
652.346 7.76752e-05 63318708 0.00166905
654.023 7.79237e-05 62140668 0.0016744
655.705 7.81695e-05 60969048 0.00167968
657.391 7.8388e-05 59742948 0.00168437
659.081 7.86476e-05 58545444 0.00168995
660.775 7.88278e-05 57293532 0.00169382
662.474 7.90011e-05 56035064 0.00169754
664.178 7.91425e-05 54769164 0.00170058
665.885 7.94089e-05 53467236 0.00170631
667.597 7.95498e-05 52159800 0.00170934
669.314 7.96413e-05 50824572 0.0017113
671.035 7.97705e-05 49478256 0.00171408
672.76 7.97721e-05 48107940 0.00171411
674.49 7.97151e-05 46713656 0.00171289
676.224 7.97099e-05 45286716 0.00171278
677.962 7.95608e-05 43878768 0.00170957
679.705 7.92957e-05 42417696 0.00170387
681.452 7.89281e-05 40952868 0.00169598
683.205 7.85232e-05 39518069 0.00168728
684.962 7.83056e-05 38220792 0.0016826
686.723 7.81858e-05 37010586 0.00168003
688.489 7.8113e-05 35872284 0.00167846
690.259 7.80112e-05 34769120 0.00167627
692.034 7.79587e-05 33713676 0.00167515
693.814 7.79673e-05 32679294 0.00167533
695.597 7.80393e-05 31689516 0.00167688
697.386 7.80109e-05 30731648 0.00167627
699.179 7.8127e-05 29789496 0.00167876
700.977 7.82046e-05 28876206 0.00168043
702.78 7.82424e-05 27977588 0.00168124
704.586 7.83716e-05 27112026 0.00168402
706.398 7.85316e-05 26263032 0.00168746
708.215 7.86468e-05 25433732 0.00168993
710.036 7.88818e-05 24617118 0.00169498
711.861 7.9077e-05 23829618 0.00169918
713.691 7.93858e-05 23045474 0.00170581
715.526 7.95708e-05 22291164 0.00170979
717.366 7.98857e-05 21548138 0.00171655
719.211 8.00966e-05 20822178 0.00172108
721.06 8.0368e-05 20107248 0.00172692
722.914 8.07727e-05 19406348 0.00173561
724.772 8.10405e-05 18723654 0.00174137
726.636 8.14817e-05 18059312 0.00175085
728.504 8.19164e-05 17402742 0.00176019
730.377 8.22439e-05 16754724 0.00176722
732.255 8.2602e-05 16135814 0.00177492
734.138 8.31376e-05 15515232 0.00178643
736.025 8.35156e-05 14911028 0.00179455
737.918 8.41127e-05 14330256 0.00180738
739.815 8.46185e-05 13745288 0.00181825
741.717 8.52362e-05 13186902 0.00183152
743.624 8.58409e-05 12629240 0.00184452
745.536 8.64265e-05 12094086 0.0018571
747.453 8.70927e-05 11563610 0.00187141
749.375 8.78062e-05 11050836 0.00188675
751.302 8.86693e-05 10549550 0.00190529
753.233 8.94534e-05 10053218 0.00192214
755.17 9.02338e-05 9573252 0.00193891
757.111 9.10211e-05 9108968 0.00195583
759.058 9.2011e-05 8650770 0.0019771
761.009 9.28565e-05 8203508 0.00199527
762.966 9.38446e-05 7772340 0.0020165
764.927 9.50989e-05 7352690 0.00204345
766.894 9.61354e-05 6941804 0.00206572
768.866 9.73803e-05 6542412 0.00209247
770.843 9.8523e-05 6154682 0.00211702
772.825 9.98394e-05 5779532 0.00214531
774.811 0.000101099 5414334 0.00217237
776.803 0.000102927 5062910 0.00221166
778.8 0.000104187 4721528 0.00223874
780.802 0.000105794 4393398 0.00227326
782.81 0.000107279 4074230 0.00230517
784.822 0.000109218 3767654 0.00234682
786.839 0.000111097 3472146 0.00238721
788.861 0.000113096 3188006 0.00243017
790.888 0.000115146 2916440 0.00247421
792.921 0.000116913 2661902 0.00251218
794.961 0.000119295 2410242 0.00256337
797.003 0.000122013 2171384 0.00262177
799.05 0.000124186 1949174 0.00266847
801.105 0.000126849 1738592 0.00272568
803.163 0.000128958 1533366 0.00277101
805.226 0.000131722 1347812 0.00283039
807.296 0.000134682 1170398 0.00289399
809.37 0.000136953 1004792 0.00294279
811.448 0.000140375 853736 0.00301633
813.531 0.000143851 711416 0.00309101
815.621 0.000148114 587334 0.00318263
817.718 0.000151358 468236 0.00325233
819.802 0.000155666 363320 0.0033449
821.909 0.000159773 280856 0.00343315
824.035 0.000164035 198080 0.00352472
826.109 0.000167506 128864 0.0035993
828.186 0.00017215 83264 0.0036991
830.313 0.00017917 42368 0.00384994
832.391 0.000186756 15296 0.00401294
834.243 0.000195998 2046 0.00421153
835.799 8.87132e-06 1 0.000190624
