# in Mpc/h Units 
# D1 = 0.258436 
# k P N P(z=0)
0.314159 59.9438 6 897.509
0.444288 32.2214 12 482.434
0.54414 21.3761 8 320.053
0.628319 15.0379 6 225.155
0.702481 10.2632 24 153.666
0.76953 9.932 24 148.707
0.888577 6.52594 12 97.7095
0.942478 7.53946 30 112.885
0.993459 4.60354 24 68.9265
1.04195 5.32379 24 79.7104
1.08828 5.08286 8 76.103
1.13272 4.03058 24 60.3479
1.17548 4.36846 48 65.4067
1.25664 3.15054 6 47.1714
1.29531 3.43114 48 51.3727
1.33286 2.63146 36 39.3995
1.36939 2.792 24 41.8032
1.40496 3.70244 24 55.4347
1.43966 2.19932 48 32.9294
1.47354 3.03523 24 45.445
1.53906 2.56237 24 38.365
1.5708 2.68695 30 40.2303
1.6019 2.2386 72 33.5174
1.63242 1.98263 32 29.685
1.6918 1.50284 72 22.5013
1.72072 3.02327 48 45.2659
1.77715 2.76315 12 41.3712
1.80471 1.96839 48 29.4717
1.83185 1.64047 48 24.562
1.85859 1.71086 48 25.6158
1.88496 0.994014 30 14.8829
1.91096 0.826818 24 12.3795
1.93661 1.63912 72 24.5417
1.98692 1.47564 24 22.0941
2.0116 1.69953 96 25.4461
2.03598 1.50926 48 22.5974
2.06008 1.42338 24 21.3116
2.0839 0.952081 24 14.255
2.10744 1.45122 72 21.7283
2.13073 1.41774 48 21.2271
2.17656 1.04259 8 15.6102
2.19911 1.20143 54 17.9884
2.22144 1.15054 84 17.2265
2.24355 0.995107 48 14.8992
2.26543 1.2801 24 19.1662
2.28711 1.14233 72 17.1035
2.30859 1.36074 96 20.3736
2.35095 0.854628 48 12.7959
2.37185 1.47778 48 22.1261
2.39257 1.23725 24 18.5247
2.4131 0.827628 72 12.3917
2.45366 0.900914 72 13.4889
2.47369 0.970621 96 14.5326
2.51327 0.751727 6 11.2552
2.53283 1.02021 96 15.2751
2.55224 1.12125 96 16.7878
2.5715 0.771408 24 11.5499
2.59062 1.05955 48 15.8642
2.6096 0.977951 96 14.6424
2.62844 1.10994 48 16.6186
2.66573 0.91917 36 13.7623
2.68418 1.04446 48 15.6381
2.7025 0.92142 120 13.796
2.7207 0.75436 56 11.2947
2.73878 1.27041 24 19.0211
2.75674 0.801906 96 12.0065
2.77458 0.873846 48 13.0837
2.80993 1.18705 24 17.7731
2.82743 0.811395 102 12.1486
2.84483 0.876278 48 13.1201
2.86213 0.739694 72 11.0751
2.87932 0.854468 48 12.7935
2.89641 0.606462 48 9.08025
2.91339 0.818045 120 12.2482
2.94708 0.647334 24 9.69221
2.96377 0.748226 144 11.2028
2.98038 0.840953 120 12.5912
2.99689 0.686066 48 10.2721
3.02964 0.769702 48 11.5244
3.04589 0.725482 96 10.8623
3.07812 0.684036 24 10.2417
3.09411 0.687004 48 10.2862
3.11002 0.826771 108 12.3788
3.12585 0.640413 72 9.58857
3.14159 0.551027 30 8.25025
3.15726 0.731382 168 10.9506
3.17285 0.680438 48 10.1879
3.20381 0.643668 72 9.63731
3.21917 0.626037 96 9.37333
3.23447 0.785834 72 11.7659
3.24969 0.651035 72 9.74762
3.26484 0.65261 32 9.7712
3.27992 0.604104 72 9.04494
3.29493 0.620807 144 9.29502
3.33956 0.710956 96 10.6448
3.3543 0.6083 96 9.10776
3.36898 0.424883 48 6.36155
3.3836 0.705958 72 10.57
3.39815 0.771636 120 11.5533
3.41264 0.634974 72 9.50714
3.44144 0.50523 48 7.56456
3.45575 0.543512 78 8.13773
3.47 0.529749 120 7.93166
3.48419 0.624915 48 9.35653
3.51241 0.491643 144 7.36112
3.52643 0.553566 144 8.28827
3.55431 0.521613 12 7.80985
3.56816 0.619504 144 9.27552
3.58197 0.809502 48 12.1203
3.59963 0.594922 168 8.90747
3.62306 0.550665 48 8.24483
3.63666 0.564727 168 8.45538
3.67266 0.583795 144 8.74087
3.69054 0.583248 96 8.73268
3.70388 0.600825 72 8.99585
3.71718 0.470453 48 7.04385
3.73484 0.464387 144 6.95303
3.76991 0.529687 30 7.93073
3.79166 0.473261 288 7.08589
3.80898 0.631065 56 9.44862
3.83319 0.466023 192 6.97752
3.84765 0.518091 120 7.75712
3.8817 0.503483 216 7.5384
3.89861 0.487792 96 7.30346
3.91125 0.434611 96 6.50721
3.9364 0.691978 72 10.3606
3.94892 0.593126 96 8.88058
3.97384 0.37987 24 5.6876
3.99068 0.453901 300 6.79602
4.01092 0.467386 24 6.99794
4.02933 0.59314 192 8.88079
4.04766 0.455616 120 6.82171
4.07197 0.438684 48 6.5682
4.0919 0.406314 222 6.08353
4.10817 0.408028 120 6.1092
4.13063 0.542224 192 8.11844
4.14405 0.434908 144 6.51166
4.16779 0.327048 24 4.89673
4.18748 0.442788 144 6.62965
4.20316 0.495317 120 7.41612
4.2222 0.482366 192 7.22221
4.23824 0.39574 144 5.92521
4.26146 0.438076 48 6.55909
4.27797 0.423769 336 6.34488
4.29606 0.405527 48 6.07175
4.32126 0.437787 240 6.55476
4.35312 0.340215 8 5.09386
4.36444 0.364271 48 5.45404
4.37895 0.40473 336 6.05981
4.40596 0.373426 174 5.59111
4.42061 0.509445 120 7.62767
4.44989 0.419332 228 6.27845
4.47135 0.43565 168 6.52276
4.49441 0.473859 144 7.09486
4.50903 0.407146 240 6.09599
4.53087 0.518912 24 7.76941
4.54485 0.439327 336 6.57781
4.56883 0.494372 144 7.40198
4.58961 0.391096 168 5.85568
4.61718 0.313087 96 4.6877
4.63377 0.376991 216 5.6445
4.66325 0.362825 288 5.43239
4.68087 0.448081 144 6.70889
4.70985 0.345409 198 5.17164
4.72865 0.360518 216 5.39785
4.75112 0.423506 168 6.34094
4.76446 0.423556 240 6.34169
4.79396 0.416479 168 6.23573
4.81157 0.343924 336 5.14939
4.8405 0.389357 240 5.82964
4.8819 0.365448 276 5.47166
4.90919 0.368395 344 5.51579
4.9274 0.286559 144 4.2905
4.95336 0.441124 240 6.60472
4.97264 0.400834 312 6.00148
5.0049 0.347673 240 5.20553
5.02655 0.210378 6 3.14988
5.04369 0.391066 384 5.85523
5.0724 0.380415 312 5.69576
5.09618 0.332735 168 4.98187
5.12103 0.416846 336 6.24122
5.14917 0.345435 336 5.17202
5.16216 0.350027 192 5.24077
5.19393 0.373755 288 5.59604
5.21395 0.40228 216 6.02313
5.23525 0.340976 240 5.10527
5.26744 0.312472 384 4.67848
5.28498 0.562776 72 8.42616
5.3076 0.334081 336 5.00203
5.34569 0.298827 378 4.47419
5.36222 0.321536 144 4.8142
5.38155 0.33554 384 5.02387
5.41298 0.318573 384 4.76984
5.43886 0.335016 344 5.01602
5.45951 0.326394 144 4.88693
5.49081 0.287346 456 4.30228
5.51553 0.32997 312 4.94048
5.53728 0.338917 144 5.07443
5.56768 0.341681 552 5.11582
5.59826 0.294926 264 4.41577
5.62783 0.322656 264 4.83096
5.64631 0.351722 294 5.26616
5.66891 0.330626 432 4.95029
5.69929 0.25826 432 3.86679
5.72582 0.292561 264 4.38037
5.74576 0.248623 192 3.7225
5.77837 0.283226 468 4.2406
5.80465 0.346491 552 5.18783
5.83524 0.277813 336 4.15955
5.86196 0.269141 288 4.02972
5.88885 0.288274 456 4.31618
5.91828 0.300382 432 4.49746
5.93942 0.31033 168 4.64641
5.97346 0.286024 566 4.28248
6.00383 0.273432 432 4.09396
6.03753 0.285468 432 4.27416
6.05765 0.28618 360 4.28483
6.08553 0.286094 624 4.28354
6.11016 0.255739 264 3.82905
6.1359 0.24913 360 3.7301
6.17267 0.271866 456 4.07051
6.19846 0.280121 504 4.19411
6.23352 0.28542 564 4.27344
6.26302 0.254194 384 3.80592
6.29378 0.266929 462 3.99659
6.32143 0.270231 624 4.04603
6.35606 0.249404 432 3.7342
6.38387 0.270225 624 4.04593
6.4159 0.283794 312 4.2491
6.44034 0.294439 552 4.40849
6.47521 0.248752 408 3.72444
6.4939 0.267781 600 4.00935
6.53503 0.258148 608 3.86511
6.56485 0.229596 504 3.43763
6.59664 0.237955 510 3.56278
6.62898 0.234814 600 3.51575
6.66071 0.26549 492 3.97505
6.68361 0.251319 552 3.76287
6.72229 0.262106 696 3.92437
6.74598 0.235474 504 3.52563
6.77945 0.249497 528 3.7356
6.80746 0.244878 624 3.66643
6.83939 0.251602 504 3.7671
6.87445 0.235698 552 3.52899
6.90783 0.227498 654 3.40622
6.93959 0.250995 840 3.75803
6.97409 0.220211 744 3.29711
7.00741 0.202707 456 3.03503
7.03677 0.227003 648 3.39879
7.0753 0.221183 896 3.31166
7.10524 0.219662 396 3.28889
7.13632 0.25048 816 3.7503
7.17401 0.211443 672 3.16583
7.20038 0.228768 552 3.42523
7.23702 0.205593 894 3.07823
7.27234 0.211101 672 3.1607
7.30559 0.223105 624 3.34044
7.33921 0.213084 888 3.1904
7.3688 0.215606 720 3.22817
7.40895 0.220599 936 3.30291
7.44885 0.226383 648 3.38952
7.48186 0.218645 936 3.27366
7.51427 0.221759 696 3.32029
7.55531 0.247013 618 3.6984
7.58487 0.215929 1008 3.23299
7.61849 0.210992 872 3.15908
7.65737 0.212587 960 3.18296
7.69668 0.210605 888 3.15328
7.72847 0.221351 648 3.31418
7.76442 0.199519 840 2.9873
7.79705 0.217008 912 3.24916
7.83408 0.196009 774 2.93474
7.87257 0.201288 1272 3.01378
7.91246 0.211066 912 3.16019
7.95094 0.204829 864 3.0668
7.98724 0.191976 924 2.87436
8.02142 0.200422 1080 3.00082
8.06273 0.20239 1008 3.03028
8.09946 0.196536 1128 2.94264
8.14393 0.196248 768 2.93832
8.17502 0.189193 1046 2.83268
8.2152 0.194144 1152 2.90681
8.25601 0.195008 1272 2.91976
8.29592 0.19843 912 2.97099
8.33191 0.187814 1200 2.81204
8.37325 0.185423 1080 2.77624
8.40498 0.19453 840 2.9126
8.45084 0.182975 1332 2.73959
8.48913 0.185197 1062 2.77286
8.52681 0.184269 1320 2.75896
8.571 0.182607 1248 2.73409
8.60833 0.181276 1104 2.71416
8.65005 0.176778 1392 2.64681
8.68693 0.189893 776 2.84318
8.73005 0.175127 1728 2.62209
8.77244 0.16439 1224 2.46132
8.81651 0.185823 1254 2.78224
8.85893 0.167652 1368 2.51016
8.89912 0.167498 1236 2.50787
8.93741 0.172982 1608 2.58996
8.98308 0.166434 1008 2.49194
9.01647 0.180037 1488 2.69561
9.0649 0.156542 1440 2.34383
9.10803 0.158792 1158 2.37752
9.14809 0.162213 1824 2.42873
9.19097 0.156841 1464 2.34831
9.23816 0.161906 1448 2.42414
9.27848 0.160716 1560 2.40631
9.32418 0.151415 1428 2.26706
9.36737 0.164138 1680 2.45756
9.41383 0.162963 1494 2.43996
9.45819 0.164882 1944 2.46869
9.50417 0.158796 1368 2.37757
9.54561 0.159395 1584 2.38654
9.58954 0.148911 1776 2.22957
9.63134 0.152634 1440 2.28532
9.67749 0.15655 1968 2.34394
9.72378 0.150742 1374 2.25699
9.76914 0.160214 2100 2.39881
9.81572 0.149125 1640 2.23277
9.86551 0.142901 2496 2.13959
9.9123 0.140337 1248 2.10119
9.94845 0.150659 1512 2.25574
10.0002 0.141611 2280 2.12027
10.0491 0.146728 1926 2.19688
10.0953 0.153957 2064 2.30512
10.1462 0.143145 1920 2.14324
10.1883 0.137858 1944 2.06408
10.2408 0.137969 2172 2.06574
10.2901 0.141056 2256 2.11197
10.3372 0.148874 1736 2.22902
10.3847 0.137349 2094 2.05646
10.433 0.134293 2328 2.0107
10.4818 0.142303 2256 2.13063
10.5302 0.138504 1920 2.07375
10.5776 0.133945 2520 2.00548
10.6299 0.132682 2088 1.98659
10.6858 0.132887 2634 1.98966
10.7342 0.136729 2328 2.04718
10.7818 0.127664 2304 1.91144
10.835 0.123733 2568 1.8526
10.8856 0.132873 2024 1.98945
10.928 0.130443 2352 1.95306
10.982 0.134531 2718 2.01427
11.0344 0.122703 2520 1.83718
11.0896 0.129679 2772 1.94161
11.1403 0.130207 2640 1.94952
11.1945 0.121397 2880 1.81761
11.2496 0.126799 2448 1.8985
11.2983 0.12154 2478 1.81975
11.3489 0.121158 2904 1.81403
11.4036 0.12305 2816 1.84236
11.4546 0.121242 3024 1.81529
11.5153 0.1239 2952 1.8551
11.5679 0.123921 2796 1.8554
11.6203 0.12549 2982 1.8789
11.6775 0.122358 3312 1.832
11.7301 0.120035 2688 1.79722
11.7844 0.117924 3144 1.76561
11.8428 0.121085 3672 1.81294
11.8939 0.117225 2328 1.75515
11.9543 0.120585 4046 1.80545
12.0117 0.107854 2844 1.61485
12.0645 0.116044 3600 1.73747
12.1216 0.11327 3264 1.69593
12.1786 0.112608 3288 1.68603
12.2342 0.109476 3198 1.63912
12.2899 0.111038 3864 1.66252
12.3488 0.113177 3456 1.69454
12.4064 0.108368 3744 1.62254
12.468 0.104922 3876 1.57095
12.5262 0.114406 3392 1.71294
12.5835 0.108041 3918 1.61764
12.6436 0.107634 3864 1.61155
12.7041 0.10857 4104 1.62556
12.76 0.107393 3480 1.60794
12.8193 0.102428 4080 1.53361
12.8832 0.107968 4170 1.61654
12.9428 0.102274 4176 1.5313
13.004 0.0995353 4560 1.49029
13.0668 0.10283 3656 1.53962
13.1234 0.100681 4344 1.50745
13.1905 0.100782 4830 1.50895
13.2535 0.0990837 4416 1.48353
13.3128 0.0999337 3876 1.49626
13.3711 0.102474 4752 1.53429
13.438 0.100038 4968 1.49781
13.505 0.100161 4494 1.49967
13.562 0.0945591 4200 1.41578
13.6284 0.0958892 5792 1.4357
13.6925 0.0965195 4224 1.44514
13.7578 0.0967885 5220 1.44917
13.8214 0.0932985 4590 1.39691
13.8828 0.0960343 5328 1.43787
13.951 0.0932135 5304 1.39564
14.0176 0.098053 5040 1.4681
14.0783 0.0912206 4920 1.3658
14.1459 0.0934074 5750 1.39854
14.2151 0.0916394 5388 1.37207
14.2795 0.0892486 5784 1.33627
14.3486 0.0892276 5400 1.33596
14.4152 0.0885767 5640 1.32621
14.4848 0.0901581 5934 1.34989
14.5518 0.087717 6120 1.31334
14.6213 0.0875591 5544 1.31098
14.6889 0.0893151 6164 1.33727
14.7577 0.089523 5838 1.34038
14.823 0.0868618 6144 1.30054
14.8954 0.0876995 6288 1.31308
14.9629 0.0867063 6576 1.29821
15.0374 0.0849061 6504 1.27126
15.1094 0.0867568 6594 1.29897
15.1805 0.0836474 7008 1.25241
15.2501 0.0852023 6200 1.27569
15.3206 0.0802678 6768 1.20181
15.3938 0.0816214 7182 1.22208
15.4649 0.0806443 6864 1.20745
15.5381 0.0810388 7308 1.21335
15.6102 0.0784884 6744 1.17517
15.6826 0.078777 7686 1.17949
15.7587 0.0787659 7280 1.17932
15.831 0.0781635 7920 1.1703
15.9075 0.0782982 7560 1.17232
15.9799 0.0785865 6948 1.17664
16.0529 0.0762926 8430 1.14229
16.1323 0.0753445 8328 1.12809
16.2083 0.0762475 7824 1.14162
16.284 0.0726117 8160 1.08718
16.3583 0.0739832 8030 1.10771
16.4387 0.0756463 9372 1.13261
16.5156 0.0729433 7968 1.09214
16.5913 0.072975 8568 1.09262
16.6713 0.0731235 8934 1.09484
16.7473 0.0724858 8952 1.08529
16.8262 0.0701255 8880 1.04995
16.9073 0.0709652 9548 1.06253
16.987 0.0707748 9126 1.05967
17.0656 0.0719021 9384 1.07655
17.1437 0.0706367 9288 1.05761
17.2234 0.07109 9792 1.06439
17.3058 0.069622 9570 1.04242
17.3855 0.069107 10376 1.0347
17.4681 0.0676199 10152 1.01244
17.5516 0.0694913 9960 1.04046
17.6323 0.0681205 10782 1.01993
17.7188 0.0677586 10992 1.01452
17.8032 0.0679985 10452 1.01811
17.8848 0.0678556 10806 1.01597
17.9713 0.0647682 11312 0.969741
18.0539 0.0645782 11112 0.966897
18.1377 0.0646854 10848 0.968501
18.2224 0.0646617 11394 0.968147
18.3067 0.0622808 11952 0.932499
18.3923 0.0640432 11352 0.958886
18.4801 0.0635183 12584 0.951027
18.5699 0.0622796 12390 0.932481
18.6572 0.0620851 12252 0.929568
18.7424 0.0613824 12240 0.919047
18.8315 0.0608617 12486 0.911251
18.9182 0.0626329 13080 0.937771
19.007 0.0583877 12968 0.874209
19.0958 0.0595249 12612 0.891237
19.1845 0.0582984 13974 0.872872
19.2771 0.0598998 13944 0.896849
19.3664 0.0600121 12840 0.898531
19.455 0.0590382 14358 0.883949
19.5497 0.0582959 14588 0.872835
19.6422 0.0585534 14688 0.87669
19.733 0.0580039 13560 0.868464
19.8252 0.0566604 15582 0.848348
19.9184 0.0582757 14544 0.872533
20.0117 0.0565136 15420 0.846149
20.1076 0.0560064 15614 0.838556
20.1995 0.0552437 14880 0.827136
20.2937 0.0540567 16728 0.809364
20.3922 0.0534785 15690 0.800707
20.4858 0.0527602 16248 0.789951
20.5801 0.0531448 16584 0.795709
20.6798 0.052685 16904 0.788826
20.7774 0.0530794 17430 0.794731
20.875 0.0531307 16908 0.7955
20.9715 0.0533803 17640 0.799236
21.072 0.052026 17550 0.778959
21.17 0.0508283 18696 0.761026
21.2704 0.0503083 17792 0.75324
21.3695 0.0502018 18138 0.751646
21.4685 0.0503412 19392 0.753733
21.5707 0.0501872 18768 0.751427
21.671 0.0497766 19038 0.74528
21.7719 0.049536 19460 0.741677
21.8722 0.049625 19992 0.74301
21.98 0.0490482 21174 0.734373
22.0835 0.0482175 20040 0.721937
22.1864 0.049117 20628 0.735403
22.2901 0.0482049 20798 0.721747
22.3939 0.0471719 21480 0.706281
22.4995 0.0472252 21792 0.707079
22.6057 0.0473026 21414 0.708239
22.7118 0.046108 23100 0.690352
22.8187 0.0464366 21992 0.695272
22.9267 0.0461932 23406 0.691628
23.0333 0.0450502 22536 0.674513
23.142 0.0451902 24348 0.67661
23.2521 0.0447433 23598 0.669919
23.3607 0.0436819 24224 0.654027
23.4703 0.043985 24648 0.658565
23.5813 0.0449912 24618 0.673631
23.6872 0.0428216 24192 0.641146
23.7989 0.0433677 26208 0.649322
23.9113 0.0423855 25790 0.634616
24.0243 0.0428279 26916 0.641241
24.1376 0.0416751 26214 0.623981
24.251 0.0423051 27528 0.633412
24.3653 0.041638 27720 0.623425
24.4805 0.0414518 27122 0.620636
24.5934 0.0415931 28632 0.622753
24.7099 0.0408031 28680 0.610925
24.8261 0.0405249 28722 0.606759
24.9416 0.04019 30000 0.601745
25.0602 0.0398964 29408 0.597348
25.1775 0.0394418 30678 0.590542
25.2958 0.0386521 30660 0.578718
25.4157 0.0392034 31494 0.586973
25.5352 0.0387779 31448 0.580602
25.6542 0.0381083 32160 0.570576
25.7771 0.037817 33090 0.566215
25.8975 0.0377227 32664 0.564803
26.0182 0.0376377 32718 0.563529
26.1396 0.0372615 34472 0.557897
26.263 0.0364954 34260 0.546427
26.3857 0.0362441 34302 0.542664
26.5078 0.036298 35472 0.543472
26.6335 0.0356505 36020 0.533777
26.7594 0.0354349 36942 0.530549
26.885 0.0351625 36360 0.52647
27.0121 0.0350238 38166 0.524393
27.1378 0.0344723 36804 0.516136
27.2642 0.0341687 38864 0.511591
27.3935 0.0339509 39366 0.508329
27.5233 0.0337764 40068 0.505718
27.6514 0.0332904 38910 0.49844
27.7803 0.0331961 41360 0.497029
27.9112 0.0331775 40782 0.496749
28.0415 0.0329405 42204 0.493201
28.1725 0.0323592 41544 0.484498
28.3057 0.0323301 44510 0.484062
28.4397 0.0316731 42948 0.474225
28.5725 0.031587 44478 0.472937
28.7083 0.0313877 46032 0.469951
28.8439 0.0315524 44402 0.472417
28.977 0.0310665 46320 0.465143
29.1132 0.0312079 46848 0.46726
29.2508 0.030589 47814 0.457993
29.3881 0.0307899 48260 0.461001
29.5284 0.0301859 49758 0.451958
29.6664 0.0297249 49032 0.445056
29.8052 0.0296854 49770 0.444465
29.9443 0.0292269 51056 0.4376
30.0844 0.0292239 51504 0.437554
30.2265 0.0289567 52866 0.433554
30.3681 0.0287133 52848 0.42991
30.5114 0.0283578 54542 0.424587
30.6547 0.0279555 54276 0.418563
30.7979 0.0278507 55062 0.416994
30.9419 0.0274938 56568 0.41165
31.0885 0.0274646 57266 0.411213
31.2344 0.0274265 58056 0.410644
31.3808 0.0269934 57750 0.404158
31.5277 0.0269179 60380 0.403028
31.6771 0.0265607 60390 0.397679
31.826 0.0263658 61608 0.394761
31.9756 0.0262215 61362 0.392601
32.1255 0.0260519 63752 0.390062
32.277 0.0257088 63528 0.384924
32.4277 0.0257664 64050 0.385787
32.5774 0.0251951 64784 0.377234
32.7324 0.0250145 68814 0.374529
32.8871 0.0249991 66156 0.374299
33.0405 0.0246366 68718 0.368872
33.1949 0.024449 69104 0.366062
33.3524 0.0240253 71682 0.359718
33.5091 0.0240647 70512 0.360308
33.6653 0.0237517 72278 0.355622
33.8241 0.0236212 74532 0.353668
33.9843 0.0233734 74454 0.349958
34.1435 0.0231416 75540 0.346487
34.3039 0.0231093 76526 0.346004
34.4657 0.0230567 78648 0.345216
34.6274 0.0225476 77370 0.337594
34.7862 0.0225304 78272 0.337336
34.9499 0.0222406 82710 0.332997
35.1157 0.0222484 82146 0.333114
35.2805 0.0222389 83712 0.332972
35.4469 0.0218119 84710 0.326578
35.6137 0.021858 86172 0.327269
35.7812 0.0213974 86406 0.320372
35.9482 0.0213407 88244 0.319524
36.1176 0.0211547 89670 0.316739
36.2871 0.020932 90792 0.313404
36.4592 0.0208886 93194 0.312755
36.6302 0.0206557 92352 0.309267
36.8018 0.020434 94914 0.305947
36.9741 0.0202724 95504 0.303528
37.1476 0.0199997 97230 0.299445
37.3221 0.019812 98802 0.296635
37.4979 0.0196395 100952 0.294052
37.6734 0.0195311 99990 0.292429
37.8491 0.0195008 103356 0.291976
38.0283 0.0191913 105014 0.287342
38.2074 0.0189858 106548 0.284265
38.3868 0.0188361 106302 0.282024
38.5653 0.0184666 108002 0.276491
38.7463 0.0185922 111696 0.278372
38.9299 0.018272 112158 0.273577
39.1123 0.0180347 113300 0.270024
39.2962 0.018009 115302 0.269639
39.4808 0.0178992 117396 0.267996
39.6656 0.0176851 117158 0.26479
39.8521 0.0175048 121470 0.262091
40.0388 0.0174531 120660 0.261316
40.2277 0.0173482 125030 0.259745
40.4172 0.0171766 125388 0.257176
40.6079 0.017143 128094 0.256674
40.798 0.0168439 127058 0.252195
40.9891 0.0167747 132336 0.251159
41.1824 0.0165933 132006 0.248443
41.3752 0.0164778 134162 0.246714
41.57 0.016213 137760 0.242749
41.7662 0.0161875 137802 0.242368
41.9607 0.0160756 139016 0.240692
42.1586 0.0159728 144354 0.239152
42.357 0.0157953 142814 0.236495
42.5542 0.0157572 145932 0.235924
42.7541 0.0155927 148206 0.233462
42.9546 0.0155051 150566 0.23215
43.1564 0.0153372 152820 0.229636
43.3597 0.0151975 155142 0.227544
43.5635 0.0150596 157220 0.22548
43.7684 0.0149584 159198 0.223965
43.9736 0.0147763 160994 0.221237
44.1803 0.0145672 164544 0.218108
44.3876 0.0144966 165282 0.21705
44.5959 0.014274 168350 0.213717
44.8055 0.0141482 171660 0.211834
45.0168 0.0140358 173622 0.210151
45.2281 0.0139199 175034 0.208415
45.4403 0.0138589 178512 0.207503
45.6526 0.0137476 178646 0.205836
45.8674 0.0135832 185466 0.203375
46.0836 0.0134867 185382 0.201929
46.2996 0.013415 188252 0.200856
46.5177 0.0132275 192126 0.198048
46.7365 0.0131915 193562 0.197509
46.9554 0.012974 196176 0.194253
47.1763 0.0130182 200130 0.194915
47.3979 0.0128111 201326 0.191814
47.6197 0.0126726 204972 0.189741
47.8437 0.0125596 208406 0.188049
48.0672 0.012479 208362 0.186842
48.2937 0.0123899 217662 0.185508
48.5225 0.0122949 217124 0.184085
48.7491 0.012183 217446 0.18241
48.9778 0.0120365 224690 0.180216
49.2073 0.0119191 224058 0.178458
49.4385 0.0119187 231848 0.178453
49.6727 0.0117415 233994 0.1758
49.9056 0.01168 234198 0.174878
50.1391 0.0115389 239708 0.172767
50.3754 0.0114516 243630 0.171459
50.6128 0.0113752 247010 0.170315
50.8493 0.0112646 246414 0.168659
51.0868 0.011134 253772 0.166704
51.327 0.0109657 256902 0.164183
51.5685 0.0109749 261066 0.164321
51.8119 0.0108489 265958 0.162434
52.0548 0.0108107 265098 0.161863
52.2978 0.0107196 271424 0.1605
52.5441 0.0105339 276858 0.157719
52.7923 0.0104509 281186 0.156476
53.0408 0.0103774 282918 0.155376
53.2887 0.0102868 285146 0.154019
53.5387 0.0102326 293280 0.153207
53.7907 0.0100768 294602 0.150875
54.0436 0.00997329 301278 0.149325
54.2977 0.00986385 302954 0.147686
54.5519 0.00984384 307674 0.147387
54.8068 0.00973681 310560 0.145784
55.0651 0.00965385 320834 0.144542
55.3252 0.00957379 321582 0.143343
55.5848 0.00945704 325226 0.141595
55.8457 0.00940146 331422 0.140763
56.1082 0.00935918 335066 0.14013
56.3718 0.00927782 341340 0.138912
56.636 0.00913229 342038 0.136733
56.9014 0.00910137 351354 0.13627
57.1695 0.00902292 355478 0.135096
57.4384 0.00895718 360066 0.134111
57.7081 0.00889293 364634 0.133149
57.9785 0.00880677 369072 0.131859
58.2513 0.0087693 377642 0.131298
58.5263 0.00865978 382074 0.129658
58.8009 0.00854279 384014 0.127907
59.0769 0.00852575 393066 0.127652
59.3537 0.00842183 393950 0.126096
59.632 0.00835316 404154 0.125068
59.9128 0.0082522 409178 0.123556
60.1941 0.00817789 413334 0.122443
60.4769 0.00810375 421196 0.121333
60.7603 0.0080424 422658 0.120415
61.0455 0.00798392 434990 0.119539
61.333 0.00791211 437442 0.118464
61.6205 0.0078308 443066 0.117247
61.91 0.00775031 452150 0.116041
62.2007 0.00771614 455538 0.11553
62.4924 0.00765493 463382 0.114613
62.7855 0.00760645 468666 0.113887
63.0808 0.00751485 479642 0.112516
63.3779 0.00745753 482814 0.111658
63.675 0.0073935 489386 0.110699
63.9742 0.0073294 498642 0.109739
64.275 0.00725441 503450 0.108617
64.5769 0.00719627 512838 0.107746
64.8803 0.00712656 517586 0.106702
65.1844 0.0070524 524372 0.105592
65.4902 0.00701032 534270 0.104962
65.7979 0.00696085 540386 0.104221
66.1075 0.00692015 550938 0.103612
66.418 0.00684453 554270 0.10248
66.7296 0.00677477 564978 0.101435
67.0437 0.00672647 574370 0.100712
67.359 0.0066553 579614 0.0996464
67.6749 0.00660284 587778 0.098861
67.9926 0.006513 596978 0.0975158
68.3122 0.00647531 606570 0.0969515
68.6334 0.00640519 613982 0.0959016
68.9554 0.00634845 621200 0.0950522
69.2789 0.00629354 631386 0.09423
69.6042 0.00626461 640418 0.0937968
69.9318 0.00620866 651870 0.0929591
70.2607 0.00614317 657770 0.0919785
70.5901 0.00605981 667082 0.0907305
70.9211 0.00604403 675810 0.0904942
71.2543 0.00598093 689318 0.0895495
71.59 0.00593753 698754 0.0888996
71.9268 0.00590696 706922 0.0884418
72.2644 0.00585352 715562 0.0876418
72.6038 0.00578819 727662 0.0866636
72.9444 0.00574783 734426 0.0860594
73.2859 0.00568925 745746 0.0851823
73.6302 0.00562823 759698 0.0842686
73.9762 0.0055965 768140 0.0837935
74.3233 0.00553756 778770 0.082911
74.6733 0.00549333 795842 0.0822488
75.0246 0.0054561 799442 0.0816915
75.377 0.00539151 816042 0.0807243
75.731 0.00532731 822038 0.0797631
76.0864 0.00529962 837722 0.0793485
76.4436 0.00525783 846330 0.0787228
76.8023 0.00521614 860768 0.0780986
77.1634 0.00516287 873722 0.077301
77.5261 0.00513612 885438 0.0769005
77.8907 0.00507153 898730 0.0759334
78.2565 0.00502575 908402 0.075248
78.6236 0.00498782 923226 0.0746802
78.9927 0.00493157 933944 0.0738379
79.3633 0.00487958 949730 0.0730595
79.7358 0.00486236 961278 0.0728017
80.111 0.00481193 981218 0.0720465
80.488 0.0047674 989186 0.0713798
80.8652 0.00471732 1001016 0.07063
81.2446 0.00468415 1019138 0.0701335
81.6263 0.00463594 1032842 0.0694116
82.0093 0.00460395 1045394 0.0689326
82.3948 0.00452754 1066230 0.0677885
82.7823 0.00449553 1075496 0.0673092
83.1703 0.00447353 1090154 0.0669799
83.5609 0.00444408 1110378 0.0665389
83.9539 0.00441983 1124666 0.0661759
84.3485 0.00436987 1139624 0.0654278
84.7448 0.00431948 1157114 0.0646733
85.1429 0.00428416 1171434 0.0641445
85.5426 0.00423748 1188494 0.0634456
85.9444 0.00419557 1205504 0.0628182
86.3487 0.00416691 1226594 0.062389
86.7542 0.0041228 1235562 0.0617286
87.1612 0.00408585 1259120 0.0611754
87.5707 0.00405737 1274498 0.0607489
87.9822 0.00402304 1295594 0.0602349
88.3953 0.00398728 1308312 0.0596995
88.8105 0.0039558 1333922 0.0592283
89.2281 0.00391763 1348418 0.0586566
89.6468 0.00388424 1366112 0.0581567
90.0678 0.0038572 1389738 0.0577519
90.4912 0.00382621 1407458 0.0572879
90.9162 0.00378532 1426520 0.0566757
91.3433 0.00374861 1448810 0.056126
91.7723 0.00370425 1465802 0.0554618
92.203 0.003665 1488456 0.0548742
92.6362 0.00364828 1510766 0.0546238
93.0711 0.00361784 1528298 0.0541681
93.5078 0.00358321 1552784 0.0536496
93.9477 0.00354885 1579538 0.0531351
94.3895 0.00351908 1595784 0.0526894
94.8326 0.00348929 1619930 0.0522433
95.2774 0.00344831 1637186 0.0516298
95.7247 0.00342449 1669616 0.0512732
96.1751 0.00338443 1691834 0.0506734
96.6264 0.00336357 1706952 0.0503611
97.0796 0.00332676 1739630 0.04981
97.5363 0.00329474 1765064 0.0493304
97.9942 0.00327637 1783538 0.0490555
98.4548 0.00324635 1817480 0.048606
98.9176 0.00321904 1837034 0.048197
99.3825 0.00317286 1866512 0.0475056
99.8492 0.00315828 1888242 0.0472874
100.318 0.0031269 1917056 0.0468174
100.789 0.00309843 1941554 0.0463913
101.263 0.00307531 1978040 0.0460451
101.739 0.00303827 1997426 0.0454905
102.216 0.00300975 2029256 0.0450634
102.696 0.00298539 2056370 0.0446988
103.179 0.00296052 2084000 0.0443264
103.663 0.00294337 2117778 0.0440695
104.15 0.00291258 2143952 0.0436086
104.639 0.00288624 2175614 0.0432142
105.131 0.00285647 2206400 0.0427685
105.624 0.00283519 2233970 0.0424498
106.12 0.0028126 2276456 0.0421116
106.619 0.00277714 2301848 0.0415807
107.12 0.00275307 2332922 0.0412203
107.623 0.0027312 2366960 0.0408928
108.128 0.00270532 2397698 0.0405054
108.636 0.00268542 2436644 0.0402075
109.147 0.00265956 2472608 0.0398203
109.659 0.00264051 2503050 0.039535
110.174 0.0026153 2535392 0.0391575
110.692 0.00259007 2581088 0.0387798
111.212 0.00256857 2612762 0.0384579
111.734 0.00254559 2647964 0.0381138
112.259 0.00252637 2687216 0.037826
112.786 0.00250419 2724434 0.0374939
113.316 0.00248046 2765840 0.0371387
113.849 0.00245806 2798504 0.0368033
114.383 0.00243485 2841326 0.0364558
114.92 0.00241551 2886128 0.0361663
115.46 0.00239037 2920808 0.0357897
116.003 0.00237205 2967536 0.0355155
116.547 0.00235068 3000674 0.0351955
117.094 0.00233386 3050324 0.0349436
117.645 0.00230822 3094664 0.0345599
118.197 0.00228869 3136016 0.0342674
118.752 0.00226735 3179546 0.0339479
119.31 0.0022461 3227060 0.0336297
119.871 0.00222813 3271832 0.0333607
120.434 0.00220738 3315440 0.03305
120.999 0.00218948 3363800 0.032782
121.568 0.00216879 3414158 0.0324722
122.139 0.0021487 3459752 0.0321714
122.712 0.00213262 3508864 0.0319306
123.289 0.00211409 3560804 0.0316531
123.868 0.00209185 3608912 0.0313202
124.45 0.0020725 3660608 0.0310305
125.034 0.00205208 3707846 0.0307248
125.621 0.00203503 3769664 0.0304695
126.212 0.00201949 3822920 0.0302368
126.805 0.00199887 3863564 0.029928
127.4 0.00198098 3930704 0.0296602
127.999 0.00196429 3986168 0.0294103
128.6 0.001952 4034228 0.0292263
129.203 0.00193192 4090816 0.0289256
129.81 0.00191609 4160360 0.0286887
130.42 0.0018997 4213436 0.0284433
131.033 0.00188469 4270976 0.0282185
131.648 0.00186457 4332308 0.0279172
132.267 0.00184566 4395896 0.0276341
132.888 0.00183127 4454378 0.0274187
133.512 0.00181677 4517036 0.0272016
134.139 0.00180177 4588552 0.026977
134.769 0.00178458 4651316 0.0267195
135.402 0.00177026 4711190 0.0265052
136.038 0.00175314 4782704 0.0262488
136.677 0.00173645 4849964 0.025999
137.319 0.0017232 4917080 0.0258006
137.964 0.001707 4985260 0.0255581
138.612 0.00169254 5060456 0.0253415
139.263 0.00167945 5127788 0.0251456
139.917 0.00166263 5201672 0.0248938
140.575 0.00164733 5278196 0.0246646
141.235 0.00163268 5350384 0.0244453
141.898 0.00161658 5423492 0.0242043
142.565 0.00160139 5504720 0.0239767
143.235 0.00159017 5581268 0.0238089
143.907 0.0015753 5659270 0.0235861
144.583 0.00156067 5736332 0.0233671
145.262 0.00154769 5823104 0.0231727
145.945 0.00153222 5909900 0.0229411
146.631 0.00151611 5986168 0.0226999
147.319 0.00150598 6064034 0.0225483
148.01 0.00149073 6162248 0.0223199
148.706 0.00147874 6249932 0.0221405
149.405 0.00146585 6331588 0.0219475
150.107 0.00145225 6424736 0.0217438
150.812 0.0014377 6515066 0.021526
151.52 0.00142527 6607552 0.0213399
152.231 0.00141344 6691412 0.0211628
152.946 0.00140082 6796676 0.0209737
153.665 0.00138899 6894838 0.0207966
154.387 0.00137517 6983324 0.0205897
155.112 0.00136375 7094120 0.0204188
155.84 0.00135336 7182634 0.0202632
156.572 0.00134015 7295588 0.0200654
157.308 0.00132892 7389992 0.0198972
158.047 0.00131702 7499434 0.0197191
158.789 0.00130602 7606244 0.0195544
159.535 0.00129497 7703654 0.0193889
160.284 0.00128423 7823908 0.0192281
161.037 0.00127288 7933148 0.0190582
161.793 0.00126195 8035210 0.0188945
162.553 0.00125133 8168648 0.0187356
163.317 0.00123921 8270402 0.018554
164.085 0.00122858 8396284 0.018395
164.855 0.00121708 8496608 0.0182228
165.629 0.00120899 8636482 0.0181016
166.407 0.00119907 8744780 0.017953
167.189 0.001189 8878274 0.0178022
167.974 0.00117875 8998288 0.0176489
168.763 0.00116682 9127058 0.0174702
169.555 0.00115737 9258676 0.0173288
170.352 0.00114836 9394994 0.0171938
171.152 0.0011406 9518530 0.0170777
171.956 0.0011278 9652352 0.016886
172.764 0.00111792 9800506 0.016738
173.576 0.00110948 9929156 0.0166117
174.391 0.00109911 10079002 0.0164563
175.21 0.00109048 10202930 0.0163272
176.032 0.00108249 10362148 0.0162075
176.86 0.00107425 10508450 0.0160842
177.69 0.00106531 10647784 0.0159504
178.525 0.00105736 10817954 0.0158314
179.364 0.00104672 10950034 0.015672
180.206 0.0010388 11116484 0.0155535
181.053 0.00103149 11277610 0.015444
181.903 0.00102222 11430154 0.0153051
182.757 0.00101389 11580074 0.0151804
183.615 0.00100752 11759140 0.015085
184.478 0.000998845 11924378 0.0149552
185.344 0.000991601 12099850 0.0148467
186.215 0.000981968 12260050 0.0147025
187.09 0.000974425 12439484 0.0145896
187.968 0.000965852 12606226 0.0144612
188.851 0.000958891 12800474 0.014357
189.739 0.000950935 12964258 0.0142379
190.629 0.000942533 13155874 0.0141121
191.525 0.000934707 13345394 0.0139949
192.424 0.000927531 13525540 0.0138874
193.328 0.000920846 13730122 0.0137874
194.237 0.000914105 13917890 0.0136864
195.149 0.000907239 14114938 0.0135836
196.066 0.000900137 14316682 0.0134773
196.987 0.000892103 14520626 0.013357
197.912 0.000885799 14708962 0.0132626
198.841 0.000879689 14936002 0.0131711
199.775 0.000873212 15141986 0.0130742
200.714 0.000867817 15366994 0.0129934
201.657 0.000861212 15563242 0.0128945
202.604 0.000854855 15794614 0.0127993
203.555 0.000848635 16021226 0.0127062
204.511 0.000842688 16238338 0.0126171
205.472 0.000837153 16476706 0.0125343
206.437 0.000831707 16717282 0.0124527
207.407 0.000825996 16935730 0.0123672
208.381 0.000820808 17183270 0.0122895
209.36 0.000816339 17431546 0.0122226
210.343 0.000811158 17672128 0.0121451
211.331 0.000806003 17929450 0.0120679
212.324 0.000801527 18181246 0.0120008
213.321 0.000797263 18436154 0.011937
214.323 0.00079185 18688066 0.011856
215.33 0.000787766 18966160 0.0117948
216.341 0.00078339 19228342 0.0117293
217.357 0.000779845 19497994 0.0116762
218.378 0.000775268 19789402 0.0116077
219.404 0.000770943 20048224 0.0115429
220.434 0.00076834 20340694 0.011504
221.47 0.000764846 20631698 0.0114517
222.51 0.000761796 20920738 0.011406
223.555 0.00075844 21224764 0.0113557
224.605 0.000755499 21524794 0.0113117
225.66 0.000752891 21819694 0.0112727
226.72 0.000750981 22136776 0.0112441
227.785 0.000748616 22446490 0.0112086
228.855 0.000746324 22753708 0.0111743
229.93 0.000744208 23092930 0.0111426
231.01 0.000743381 23405020 0.0111303
232.095 0.000742153 23744914 0.0111119
233.185 0.000741292 24090094 0.011099
234.281 0.000740905 24416584 0.0110932
235.381 0.000740068 24763822 0.0110807
236.486 0.000739301 25116112 0.0110692
237.597 0.000739057 25474348 0.0110655
238.713 0.00074 25839802 0.0110797
239.835 0.000740344 26191732 0.0110848
240.961 0.000741043 26563339 0.0110953
242.092 0.000738114 26678128 0.0110514
243.229 0.000733641 26655828 0.0109844
244.371 0.000728487 26675140 0.0109073
245.519 0.000723351 26644864 0.0108304
246.672 0.000719159 26631640 0.0107676
247.831 0.000715102 26619904 0.0107069
248.995 0.000710871 26596180 0.0106435
250.164 0.000706095 26557060 0.010572
251.339 0.000701598 26532520 0.0105047
252.52 0.000697856 26493240 0.0104486
253.706 0.000693679 26453764 0.0103861
254.898 0.000689715 26412544 0.0103267
256.095 0.000685719 26360476 0.0102669
257.298 0.000682234 26299600 0.0102147
258.506 0.000677922 26254092 0.0101502
259.72 0.000673918 26178916 0.0100902
260.94 0.000670703 26116096 0.0100421
262.166 0.000666863 26040928 0.0099846
263.398 0.000663094 25967736 0.00992817
264.635 0.0006601 25862260 0.00988335
265.878 0.000656611 25796416 0.00983111
267.127 0.00065375 25689396 0.00978827
268.381 0.000650944 25577176 0.00974626
269.641 0.000647004 25489588 0.00968726
270.908 0.000644518 25373328 0.00965004
272.181 0.000641573 25250224 0.00960595
273.459 0.000639622 25122124 0.00957673
274.744 0.000636193 24990660 0.0095254
276.034 0.000633203 24856192 0.00948063
277.331 0.000631199 24706228 0.00945062
278.633 0.000628666 24558204 0.00941269
279.942 0.000626425 24392068 0.00937915
281.256 0.000623828 24237480 0.00934027
282.578 0.000622505 24064336 0.00932046
283.905 0.000620323 23876980 0.00928779
285.238 0.000618214 23697324 0.00925621
286.578 0.000617546 23498488 0.00924621
287.924 0.00061599 23292324 0.0092229
289.276 0.000614038 23100964 0.00919368
290.635 0.00061272 22862988 0.00917394
292 0.000612328 22634848 0.00916808
293.371 0.000611748 22410012 0.00915939
294.749 0.000611098 22160572 0.00914966
296.134 0.000611252 21915600 0.00915197
297.525 0.000610854 21645516 0.00914601
298.922 0.000611029 21372232 0.00914862
300.326 0.000611962 21101172 0.00916259
301.737 0.00061236 20815564 0.00916856
303.154 0.000612453 20504628 0.00916994
304.578 0.000613244 20204736 0.00918179
306.008 0.000614378 19883356 0.00919877
307.446 0.000615474 19552848 0.00921518
308.89 0.00061655 19217196 0.00923129
310.34 0.000617887 18861736 0.00925131
311.798 0.000619965 18502836 0.00928242
313.262 0.000622142 18135780 0.00931501
314.734 0.000624791 17749600 0.00935467
316.212 0.000627375 17354232 0.00939337
317.697 0.000630111 16953228 0.00943434
319.189 0.000632887 16529656 0.00947589
320.688 0.000637193 16099164 0.00954036
322.194 0.000640219 15659388 0.00958567
323.707 0.000643778 15207864 0.00963896
325.228 0.000647755 14736132 0.0096985
326.755 0.000651032 14255596 0.00974757
328.29 0.000654467 13762332 0.009799
329.831 0.000658234 13252296 0.0098554
331.38 0.000661068 12731268 0.00989784
332.936 0.000664288 12198720 0.00994605
334.5 0.000667041 11649660 0.00998726
336.07 0.000667509 11081952 0.00999428
337.648 0.000667816 10500652 0.00999888
339.233 0.000667299 9911376 0.00999112
340.826 0.000663176 9301473 0.0099294
342.428 0.000657615 8737218 0.00984613
344.037 0.000655769 8239530 0.0098185
345.653 0.000656006 7788972 0.00982204
347.276 0.000658144 7357452 0.00985405
348.907 0.000658506 6958434 0.00985948
350.546 0.000659279 6572454 0.00987105
352.193 0.000659799 6204966 0.00987883
353.846 0.000662918 5851524 0.00992554
355.508 0.000665213 5518854 0.00995989
357.178 0.000669924 5192928 0.0100304
358.855 0.000674582 4883690 0.0101002
360.541 0.000679347 4585122 0.0101715
362.234 0.000685386 4294452 0.0102619
363.936 0.000691615 4020870 0.0103552
365.645 0.000697995 3750774 0.0104507
367.362 0.000705708 3496122 0.0105662
369.087 0.000715139 3250038 0.0107074
370.821 0.00072483 3010904 0.0108525
372.561 0.000734919 2783520 0.0110036
374.311 0.000744796 2566482 0.0111515
376.069 0.000757957 2355504 0.0113485
377.834 0.000765685 2154350 0.0114642
379.608 0.000782791 1964322 0.0117203
381.39 0.000798173 1782180 0.0119506
383.182 0.000812452 1608354 0.0121644
384.981 0.000833493 1442012 0.0124795
386.789 0.000850777 1285878 0.0127383
388.604 0.000870292 1137636 0.0130304
390.428 0.000889841 999476 0.0133231
392.259 0.000911183 867846 0.0136427
394.098 0.000941549 746768 0.0140973
395.947 0.000967323 636276 0.0144832
397.808 0.0010051 532566 0.0150488
399.672 0.00104506 435044 0.0156471
401.544 0.00108549 351690 0.0162525
403.43 0.00112607 275630 0.0168601
405.315 0.00117827 204876 0.0176417
407.208 0.00121143 150770 0.0181381
409.126 0.00124345 100542 0.0186175
411.007 0.00132256 59294 0.019802
412.885 0.00138586 32538 0.0207497
414.786 0.00148068 11726 0.0221694
416.481 0.00154856 1560 0.0231857
417.899 1.60957e-05 1 0.000240992
