# in Mpc/h Units 
# D1 = 0.185087 
# k P N P(z=0)
0.314159 30.4805 6 889.755
0.444288 16 12 467.054
0.54414 10.5551 8 308.114
0.628319 7.26292 6 212.011
0.702481 5.12302 24 149.546
0.76953 4.80981 24 140.403
0.888577 3.39496 12 99.1021
0.942478 3.42472 30 99.9708
0.993459 2.2933 24 66.9436
1.04195 2.46121 24 71.8451
1.08828 2.47516 8 72.2523
1.13272 1.69135 24 49.372
1.17548 1.88876 48 55.1348
1.25664 1.7162 6 50.0974
1.29531 1.50635 48 43.9717
1.33286 1.19906 36 35.0017
1.36939 1.40585 24 41.0379
1.40496 1.81828 24 53.0773
1.43966 1.10261 48 32.1863
1.47354 1.1938 24 34.8482
1.53906 1.22979 24 35.8986
1.5708 1.05382 30 30.762
1.6019 0.946292 72 27.6232
1.63242 0.845997 32 24.6954
1.6918 0.719101 72 20.9912
1.72072 1.14175 48 33.3288
1.77715 1.08559 12 31.6893
1.80471 0.895045 48 26.1272
1.83185 0.715639 48 20.8902
1.85859 0.682563 48 19.9247
1.88496 0.481685 30 14.0609
1.91096 0.458042 24 13.3707
1.93661 0.622991 72 18.1857
1.98692 0.484698 24 14.1488
2.0116 0.706642 96 20.6275
2.03598 0.613063 48 17.8959
2.06008 0.522844 24 15.2623
2.0839 0.51966 24 15.1693
2.10744 0.545044 72 15.9103
2.13073 0.563756 48 16.4566
2.17656 0.234673 8 6.85031
2.19911 0.444269 54 12.9686
2.22144 0.429086 84 12.5254
2.24355 0.46399 48 13.5443
2.26543 0.517949 24 15.1194
2.28711 0.487258 72 14.2235
2.30859 0.519761 96 15.1723
2.35095 0.333436 48 9.7333
2.37185 0.516581 48 15.0795
2.39257 0.526121 24 15.358
2.4131 0.337096 72 9.84015
2.45366 0.47208 72 13.7805
2.47369 0.396454 96 11.5729
2.51327 0.366821 6 10.7078
2.53283 0.361885 96 10.5638
2.55224 0.455371 96 13.2927
2.5715 0.386633 24 11.2862
2.59062 0.394771 48 11.5237
2.6096 0.405199 96 11.8281
2.62844 0.431283 48 12.5895
2.66573 0.430818 36 12.576
2.68418 0.338974 48 9.89496
2.7025 0.333544 120 9.73646
2.7207 0.283265 56 8.26877
2.73878 0.297348 24 8.67987
2.75674 0.230553 96 6.73005
2.77458 0.354713 48 10.3544
2.80993 0.327382 24 9.55658
2.82743 0.312224 102 9.11411
2.84483 0.312766 48 9.12994
2.86213 0.270956 72 7.90947
2.87932 0.285786 48 8.34237
2.89641 0.237066 48 6.92018
2.91339 0.318796 120 9.30596
2.94708 0.20475 24 5.97685
2.96377 0.283009 144 8.26129
2.98038 0.311511 120 9.09329
2.99689 0.257696 48 7.52237
3.02964 0.265269 48 7.74345
3.04589 0.2502 96 7.30358
3.07812 0.212572 24 6.20517
3.09411 0.278917 48 8.14186
3.11002 0.267244 108 7.80109
3.12585 0.209815 72 6.1247
3.14159 0.213147 30 6.22198
3.15726 0.286769 168 8.37106
3.17285 0.379684 48 11.0833
3.20381 0.235161 72 6.86457
3.21917 0.212632 96 6.20693
3.23447 0.234259 72 6.83824
3.24969 0.24826 72 7.24694
3.26484 0.234279 32 6.83882
3.27992 0.188826 72 5.51202
3.29493 0.278709 144 8.13578
3.33956 0.246439 96 7.19379
3.3543 0.157259 96 4.59055
3.36898 0.182393 48 5.32423
3.3836 0.238254 72 6.95487
3.39815 0.252083 120 7.35854
3.41264 0.284561 72 8.3066
3.44144 0.19566 48 5.7115
3.45575 0.224347 78 6.5489
3.47 0.189542 120 5.53292
3.48419 0.21969 48 6.41296
3.51241 0.164069 144 4.78932
3.52643 0.193431 144 5.64643
3.55431 0.16188 12 4.72542
3.56816 0.234445 144 6.84366
3.58197 0.285282 48 8.32765
3.59963 0.188847 168 5.51262
3.62306 0.20072 48 5.8592
3.63666 0.201572 168 5.88408
3.67266 0.193472 144 5.64762
3.69054 0.200863 96 5.86338
3.70388 0.156996 72 4.58286
3.71718 0.148084 48 4.3227
3.73484 0.194851 144 5.68789
3.76991 0.182839 30 5.33724
3.79166 0.182681 288 5.33263
3.80898 0.201255 56 5.87483
3.83319 0.174718 192 5.10017
3.84765 0.19745 120 5.76374
3.8817 0.192714 216 5.62551
3.89861 0.171077 96 4.99391
3.91125 0.126889 96 3.70401
3.9364 0.181675 72 5.30327
3.94892 0.19516 96 5.69691
3.97384 0.168716 24 4.92499
3.99068 0.15653 300 4.56927
4.01092 0.138906 24 4.05479
4.02933 0.169675 192 4.95297
4.04766 0.192723 120 5.62577
4.07197 0.101821 48 2.97226
4.0919 0.155421 222 4.53689
4.10817 0.146481 120 4.27592
4.13063 0.166465 192 4.85926
4.14405 0.162386 144 4.74019
4.16779 0.133504 24 3.89711
4.18748 0.142067 144 4.14706
4.20316 0.170945 120 4.99005
4.2222 0.16889 192 4.93006
4.23824 0.150087 144 4.38119
4.26146 0.134176 48 3.91672
4.27797 0.153552 336 4.48234
4.29606 0.117992 48 3.44431
4.32126 0.139043 240 4.0588
4.35312 0.155599 8 4.54208
4.36444 0.147347 48 4.3012
4.37895 0.133905 336 3.9088
4.40596 0.13918 174 4.0628
4.42061 0.132599 120 3.87069
4.44989 0.139439 228 4.07035
4.47135 0.149147 168 4.35374
4.49441 0.15535 144 4.53482
4.50903 0.130972 240 3.82319
4.53087 0.147678 24 4.31087
4.54485 0.146156 336 4.26643
4.56883 0.108583 144 3.16964
4.58961 0.122057 168 3.56296
4.61718 0.133129 96 3.88616
4.63377 0.12958 216 3.78256
4.66325 0.126682 288 3.69796
4.68087 0.143645 144 4.19312
4.70985 0.139738 198 4.07907
4.72865 0.0988258 216 2.88482
4.75112 0.137378 168 4.0102
4.76446 0.118027 240 3.44533
4.79396 0.142111 168 4.14835
4.81157 0.109884 336 3.20762
4.8405 0.128384 240 3.74765
4.8819 0.110697 276 3.23134
4.90919 0.135319 344 3.95008
4.9274 0.101122 144 2.95185
4.95336 0.121214 240 3.53835
4.97264 0.117574 312 3.4321
5.0049 0.121177 240 3.53728
5.02655 0.0737509 6 2.15286
5.04369 0.123982 384 3.61914
5.0724 0.10516 312 3.06972
5.09618 0.115119 168 3.36043
5.12103 0.127895 336 3.73338
5.14917 0.105099 336 3.06794
5.16216 0.118302 192 3.45334
5.19393 0.109279 288 3.18996
5.21395 0.0918492 216 2.68116
5.23525 0.095888 240 2.79906
5.26744 0.100917 384 2.94586
5.28498 0.105825 72 3.08912
5.3076 0.111376 336 3.25118
5.34569 0.102473 378 2.99129
5.36222 0.0831313 144 2.42668
5.38155 0.0932831 384 2.72302
5.41298 0.0896796 384 2.61783
5.43886 0.101389 344 2.95963
5.45951 0.0864804 144 2.52444
5.49081 0.0954951 456 2.78759
5.51553 0.0871513 312 2.54403
5.53728 0.0880253 144 2.56954
5.56768 0.100386 552 2.93036
5.59826 0.102285 264 2.98578
5.62783 0.0905808 264 2.64414
5.64631 0.0916295 294 2.67475
5.66891 0.0971804 432 2.83679
5.69929 0.0852049 432 2.48721
5.72582 0.0758956 264 2.21546
5.74576 0.0765822 192 2.23551
5.77837 0.0830136 468 2.42325
5.80465 0.089969 552 2.62628
5.83524 0.078481 336 2.29093
5.86196 0.0783494 288 2.28709
5.88885 0.0826733 456 2.41331
5.91828 0.0868165 432 2.53425
5.93942 0.0834272 168 2.43532
5.97346 0.0787509 566 2.29881
6.00383 0.078331 432 2.28655
6.03753 0.0774925 432 2.26208
6.05765 0.0796391 360 2.32474
6.08553 0.0852829 624 2.48949
6.11016 0.0696735 264 2.03383
6.1359 0.0800121 360 2.33563
6.17267 0.0742446 456 2.16727
6.19846 0.0836245 504 2.44108
6.23352 0.0719921 564 2.10152
6.26302 0.0715937 384 2.08989
6.29378 0.0823801 462 2.40475
6.32143 0.0780342 624 2.27789
6.35606 0.0732304 432 2.13766
6.38387 0.0766632 624 2.23787
6.4159 0.0787583 312 2.29903
6.44034 0.0750319 552 2.19025
6.47521 0.0714436 408 2.08551
6.4939 0.0805358 600 2.35092
6.53503 0.0704566 608 2.05669
6.56485 0.0666038 504 1.94423
6.59664 0.0676456 510 1.97464
6.62898 0.065455 600 1.91069
6.66071 0.0661085 492 1.92977
6.68361 0.0665943 552 1.94395
6.72229 0.0653966 696 1.90899
6.74598 0.0615261 504 1.796
6.77945 0.0610747 528 1.78283
6.80746 0.0650208 624 1.89802
6.83939 0.0651003 504 1.90034
6.87445 0.0618466 552 1.80536
6.90783 0.0604013 654 1.76317
6.93959 0.0641328 840 1.8721
6.97409 0.068001 744 1.98501
7.00741 0.0637986 456 1.86234
7.03677 0.0621736 648 1.81491
7.0753 0.0639739 896 1.86746
7.10524 0.0649438 396 1.89577
7.13632 0.0606079 816 1.7692
7.17401 0.0532713 672 1.55504
7.20038 0.0616044 552 1.79829
7.23702 0.0637076 894 1.85968
7.27234 0.0658278 672 1.92158
7.30559 0.0534437 624 1.56007
7.33921 0.0594528 888 1.73548
7.3688 0.0576805 720 1.68375
7.40895 0.0550284 936 1.60633
7.44885 0.0549414 648 1.60379
7.48186 0.0579149 936 1.69059
7.51427 0.0620757 696 1.81205
7.55531 0.0607927 618 1.7746
7.58487 0.0529299 1008 1.54507
7.61849 0.060642 872 1.7702
7.65737 0.0585245 960 1.70839
7.69668 0.0540508 888 1.57779
7.72847 0.0541464 648 1.58059
7.76442 0.0553626 840 1.61609
7.79705 0.0511082 912 1.4919
7.83408 0.0539044 774 1.57352
7.87257 0.0550599 1272 1.60725
7.91246 0.0533583 912 1.55758
7.95094 0.0545792 864 1.59322
7.98724 0.0503943 924 1.47106
8.02142 0.051934 1080 1.516
8.06273 0.0534402 1008 1.55997
8.09946 0.0476041 1128 1.38961
8.14393 0.0464807 768 1.35681
8.17502 0.0496307 1046 1.44877
8.2152 0.0511073 1152 1.49187
8.25601 0.0488417 1272 1.42574
8.29592 0.0482375 912 1.4081
8.33191 0.0489031 1200 1.42753
8.37325 0.0461305 1080 1.34659
8.40498 0.0505171 840 1.47464
8.45084 0.046244 1332 1.34991
8.48913 0.0473592 1062 1.38246
8.52681 0.0450635 1320 1.31545
8.571 0.0443674 1248 1.29513
8.60833 0.0493652 1104 1.44102
8.65005 0.0448813 1392 1.31013
8.68693 0.0453893 776 1.32496
8.73005 0.0423731 1728 1.23691
8.77244 0.0450373 1224 1.31468
8.81651 0.0387439 1254 1.13097
8.85893 0.0416573 1368 1.21602
8.89912 0.0404548 1236 1.18091
8.93741 0.0415863 1608 1.21394
8.98308 0.0430828 1008 1.25763
9.01647 0.0423766 1488 1.23701
9.0649 0.0439944 1440 1.28424
9.10803 0.0434431 1158 1.26815
9.14809 0.0401991 1824 1.17345
9.19097 0.0422116 1464 1.2322
9.23816 0.0377116 1448 1.10084
9.27848 0.0411403 1560 1.20092
9.32418 0.0401147 1428 1.17098
9.36737 0.041001 1680 1.19686
9.41383 0.037878 1494 1.10569
9.45819 0.0391737 1944 1.14352
9.50417 0.0404318 1368 1.18024
9.54561 0.0397774 1584 1.16114
9.58954 0.0396557 1776 1.15759
9.63134 0.0402974 1440 1.17632
9.67749 0.0407084 1968 1.18832
9.72378 0.0384041 1374 1.12105
9.76914 0.0373605 2100 1.09059
9.81572 0.0384476 1640 1.12232
9.86551 0.0375713 2496 1.09674
9.9123 0.0379088 1248 1.10659
9.94845 0.0370802 1512 1.08241
10.0002 0.037764 2280 1.10237
10.0491 0.0373853 1926 1.09131
10.0953 0.0354469 2064 1.03473
10.1462 0.03749 1920 1.09437
10.1883 0.0341886 1944 0.997996
10.2408 0.0350275 2172 1.02249
10.2901 0.0362927 2256 1.05942
10.3372 0.0354365 1736 1.03442
10.3847 0.0329097 2094 0.960665
10.433 0.0348125 2328 1.01621
10.4818 0.0352185 2256 1.02806
10.5302 0.0359874 1920 1.05051
10.5776 0.0325196 2520 0.949276
10.6299 0.0338623 2088 0.988471
10.6858 0.0322309 2634 0.940851
10.7342 0.0345594 2328 1.00882
10.7818 0.0336097 2304 0.981098
10.835 0.0310475 2568 0.906304
10.8856 0.0345068 2024 1.00729
10.928 0.0320231 2352 0.934783
10.982 0.0320099 2718 0.9344
11.0344 0.0317777 2520 0.927621
11.0896 0.0321417 2772 0.938246
11.1403 0.0304663 2640 0.889339
11.1945 0.0308379 2880 0.900186
11.2496 0.031758 2448 0.927046
11.2983 0.0302074 2478 0.881781
11.3489 0.0311157 2904 0.908297
11.4036 0.0295637 2816 0.862993
11.4546 0.0306108 3024 0.893559
11.5153 0.0308004 2952 0.899093
11.5679 0.0300912 2796 0.878391
11.6203 0.0285248 2982 0.832667
11.6775 0.0284118 3312 0.829368
11.7301 0.0280333 2688 0.818317
11.7844 0.0288008 3144 0.840722
11.8428 0.0289019 3672 0.843674
11.8939 0.0278266 2328 0.812285
11.9543 0.0287109 4046 0.838097
12.0117 0.0287647 2844 0.839669
12.0645 0.0289117 3600 0.843959
12.1216 0.0284388 3264 0.830155
12.1786 0.0279331 3288 0.815393
12.2342 0.027669 3198 0.807683
12.2899 0.0267316 3864 0.780321
12.3488 0.0261794 3456 0.764202
12.4064 0.0263655 3744 0.769634
12.468 0.0267054 3876 0.779554
12.5262 0.0258214 3392 0.75375
12.5835 0.0257246 3918 0.750925
12.6436 0.0270356 3864 0.789195
12.7041 0.0253981 4104 0.741394
12.76 0.0258913 3480 0.755792
12.8193 0.0258759 4080 0.755342
12.8832 0.024988 4170 0.729422
12.9428 0.0251896 4176 0.735308
13.004 0.0254773 4560 0.743705
13.0668 0.0244548 3656 0.713858
13.1234 0.024719 4344 0.721572
13.1905 0.0243683 4830 0.711332
13.2535 0.0243033 4416 0.709436
13.3128 0.0246183 3876 0.718631
13.3711 0.0246069 4752 0.718298
13.438 0.0236674 4968 0.690873
13.505 0.0230617 4494 0.673192
13.562 0.0237254 4200 0.692565
13.6284 0.0233991 5792 0.683042
13.6925 0.0237678 4224 0.693804
13.7578 0.0237507 5220 0.693305
13.8214 0.0229949 4590 0.671242
13.8828 0.0239672 5328 0.699626
13.951 0.0235768 5304 0.688229
14.0176 0.0220269 5040 0.642987
14.0783 0.0226621 4920 0.661528
14.1459 0.0222109 5750 0.648357
14.2151 0.0214553 5388 0.626299
14.2795 0.0218145 5784 0.636787
14.3486 0.0218424 5400 0.637599
14.4152 0.021837 5640 0.637443
14.4848 0.0217712 5934 0.635521
14.5518 0.0209339 6120 0.611081
14.6213 0.0212092 5544 0.619116
14.6889 0.0208782 6164 0.609454
14.7577 0.0212483 5838 0.620259
14.823 0.020647 6144 0.602707
14.8954 0.0205961 6288 0.60122
14.9629 0.0204755 6576 0.597699
15.0374 0.0198105 6504 0.578288
15.1094 0.0202311 6594 0.590565
15.1805 0.0202484 7008 0.591069
15.2501 0.020101 6200 0.586767
15.3206 0.0199903 6768 0.583535
15.3938 0.0197734 7182 0.577204
15.4649 0.0198896 6864 0.580597
15.5381 0.0193093 7308 0.563655
15.6102 0.0194203 6744 0.566897
15.6826 0.0191922 7686 0.560239
15.7587 0.0192564 7280 0.562113
15.831 0.0194015 7920 0.566347
15.9075 0.0191222 7560 0.558196
15.9799 0.0189926 6948 0.554413
16.0529 0.0187203 8430 0.546463
16.1323 0.0184399 8328 0.538278
16.2083 0.0185966 7824 0.542851
16.284 0.0183799 8160 0.536527
16.3583 0.0180561 8030 0.527074
16.4387 0.0182061 9372 0.531454
16.5156 0.0179715 7968 0.524606
16.5913 0.017665 8568 0.515659
16.6713 0.017896 8934 0.522402
16.7473 0.0172654 8952 0.503994
16.8262 0.0172959 8880 0.504883
16.9073 0.0172189 9548 0.502636
16.987 0.0172396 9126 0.50324
17.0656 0.0171696 9384 0.501196
17.1437 0.016812 9288 0.490759
17.2234 0.0174583 9792 0.509624
17.3058 0.0167678 9570 0.489467
17.3855 0.0171982 10376 0.502032
17.4681 0.0167594 10152 0.489222
17.5516 0.0159151 9960 0.464576
17.6323 0.0167624 10782 0.489311
17.7188 0.0163392 10992 0.476958
17.8032 0.0161468 10452 0.47134
17.8848 0.0165249 10806 0.482377
17.9713 0.015829 11312 0.462063
18.0539 0.0162023 11112 0.472959
18.1377 0.0161001 10848 0.469976
18.2224 0.0154263 11394 0.450308
18.3067 0.0154653 11952 0.451445
18.3923 0.0157531 11352 0.459847
18.4801 0.0152664 12584 0.445639
18.5699 0.0153652 12390 0.448526
18.6572 0.0150609 12252 0.439642
18.7424 0.0150549 12240 0.439466
18.8315 0.0150716 12486 0.439954
18.9182 0.0147012 13080 0.429141
19.007 0.01483 12968 0.432903
19.0958 0.0143287 12612 0.418268
19.1845 0.0148784 13974 0.434313
19.2771 0.0142012 13944 0.414547
19.3664 0.0142055 12840 0.414673
19.455 0.0141579 14358 0.413284
19.5497 0.0142027 14588 0.414592
19.6422 0.0140877 14688 0.411233
19.733 0.0140481 13560 0.410078
19.8252 0.0137733 15582 0.402056
19.9184 0.0136618 14544 0.398801
20.0117 0.0136041 15420 0.397118
20.1076 0.0137711 15614 0.401991
20.1995 0.0135448 14880 0.395385
20.2937 0.0130925 16728 0.382183
20.3922 0.0132062 15690 0.3855
20.4858 0.0132999 16248 0.388236
20.5801 0.0131037 16584 0.38251
20.6798 0.0128188 16904 0.374192
20.7774 0.0129382 17430 0.377679
20.875 0.0129627 16908 0.378395
20.9715 0.0129194 17640 0.377131
21.072 0.0126567 17550 0.369462
21.17 0.0127408 18696 0.371917
21.2704 0.0125175 17792 0.365397
21.3695 0.0126572 18138 0.369475
21.4685 0.0125136 19392 0.365283
21.5707 0.012103 18768 0.353298
21.671 0.0122303 19038 0.357013
21.7719 0.0120922 19460 0.352984
21.8722 0.0121975 19992 0.356056
21.98 0.0119033 21174 0.34747
22.0835 0.0117284 20040 0.342364
22.1864 0.0117948 20628 0.344302
22.2901 0.0117742 20798 0.343699
22.3939 0.011265 21480 0.328835
22.4995 0.0115514 21792 0.337195
22.6057 0.0112783 21414 0.329224
22.7118 0.0113556 23100 0.331481
22.8187 0.0111714 21992 0.326104
22.9267 0.0111589 23406 0.32574
23.0333 0.0110303 22536 0.321984
23.142 0.0111891 24348 0.32662
23.2521 0.0109934 23598 0.320907
23.3607 0.0110005 24224 0.321115
23.4703 0.0107872 24648 0.314888
23.5813 0.0108447 24618 0.316568
23.6872 0.0106697 24192 0.31146
23.7989 0.0106414 26208 0.310632
23.9113 0.0104706 25790 0.305645
24.0243 0.0103583 26916 0.302368
24.1376 0.0103011 26214 0.300699
24.251 0.0103632 27528 0.302512
24.3653 0.0101857 27720 0.297331
24.4805 0.0102891 27122 0.300348
24.5934 0.0101159 28632 0.295292
24.7099 0.00999111 28680 0.29165
24.8261 0.0101604 28722 0.296593
24.9416 0.00983315 30000 0.287039
25.0602 0.00984158 29408 0.287285
25.1775 0.00982096 30678 0.286683
25.2958 0.00968993 30660 0.282858
25.4157 0.00962306 31494 0.280906
25.5352 0.00964551 31448 0.281561
25.6542 0.00948973 32160 0.277014
25.7771 0.00940519 33090 0.274546
25.8975 0.00930387 32664 0.271589
26.0182 0.00927733 32718 0.270814
26.1396 0.00925755 34472 0.270237
26.263 0.00917596 34260 0.267855
26.3857 0.00917831 34302 0.267924
26.5078 0.00898399 35472 0.262251
26.6335 0.00896025 36020 0.261558
26.7594 0.00895274 36942 0.261339
26.885 0.0088249 36360 0.257607
27.0121 0.00867531 38166 0.25324
27.1378 0.00881549 36804 0.257332
27.2642 0.00871278 38864 0.254334
27.3935 0.00862429 39366 0.251751
27.5233 0.00863225 40068 0.251984
27.6514 0.00856406 38910 0.249993
27.7803 0.00855108 41360 0.249614
27.9112 0.00845567 40782 0.246829
28.0415 0.00831317 42204 0.242669
28.1725 0.00831694 41544 0.242779
28.3057 0.00822184 44510 0.240003
28.4397 0.0081491 42948 0.23788
28.5725 0.00818886 44478 0.23904
28.7083 0.00807772 46032 0.235796
28.8439 0.00790503 44402 0.230755
28.977 0.00794985 46320 0.232064
29.1132 0.00786299 46848 0.229528
29.2508 0.00775888 47814 0.226489
29.3881 0.00775068 48260 0.22625
29.5284 0.00775805 49758 0.226465
29.6664 0.00759855 49032 0.221809
29.8052 0.00752648 49770 0.219705
29.9443 0.00749069 51056 0.21866
30.0844 0.00748768 51504 0.218572
30.2265 0.00745069 52866 0.217493
30.3681 0.00744607 52848 0.217358
30.5114 0.00726275 54542 0.212007
30.6547 0.00730109 54276 0.213126
30.7979 0.00723344 55062 0.211151
30.9419 0.00710363 56568 0.207362
31.0885 0.00713746 57266 0.208349
31.2344 0.00704172 58056 0.205554
31.3808 0.00699341 57750 0.204144
31.5277 0.0068893 60380 0.201105
31.6771 0.00687837 60390 0.200786
31.826 0.00680598 61608 0.198673
31.9756 0.00680363 61362 0.198604
32.1255 0.00672564 63752 0.196328
32.277 0.00678553 63528 0.198076
32.4277 0.0067038 64050 0.19569
32.5774 0.00665086 64784 0.194145
32.7324 0.00661263 68814 0.193029
32.8871 0.00654704 66156 0.191114
33.0405 0.0064777 68718 0.18909
33.1949 0.00643727 69104 0.18791
33.3524 0.00638256 71682 0.186313
33.5091 0.00637843 70512 0.186192
33.6653 0.0063969 72278 0.186732
33.8241 0.00633626 74532 0.184961
33.9843 0.00618257 74454 0.180475
34.1435 0.00620906 75540 0.181248
34.3039 0.00619798 76526 0.180925
34.4657 0.00611739 78648 0.178572
34.6274 0.00609537 77370 0.17793
34.7862 0.00602153 78272 0.175774
34.9499 0.00598147 82710 0.174605
35.1157 0.00596029 82146 0.173986
35.2805 0.00591492 83712 0.172662
35.4469 0.00587707 84710 0.171557
35.6137 0.00583 86172 0.170183
35.7812 0.00571844 86406 0.166927
35.9482 0.00568677 88244 0.166002
36.1176 0.00564256 89670 0.164712
36.2871 0.00564577 90792 0.164805
36.4592 0.00553994 93194 0.161716
36.6302 0.00555231 92352 0.162077
36.8018 0.00549756 94914 0.160479
36.9741 0.00548045 95504 0.159979
37.1476 0.00543522 97230 0.158659
37.3221 0.00538872 98802 0.157302
37.4979 0.00535358 100952 0.156276
37.6734 0.00530736 99990 0.154927
37.8491 0.00527411 103356 0.153956
38.0283 0.00523365 105014 0.152775
38.2074 0.00519356 106548 0.151605
38.3868 0.00514002 106302 0.150042
38.5653 0.00512914 108002 0.149724
38.7463 0.00507101 111696 0.148028
38.9299 0.00507502 112158 0.148145
39.1123 0.00499035 113300 0.145673
39.2962 0.00495323 115302 0.144589
39.4808 0.00488287 117396 0.142536
39.6656 0.00484103 117158 0.141314
39.8521 0.00479707 121470 0.140031
40.0388 0.00482016 120660 0.140705
40.2277 0.00479125 125030 0.139861
40.4172 0.00472121 125388 0.137817
40.6079 0.00468606 128094 0.13679
40.798 0.00468361 127058 0.136719
40.9891 0.00469297 132336 0.136992
41.1824 0.00462509 132006 0.135011
41.3752 0.00458857 134162 0.133945
41.57 0.00454503 137760 0.132674
41.7662 0.00449666 137802 0.131262
41.9607 0.00446491 139016 0.130335
42.1586 0.00444993 144354 0.129898
42.357 0.00439639 142814 0.128335
42.5542 0.00435603 145932 0.127157
42.7541 0.0043369 148206 0.126598
42.9546 0.00431376 150566 0.125923
43.1564 0.00425856 152820 0.124311
43.3597 0.00422468 155142 0.123322
43.5635 0.00419491 157220 0.122453
43.7684 0.00414903 159198 0.121114
43.9736 0.00412867 160994 0.12052
44.1803 0.00410838 164544 0.119928
44.3876 0.00406185 165282 0.118569
44.5959 0.00402057 168350 0.117364
44.8055 0.0040124 171660 0.117126
45.0168 0.003947 173622 0.115217
45.2281 0.00393377 175034 0.11483
45.4403 0.00393304 178512 0.114809
45.6526 0.00386745 178646 0.112895
45.8674 0.00384078 185466 0.112116
46.0836 0.00383722 185382 0.112012
46.2996 0.00379513 188252 0.110783
46.5177 0.00375413 192126 0.109587
46.7365 0.00372013 193562 0.108594
46.9554 0.00368859 196176 0.107674
47.1763 0.00364275 200130 0.106335
47.3979 0.00363881 201326 0.10622
47.6197 0.00361151 204972 0.105423
47.8437 0.00357853 208406 0.104461
48.0672 0.00356652 208362 0.10411
48.2937 0.0035552 217662 0.10378
48.5225 0.00350489 217124 0.102311
48.7491 0.00348115 217446 0.101618
48.9778 0.00343536 224690 0.100281
49.2073 0.00342534 224058 0.099989
49.4385 0.00337103 231848 0.0984036
49.6727 0.00334628 233994 0.0976811
49.9056 0.00333155 234198 0.0972509
50.1391 0.00330848 239708 0.0965777
50.3754 0.00326756 243630 0.095383
50.6128 0.00324677 247010 0.0947763
50.8493 0.00322771 246414 0.0942197
51.0868 0.00319948 253772 0.0933958
51.327 0.0031697 256902 0.0925267
51.5685 0.00314536 261066 0.091816
51.8119 0.00312743 265958 0.0912925
52.0548 0.00308045 265098 0.0899212
52.2978 0.00306204 271424 0.0893839
52.5441 0.0030265 276858 0.0883464
52.7923 0.00301859 281186 0.0881154
53.0408 0.00299814 282918 0.0875186
53.2887 0.00296925 285146 0.0866751
53.5387 0.00294406 293280 0.0859399
53.7907 0.00291495 294602 0.0850901
54.0436 0.00290561 301278 0.0848174
54.2977 0.00288912 302954 0.0843362
54.5519 0.00285709 307674 0.0834011
54.8068 0.00283855 310560 0.08286
55.0651 0.00279879 320834 0.0816992
55.3252 0.0027794 321582 0.0811334
55.5848 0.00275612 325226 0.0804537
55.8457 0.00275107 331422 0.0803063
56.1082 0.00272461 335066 0.079534
56.3718 0.00269678 341340 0.0787215
56.636 0.00265779 342038 0.0775834
56.9014 0.00265999 351354 0.0776476
57.1695 0.00263953 355478 0.0770502
57.4384 0.00260627 360066 0.0760795
57.7081 0.00258173 364634 0.0753631
57.9785 0.00256351 369072 0.0748313
58.2513 0.00255039 377642 0.0744481
58.5263 0.00253127 382074 0.0738903
58.8009 0.00248813 384014 0.0726307
59.0769 0.0024683 393066 0.0720519
59.3537 0.00245013 393950 0.0715215
59.632 0.00242658 404154 0.0708342
59.9128 0.00241429 409178 0.0704754
60.1941 0.00239701 413334 0.0699711
60.4769 0.00237354 421196 0.0692859
60.7603 0.00235292 422658 0.0686839
61.0455 0.00234827 434990 0.0685483
61.333 0.00231771 437442 0.067656
61.6205 0.00230139 443066 0.0671796
61.91 0.00227788 452150 0.0664933
62.2007 0.00225513 455538 0.0658293
62.4924 0.00224366 463382 0.0654945
62.7855 0.00222085 468666 0.0648286
63.0808 0.00220081 479642 0.0642437
63.3779 0.00218985 482814 0.0639238
63.675 0.00217249 489386 0.0634169
63.9742 0.00215201 498642 0.0628193
64.275 0.0021322 503450 0.062241
64.5769 0.00211384 512838 0.0617048
64.8803 0.00209637 517586 0.0611951
65.1844 0.00207852 524372 0.0606739
65.4902 0.00205564 534270 0.0600061
65.7979 0.00203583 540386 0.0594279
66.1075 0.00203139 550938 0.0592981
66.418 0.00201439 554270 0.058802
66.7296 0.00199294 564978 0.0581758
67.0437 0.00197424 574370 0.0576299
67.359 0.00195776 579614 0.0571488
67.6749 0.00194585 587778 0.0568013
67.9926 0.0019264 596978 0.0562335
68.3122 0.00190458 606570 0.0555964
68.6334 0.00188796 613982 0.0551114
68.9554 0.0018826 621200 0.0549549
69.2789 0.00186413 631386 0.0544158
69.6042 0.00185343 640418 0.0541035
69.9318 0.0018403 651870 0.05372
70.2607 0.00181485 657770 0.0529771
70.5901 0.00179996 667082 0.0525424
70.9211 0.00178757 675810 0.052181
71.2543 0.00177266 689318 0.0517455
71.59 0.00175769 698754 0.0513086
71.9268 0.00174272 706922 0.0508717
72.2644 0.00172769 715562 0.0504328
72.6038 0.00170974 727662 0.0499089
72.9444 0.00170024 734426 0.0496317
73.2859 0.00168547 745746 0.0492004
73.6302 0.00166825 759698 0.0486979
73.9762 0.00165787 768140 0.0483948
74.3233 0.0016429 778770 0.0479579
74.6733 0.00162862 795842 0.0475408
75.0246 0.00161584 799442 0.0471679
75.377 0.00160502 816042 0.0468521
75.731 0.00158987 822038 0.0464097
76.0864 0.00156566 837722 0.045703
76.4436 0.00156239 846330 0.0456077
76.8023 0.00154437 860768 0.0450815
77.1634 0.00152471 873722 0.0445077
77.5261 0.00151629 885438 0.0442618
77.8907 0.00149981 898730 0.0437807
78.2565 0.00148737 908402 0.0434176
78.6236 0.00147406 923226 0.0430291
78.9927 0.0014595 933944 0.0426043
79.3633 0.00144798 949730 0.0422678
79.7358 0.00143881 961278 0.0420002
80.111 0.0014251 981218 0.0416001
80.488 0.00141391 989186 0.0412734
80.8652 0.00140035 1001016 0.0408775
81.2446 0.00138944 1019138 0.040559
81.6263 0.00137435 1032842 0.0401186
82.0093 0.00136738 1045394 0.039915
82.3948 0.00135737 1066230 0.039623
82.7823 0.00134233 1075496 0.039184
83.1703 0.00133039 1090154 0.0388353
83.5609 0.00132468 1110378 0.0386685
83.9539 0.00131303 1124666 0.0383285
84.3485 0.00129769 1139624 0.0378807
84.7448 0.00128483 1157114 0.0375053
85.1429 0.00127535 1171434 0.0372286
85.5426 0.00126423 1188494 0.0369041
85.9444 0.00125116 1205504 0.0365225
86.3487 0.00123826 1226594 0.0361459
86.7542 0.00122848 1235562 0.0358606
87.1612 0.00122082 1259120 0.0356368
87.5707 0.00120781 1274498 0.0352572
87.9822 0.00119772 1295594 0.0349627
88.3953 0.00118959 1308312 0.0347252
88.8105 0.0011739 1333922 0.0342671
89.2281 0.00116769 1348418 0.034086
89.6468 0.00115451 1366112 0.0337011
90.0678 0.00114812 1389738 0.0335146
90.4912 0.00113721 1407458 0.0331961
90.9162 0.00112597 1426520 0.0328683
91.3433 0.00111803 1448810 0.0326362
91.7723 0.00110803 1465802 0.0323443
92.203 0.00109906 1488456 0.0320826
92.6362 0.00109376 1510766 0.0319278
93.0711 0.00108371 1528298 0.0316344
93.5078 0.00107046 1552784 0.0312479
93.9477 0.0010608 1579538 0.0309657
94.3895 0.00105494 1595784 0.0307947
94.8326 0.00104271 1619930 0.0304377
95.2774 0.00103662 1637186 0.0302599
95.7247 0.0010263 1669616 0.0299587
96.1751 0.00101773 1691834 0.0297084
96.6264 0.00100652 1706952 0.0293813
97.0796 0.00100075 1739630 0.029213
97.5363 0.000992892 1765064 0.0289834
97.9942 0.000983748 1783538 0.0287165
98.4548 0.000975043 1817480 0.0284624
98.9176 0.000963368 1837034 0.0281216
99.3825 0.00095693 1866512 0.0279337
99.8492 0.000949572 1888242 0.0277189
100.318 0.000941088 1917056 0.0274712
100.789 0.000930455 1941554 0.0271609
101.263 0.000922487 1978040 0.0269283
101.739 0.000913447 1997426 0.0266644
102.216 0.000905875 2029256 0.0264433
102.696 0.000900131 2056370 0.0262757
103.179 0.000892252 2084000 0.0260457
103.663 0.000884026 2117778 0.0258055
104.15 0.000876154 2143952 0.0255758
104.639 0.000868816 2175614 0.0253615
105.131 0.000860888 2206400 0.0251301
105.624 0.000853176 2233970 0.024905
106.12 0.000845213 2276456 0.0246726
106.619 0.000839211 2301848 0.0244974
107.12 0.000831163 2332922 0.0242624
107.623 0.000825711 2366960 0.0241033
108.128 0.000818973 2397698 0.0239066
108.636 0.000811172 2436644 0.0236789
109.147 0.000803526 2472608 0.0234557
109.659 0.000798446 2503050 0.0233074
110.174 0.000788779 2535392 0.0230252
110.692 0.000782847 2581088 0.022852
111.212 0.000775551 2612762 0.0226391
111.734 0.00077106 2647964 0.022508
112.259 0.000763396 2687216 0.0222842
112.786 0.000757694 2724434 0.0221178
113.316 0.000749035 2765840 0.021865
113.849 0.00074166 2798504 0.0216498
114.383 0.000734841 2841326 0.0214507
114.92 0.000729949 2886128 0.0213079
115.46 0.000722689 2920808 0.021096
116.003 0.000715924 2967536 0.0208985
116.547 0.000710898 3000674 0.0207518
117.094 0.000705214 3050324 0.0205859
117.645 0.000699291 3094664 0.0204129
118.197 0.000693346 3136016 0.0202394
118.752 0.000687747 3179546 0.020076
119.31 0.000680692 3227060 0.01987
119.871 0.000674657 3271832 0.0196939
120.434 0.000668199 3315440 0.0195053
120.999 0.000663244 3363800 0.0193607
121.568 0.000659069 3414158 0.0192389
122.139 0.000652993 3459752 0.0190615
122.712 0.00064831 3508864 0.0189248
123.289 0.000641752 3560804 0.0187334
123.868 0.000635705 3608912 0.0185568
124.45 0.000630156 3660608 0.0183948
125.034 0.000625099 3707846 0.0182472
125.621 0.000619676 3769664 0.0180889
126.212 0.000614913 3822920 0.0179499
126.805 0.00061021 3863564 0.0178126
127.4 0.000604729 3930704 0.0176526
127.999 0.00059987 3986168 0.0175108
128.6 0.000595271 4034228 0.0173765
129.203 0.000589157 4090816 0.0171981
129.81 0.000585779 4160360 0.0170994
130.42 0.000579841 4213436 0.0169261
131.033 0.000574545 4270976 0.0167715
131.648 0.000569335 4332308 0.0166194
132.267 0.000564702 4395896 0.0164842
132.888 0.000560049 4454378 0.0163484
133.512 0.000555148 4517036 0.0162053
134.139 0.000549671 4588552 0.0160454
134.769 0.000544783 4651316 0.0159027
135.402 0.000539622 4711190 0.0157521
136.038 0.000535542 4782704 0.015633
136.677 0.000531069 4849964 0.0155024
137.319 0.000526582 4917080 0.0153714
137.964 0.000521949 4985260 0.0152362
138.612 0.000517403 5060456 0.0151035
139.263 0.000513024 5127788 0.0149756
139.917 0.000508759 5201672 0.0148512
140.575 0.000504689 5278196 0.0147323
141.235 0.000499737 5350384 0.0145878
141.898 0.000495992 5423492 0.0144785
142.565 0.000491599 5504720 0.0143502
143.235 0.000487353 5581268 0.0142263
143.907 0.00048388 5659270 0.0141249
144.583 0.000479441 5736332 0.0139953
145.262 0.000475291 5823104 0.0138742
145.945 0.000471409 5909900 0.0137609
146.631 0.000467452 5986168 0.0136454
147.319 0.00046357 6064034 0.0135321
148.01 0.000459119 6162248 0.0134021
148.706 0.000455104 6249932 0.0132849
149.405 0.000451454 6331588 0.0131784
150.107 0.000447405 6424736 0.0130602
150.812 0.000443883 6515066 0.0129574
151.52 0.000439441 6607552 0.0128277
152.231 0.000435884 6691412 0.0127239
152.946 0.000432229 6796676 0.0126172
153.665 0.000428608 6894838 0.0125115
154.387 0.00042496 6983324 0.012405
155.112 0.000421935 7094120 0.0123167
155.84 0.00041802 7182634 0.0122024
156.572 0.000413647 7295588 0.0120747
157.308 0.000410269 7389992 0.0119761
158.047 0.00040773 7499434 0.011902
158.789 0.000403961 7606244 0.011792
159.535 0.000400056 7703654 0.011678
160.284 0.0003961 7823908 0.0115625
161.037 0.000393352 7933148 0.0114823
161.793 0.000390533 8035210 0.0114
162.553 0.000387343 8168648 0.0113069
163.317 0.000384425 8270402 0.0112217
164.085 0.000381067 8396284 0.0111237
164.855 0.000378037 8496608 0.0110353
165.629 0.0003747 8636482 0.0109378
166.407 0.000371342 8744780 0.0108398
167.189 0.000368481 8878274 0.0107563
167.974 0.00036483 8998288 0.0106497
168.763 0.000362046 9127058 0.0105685
169.555 0.000359167 9258676 0.0104844
170.352 0.000356205 9394994 0.010398
171.152 0.000352784 9518530 0.0102981
171.956 0.000350351 9652352 0.0102271
172.764 0.000347366 9800506 0.0101399
173.576 0.00034444 9929156 0.0100545
174.391 0.000341558 10079002 0.00997039
175.21 0.000338465 10202930 0.00988012
176.032 0.000335825 10362148 0.00980306
176.86 0.000333043 10508450 0.00972184
177.69 0.000330244 10647784 0.00964012
178.525 0.000328137 10817954 0.00957862
179.364 0.000325358 10950034 0.0094975
180.206 0.000322542 11116484 0.0094153
181.053 0.00032015 11277610 0.00934547
181.903 0.000317629 11430154 0.00927189
182.757 0.000314886 11580074 0.00919181
183.615 0.000312454 11759140 0.00912082
184.478 0.000309793 11924378 0.00904315
185.344 0.000307384 12099850 0.00897283
186.215 0.000305484 12260050 0.00891736
187.09 0.000302838 12439484 0.00884014
187.968 0.000300336 12606226 0.00876709
188.851 0.000298406 12800474 0.00871076
189.739 0.000296247 12964258 0.00864774
190.629 0.000294005 13155874 0.00858228
191.525 0.000291512 13345394 0.00850951
192.424 0.000289514 13525540 0.00845118
193.328 0.000287411 13730122 0.00838979
194.237 0.00028531 13917890 0.00832846
195.149 0.000283157 14114938 0.00826562
196.066 0.000281168 14316682 0.00820757
196.987 0.000279299 14520626 0.00815299
197.912 0.000277031 14708962 0.00808679
198.841 0.000275352 14936002 0.00803779
199.775 0.000273209 15141986 0.00797523
200.714 0.000271175 15366994 0.00791585
201.657 0.000269135 15563242 0.00785631
202.604 0.000267304 15794614 0.00780286
203.555 0.000265405 16021226 0.00774742
204.511 0.000263978 16238338 0.00770578
205.472 0.000262083 16476706 0.00765044
206.437 0.000260748 16717282 0.00761147
207.407 0.000259203 16935730 0.00756638
208.381 0.000257351 17183270 0.0075123
209.36 0.000255992 17431546 0.00747266
210.343 0.000254312 17672128 0.00742361
211.331 0.000252927 17929450 0.00738316
212.324 0.000251389 18181246 0.00733828
213.321 0.000249956 18436154 0.00729646
214.323 0.000248516 18688066 0.00725443
215.33 0.000247526 18966160 0.00722553
216.341 0.000246203 19228342 0.0071869
217.357 0.000244875 19497994 0.00714813
218.378 0.000243778 19789402 0.0071161
219.404 0.000242491 20048224 0.00707854
220.434 0.000241752 20340694 0.00705697
221.47 0.000240717 20631698 0.00702677
222.51 0.000239873 20920738 0.00700213
223.555 0.000238978 21224764 0.00697598
224.605 0.000238013 21524794 0.00694782
225.66 0.00023739 21819694 0.00692964
226.72 0.000236657 22136776 0.00690824
227.785 0.000235962 22446490 0.00688796
228.855 0.00023565 22753708 0.00687883
229.93 0.000235018 23092930 0.00686039
231.01 0.000234422 23405020 0.006843
232.095 0.000234198 23744914 0.00683647
233.185 0.000233848 24090094 0.00682624
234.281 0.000233901 24416584 0.0068278
235.381 0.000233557 24763822 0.00681774
236.486 0.00023373 25116112 0.0068228
237.597 0.000233726 25474348 0.00682267
238.713 0.000234004 25839802 0.00683079
239.835 0.000234122 26191732 0.00683423
240.961 0.000234524 26563339 0.00684597
242.092 0.000233717 26678128 0.00682242
243.229 0.000232008 26655828 0.00677253
244.371 0.000230607 26675140 0.00673162
245.519 0.000229158 26644864 0.00668934
246.672 0.000227559 26631640 0.00664266
247.831 0.000226174 26619904 0.00660222
248.995 0.000224907 26596180 0.00656526
250.164 0.000223732 26557060 0.00653096
251.339 0.000222463 26532520 0.00649392
252.52 0.000221452 26493240 0.0064644
253.706 0.000220163 26453764 0.00642678
254.898 0.000218952 26412544 0.0063914
256.095 0.000217561 26360476 0.00635082
257.298 0.000216701 26299600 0.00632571
258.506 0.00021553 26254092 0.00629153
259.72 0.000214574 26178916 0.00626363
260.94 0.000213575 26116096 0.00623445
262.166 0.000212393 26040928 0.00619994
263.398 0.000211448 25967736 0.00617237
264.635 0.000210432 25862260 0.00614272
265.878 0.000209603 25796416 0.00611852
267.127 0.000208697 25689396 0.00609206
268.381 0.0002077 25577176 0.00606296
269.641 0.000206916 25489588 0.00604008
270.908 0.000205931 25373328 0.00601133
272.181 0.00020506 25250224 0.00598589
273.459 0.000204207 25122124 0.005961
274.744 0.000203779 24990660 0.00594849
276.034 0.000203072 24856192 0.00592787
277.331 0.00020233 24706228 0.00590619
278.633 0.000201818 24558204 0.00589127
279.942 0.000201382 24392068 0.00587853
281.256 0.000200915 24237480 0.0058649
282.578 0.000200456 24064336 0.0058515
283.905 0.000199913 23876980 0.00583564
285.238 0.000199381 23697324 0.00582012
286.578 0.000199169 23498488 0.00581392
287.924 0.000198857 23292324 0.00580482
289.276 0.000198503 23100964 0.00579448
290.635 0.000198373 22862988 0.0057907
292 0.000198013 22634848 0.00578019
293.371 0.000198126 22410012 0.00578349
294.749 0.000198051 22160572 0.00578131
296.134 0.000198101 21915600 0.00578276
297.525 0.000198247 21645516 0.00578702
298.922 0.000198271 21372232 0.00578771
300.326 0.000198358 21101172 0.00579025
301.737 0.000198641 20815564 0.00579852
303.154 0.000198986 20504628 0.00580859
304.578 0.000199383 20204736 0.00582018
306.008 0.000200012 19883356 0.00583853
307.446 0.000200327 19552848 0.00584772
308.89 0.000200729 19217196 0.00585946
310.34 0.000201457 18861736 0.0058807
311.798 0.000202205 18502836 0.00590255
313.262 0.000202909 18135780 0.00592311
314.734 0.000204021 17749600 0.00595558
316.212 0.000204902 17354232 0.00598129
317.697 0.000205783 16953228 0.00600701
319.189 0.000206966 16529656 0.00604154
320.688 0.000207909 16099164 0.00606905
322.194 0.000209088 15659388 0.00610348
323.707 0.000210329 15207864 0.00613969
325.228 0.000211567 14736132 0.00617583
326.755 0.000212808 14255596 0.00621206
328.29 0.000214251 13762332 0.00625419
329.831 0.000215841 13252296 0.00630059
331.38 0.000216979 12731268 0.00633382
332.936 0.000218122 12198720 0.00636719
334.5 0.00021898 11649660 0.00639223
336.07 0.000219711 11081952 0.00641358
337.648 0.000219922 10500652 0.00641972
339.233 0.000219232 9911376 0.00639958
340.826 0.000218114 9301473 0.00636695
342.428 0.000216946 8737218 0.00633285
344.037 0.000216407 8239530 0.00631711
345.653 0.000216687 7788972 0.00632529
347.276 0.000216543 7357452 0.0063211
348.907 0.000216999 6958434 0.00633439
350.546 0.000217676 6572454 0.00635416
352.193 0.000218276 6204966 0.00637168
353.846 0.000219375 5851524 0.00640375
355.508 0.000220416 5518854 0.00643416
357.178 0.000221746 5192928 0.00647296
358.855 0.000223275 4883690 0.00651761
360.541 0.000225012 4585122 0.00656832
362.234 0.000226106 4294452 0.00660026
363.936 0.000228502 4020870 0.00667018
365.645 0.000230929 3750774 0.00674105
367.362 0.000233915 3496122 0.0068282
369.087 0.000237268 3250038 0.00692606
370.821 0.000240356 3010904 0.00701622
372.561 0.00024324 2783520 0.0071004
374.311 0.000246925 2566482 0.00720797
376.069 0.00025047 2355504 0.00731146
377.834 0.000255542 2154350 0.0074595
379.608 0.00026165 1964322 0.00763782
381.39 0.000267463 1782180 0.00780749
383.182 0.000273021 1608354 0.00796975
384.981 0.000280632 1442012 0.00819192
386.789 0.00028705 1285878 0.00837926
388.604 0.000295135 1137636 0.00861527
390.428 0.000303379 999476 0.00885591
392.259 0.000313876 867846 0.00916234
394.098 0.000322933 746768 0.00942671
395.947 0.000331347 636276 0.00967234
397.808 0.000342481 532566 0.00999735
399.672 0.000356081 435044 0.0103943
401.544 0.000369632 351690 0.0107899
403.43 0.000386721 275630 0.0112887
405.315 0.000403418 204876 0.0117762
407.208 0.00042247 150770 0.0123323
409.126 0.000435205 100542 0.012704
411.007 0.000464517 59294 0.0135597
412.885 0.000482019 32538 0.0140706
414.786 0.000497138 11726 0.0145119
416.481 0.000513033 1560 0.0149759
417.899 0.00153665 1 0.0448563
