# in Mpc/h Units 
# D1 = 0.321902 
# k P N P(z=0)
0.314159 93.4752 6 902.086
0.444288 51.186 12 493.973
0.54414 34.0642 8 328.738
0.628319 24.9893 6 241.161
0.702481 16.6293 24 160.481
0.76953 16.2219 24 156.55
0.888577 9.85256 12 95.0826
0.942478 12.9266 30 124.749
0.993459 7.55126 24 72.8738
1.04195 9.24272 24 89.1973
1.08828 8.17763 8 78.9186
1.13272 7.62932 24 73.6271
1.17548 7.97905 48 77.0022
1.25664 5.03264 6 48.5677
1.29531 6.14319 48 59.2851
1.33286 4.65421 36 44.9156
1.36939 4.35589 24 42.0367
1.40496 5.85855 24 56.5382
1.43966 3.73025 48 35.999
1.47354 6.22915 24 60.1147
1.53906 4.3321 24 41.8071
1.5708 5.38354 30 51.9541
1.6019 3.99662 72 38.5695
1.63242 3.65505 32 35.2732
1.6918 2.69769 72 26.0341
1.72072 5.45258 48 52.6204
1.77715 5.09241 12 49.1446
1.80471 3.21835 48 31.0588
1.83185 2.95529 48 28.5202
1.85859 3.24145 48 31.2818
1.88496 1.66826 30 16.0996
1.91096 1.36916 24 13.2132
1.93661 3.042 72 29.3569
1.98692 3.20813 24 30.9602
2.0116 3.09824 96 29.8997
2.03598 2.91155 48 28.098
2.06008 2.94013 24 28.3738
2.0839 1.90892 24 18.4221
2.10744 2.78313 72 26.8587
2.13073 2.71916 48 26.2414
2.17656 2.76273 8 26.6618
2.19911 2.67116 54 25.7781
2.22144 2.61658 84 25.2514
2.24355 1.8727 48 18.0726
2.26543 2.72278 24 26.2763
2.28711 2.14611 72 20.7111
2.30859 2.44091 96 23.5561
2.35095 1.76342 48 17.0179
2.37185 2.71244 48 26.1765
2.39257 2.61587 24 25.2446
2.4131 1.9389 72 18.7115
2.45366 1.4741 72 14.2259
2.47369 1.71864 96 16.5858
2.51327 1.1623 6 11.2169
2.53283 1.8438 96 17.7937
2.55224 2.05282 96 19.8108
2.5715 1.0765 24 10.3888
2.59062 2.04944 48 19.7782
2.6096 1.9515 96 18.833
2.62844 1.86017 48 17.9517
2.66573 1.82157 36 17.5791
2.68418 1.90247 48 18.3599
2.7025 1.70068 120 16.4125
2.7207 1.68303 56 16.2422
2.73878 3.09346 24 29.8536
2.75674 1.91117 96 18.4438
2.77458 1.83442 48 17.7031
2.80993 2.60056 24 25.0968
2.82743 1.68513 102 16.2624
2.84483 1.54132 48 14.8746
2.86213 1.58064 72 15.2541
2.87932 1.7329 48 16.7235
2.89641 1.35995 48 13.1242
2.91339 1.6479 120 15.9031
2.94708 1.71736 24 16.5734
2.96377 1.70551 144 16.4591
2.98038 1.71931 120 16.5922
2.99689 1.2395 48 11.9618
3.02964 1.72283 48 16.6262
3.04589 1.57601 96 15.2094
3.07812 1.22919 24 11.8624
3.09411 1.46285 48 14.1173
3.11002 1.71087 108 16.5108
3.12585 1.45266 72 14.019
3.14159 1.23212 30 11.8906
3.15726 1.4182 168 13.6864
3.17285 0.877701 48 8.47029
3.20381 1.31005 72 12.6427
3.21917 1.33784 96 12.9109
3.23447 1.76386 72 17.0222
3.24969 1.13356 72 10.9394
3.26484 1.36438 32 13.167
3.27992 1.35747 72 13.1003
3.29493 1.32144 144 12.7526
3.33956 1.3759 96 13.2782
3.3543 1.58153 96 15.2626
3.36898 1.2383 48 11.9503
3.3836 1.18895 72 11.474
3.39815 1.54543 120 14.9142
3.41264 1.27806 72 12.3339
3.44144 1.26339 48 12.1924
3.45575 1.22142 78 11.7874
3.47 1.12546 120 10.8613
3.48419 1.18723 48 11.4574
3.51241 1.1729 144 11.3191
3.52643 1.19896 144 11.5706
3.55431 1.25985 12 12.1583
3.56816 1.08527 144 10.4735
3.58197 1.56505 48 15.1036
3.59963 1.33258 168 12.8601
3.62306 1.00789 48 9.72668
3.63666 1.23707 168 11.9384
3.67266 1.45979 144 14.0878
3.69054 1.23436 96 11.9122
3.70388 1.50059 72 14.4815
3.71718 1.10945 48 10.7068
3.73484 0.970983 144 9.37052
3.76991 1.35143 30 13.0421
3.79166 1.11253 288 10.7366
3.80898 1.35934 56 13.1183
3.83319 1.0275 192 9.91594
3.84765 0.987056 120 9.52563
3.8817 1.02161 216 9.85913
3.89861 1.13795 96 10.9818
3.91125 0.999086 96 9.64173
3.9364 1.3416 72 12.9472
3.94892 1.22466 96 11.8186
3.97384 0.90674 24 8.75053
3.99068 1.02256 300 9.86825
4.01092 0.884152 24 8.53255
4.02933 1.27035 192 12.2596
4.04766 0.9659 120 9.32146
4.07197 1.20635 48 11.642
4.0919 0.995235 222 9.60456
4.10817 0.944704 120 9.11691
4.13063 0.927919 192 8.95493
4.14405 0.915262 144 8.83278
4.16779 0.726246 24 7.00867
4.18748 0.93538 144 9.02693
4.20316 1.15995 120 11.1942
4.2222 1.06487 192 10.2766
4.23824 0.926318 144 8.93947
4.26146 1.14425 48 11.0427
4.27797 0.907469 336 8.75757
4.29606 0.886308 48 8.55336
4.32126 1.02155 240 9.85851
4.35312 1.62717 8 15.703
4.36444 0.925813 48 8.9346
4.37895 0.951325 336 9.1808
4.40596 0.798355 174 7.70456
4.42061 0.989164 120 9.54598
4.44989 1.03405 228 9.97919
4.47135 0.905768 168 8.74115
4.49441 0.903835 144 8.7225
4.50903 0.885568 240 8.54622
4.53087 0.785333 24 7.57889
4.54485 0.967559 336 9.33747
4.56883 1.15823 144 11.1775
4.58961 0.80372 168 7.75634
4.61718 0.725691 96 7.00331
4.63377 0.987691 216 9.53176
4.66325 0.833557 288 8.04428
4.68087 0.930215 144 8.97709
4.70985 0.842906 198 8.1345
4.72865 0.929452 216 8.96971
4.75112 0.90582 168 8.74165
4.76446 0.993071 240 9.58368
4.79396 0.863104 168 8.32942
4.81157 0.883821 336 8.52936
4.8405 0.959608 240 9.26074
4.8819 0.844165 276 8.14665
4.90919 0.766684 344 7.39892
4.9274 0.63507 144 6.12877
4.95336 0.833094 240 8.03981
4.97264 0.83664 312 8.07404
5.0049 0.742919 240 7.16957
5.02655 0.616153 6 5.94622
5.04369 0.788538 384 7.60982
5.0724 0.966342 312 9.32573
5.09618 0.795741 168 7.67933
5.12103 0.829824 336 8.00826
5.14917 0.687787 336 6.63752
5.16216 0.804434 192 7.76323
5.19393 0.866269 288 8.35997
5.21395 0.859751 216 8.29707
5.23525 0.846602 240 8.17018
5.26744 0.681697 384 6.57875
5.28498 1.01546 72 9.79978
5.3076 0.775818 336 7.48706
5.34569 0.747049 378 7.20943
5.36222 0.632256 144 6.10162
5.38155 0.818708 384 7.90098
5.41298 0.734265 384 7.08605
5.43886 0.798287 344 7.7039
5.45951 0.81306 144 7.84647
5.49081 0.654965 456 6.32077
5.51553 0.695074 312 6.70785
5.53728 0.696023 144 6.717
5.56768 0.662502 552 6.39351
5.59826 0.656558 264 6.33614
5.62783 0.709155 264 6.84374
5.64631 0.680021 294 6.56257
5.66891 0.701117 432 6.76616
5.69929 0.598304 432 5.77396
5.72582 0.733649 264 7.08012
5.74576 0.638161 192 6.15861
5.77837 0.65197 468 6.29187
5.80465 0.743427 552 7.17448
5.83524 0.649408 336 6.26714
5.86196 0.748463 288 7.22308
5.88885 0.697024 456 6.72666
5.91828 0.634336 432 6.12169
5.93942 0.689778 168 6.65674
5.97346 0.627128 566 6.05213
6.00383 0.669602 432 6.46202
6.03753 0.70206 432 6.77526
6.05765 0.604428 360 5.83306
6.08553 0.666753 624 6.43453
6.11016 0.744041 264 7.1804
6.1359 0.681084 360 6.57284
6.17267 0.613322 456 5.91889
6.19846 0.579773 504 5.59512
6.23352 0.685064 564 6.61124
6.26302 0.678022 384 6.54328
6.29378 0.567309 462 5.47484
6.32143 0.636972 624 6.14713
6.35606 0.648357 432 6.257
6.38387 0.630812 624 6.08768
6.4159 0.542152 312 5.23206
6.44034 0.650186 552 6.27465
6.47521 0.630021 408 6.08004
6.4939 0.687334 600 6.63315
6.53503 0.594494 608 5.73719
6.56485 0.588817 504 5.68241
6.59664 0.59101 510 5.70357
6.62898 0.571626 600 5.5165
6.66071 0.640036 492 6.1767
6.68361 0.590812 552 5.70166
6.72229 0.663828 696 6.4063
6.74598 0.535097 504 5.16398
6.77945 0.611851 528 5.90469
6.80746 0.577388 624 5.57211
6.83939 0.65518 504 6.32285
6.87445 0.562335 552 5.42684
6.90783 0.600709 654 5.79717
6.93959 0.56329 840 5.43606
6.97409 0.519281 744 5.01135
7.00741 0.585283 456 5.6483
7.03677 0.512063 648 4.94169
7.0753 0.550883 896 5.31632
7.10524 0.500068 396 4.82593
7.13632 0.587089 816 5.66573
7.17401 0.525498 672 5.07135
7.20038 0.551608 552 5.32331
7.23702 0.527484 894 5.09051
7.27234 0.538761 672 5.19933
7.30559 0.53976 624 5.20897
7.33921 0.478303 888 4.61588
7.3688 0.585221 720 5.6477
7.40895 0.499247 936 4.81801
7.44885 0.487382 648 4.7035
7.48186 0.533143 936 5.14512
7.51427 0.518984 696 5.00848
7.55531 0.57209 618 5.52098
7.58487 0.499244 1008 4.81798
7.61849 0.456837 872 4.40872
7.65737 0.516451 960 4.98403
7.69668 0.480167 888 4.63388
7.72847 0.4542 648 4.38328
7.76442 0.470907 840 4.54451
7.79705 0.546335 912 5.27243
7.83408 0.513105 774 4.95174
7.87257 0.490853 1272 4.737
7.91246 0.502516 912 4.84955
7.95094 0.437126 864 4.2185
7.98724 0.473675 924 4.57122
8.02142 0.450034 1080 4.34307
8.06273 0.455558 1008 4.39639
8.09946 0.471984 1128 4.55491
8.14393 0.486517 768 4.69515
8.17502 0.446853 1046 4.31238
8.2152 0.460271 1152 4.44186
8.25601 0.454198 1272 4.38326
8.29592 0.483796 912 4.6689
8.33191 0.464817 1200 4.48574
8.37325 0.461006 1080 4.44896
8.40498 0.462089 840 4.45941
8.45084 0.462485 1332 4.46323
8.48913 0.458823 1062 4.42789
8.52681 0.410379 1320 3.96038
8.571 0.405574 1248 3.91401
8.60833 0.459079 1104 4.43037
8.65005 0.443951 1392 4.28437
8.68693 0.464575 776 4.4834
8.73005 0.443962 1728 4.28447
8.77244 0.410036 1224 3.95707
8.81651 0.426611 1254 4.11703
8.85893 0.413394 1368 3.98948
8.89912 0.410816 1236 3.9646
8.93741 0.417896 1608 4.03293
8.98308 0.414174 1008 3.997
9.01647 0.407646 1488 3.934
9.0649 0.392905 1440 3.79175
9.10803 0.387963 1158 3.74405
9.14809 0.398859 1824 3.84921
9.19097 0.409531 1464 3.9522
9.23816 0.392242 1448 3.78535
9.27848 0.392745 1560 3.79021
9.32418 0.395446 1428 3.81627
9.36737 0.375897 1680 3.62761
9.41383 0.373334 1494 3.60287
9.45819 0.375375 1944 3.62258
9.50417 0.392533 1368 3.78816
9.54561 0.356229 1584 3.43781
9.58954 0.369751 1776 3.5683
9.63134 0.361143 1440 3.48523
9.67749 0.392665 1968 3.78943
9.72378 0.375353 1374 3.62236
9.76914 0.37925 2100 3.65997
9.81572 0.354674 1640 3.4228
9.86551 0.375301 2496 3.62186
9.9123 0.361645 1248 3.49007
9.94845 0.371587 1512 3.58602
10.0002 0.355012 2280 3.42606
10.0491 0.347702 1926 3.35551
10.0953 0.358657 2064 3.46123
10.1462 0.339539 1920 3.27674
10.1883 0.335437 1944 3.23715
10.2408 0.3552 2172 3.42788
10.2901 0.334105 2256 3.2243
10.3372 0.336671 1736 3.24906
10.3847 0.356637 2094 3.44175
10.433 0.353405 2328 3.41055
10.4818 0.329631 2256 3.18111
10.5302 0.313954 1920 3.02983
10.5776 0.350629 2520 3.38376
10.6299 0.347002 2088 3.34876
10.6858 0.328697 2634 3.17211
10.7342 0.319642 2328 3.08472
10.7818 0.321756 2304 3.10512
10.835 0.329052 2568 3.17553
10.8856 0.333456 2024 3.21803
10.928 0.310294 2352 2.9945
10.982 0.323181 2718 3.11888
11.0344 0.331761 2520 3.20167
11.0896 0.316273 2772 3.05221
11.1403 0.32914 2640 3.17638
11.1945 0.303022 2880 2.92433
11.2496 0.316181 2448 3.05132
11.2983 0.31842 2478 3.07293
11.3489 0.301386 2904 2.90854
11.4036 0.3108 2816 2.99939
11.4546 0.289529 3024 2.79411
11.5153 0.30092 2952 2.90404
11.5679 0.300469 2796 2.89969
11.6203 0.282314 2982 2.72448
11.6775 0.292983 3312 2.82744
11.7301 0.302016 2688 2.91462
11.7844 0.280596 3144 2.70791
11.8428 0.287344 3672 2.77303
11.8939 0.270896 2328 2.6143
11.9543 0.280501 4046 2.70699
12.0117 0.275669 2844 2.66036
12.0645 0.280839 3600 2.71025
12.1216 0.280778 3264 2.70966
12.1786 0.270904 3288 2.61437
12.2342 0.276538 3198 2.66874
12.2899 0.261417 3864 2.52282
12.3488 0.264857 3456 2.55601
12.4064 0.27686 3744 2.67185
12.468 0.265242 3876 2.55973
12.5262 0.259618 3392 2.50545
12.5835 0.266672 3918 2.57353
12.6436 0.254641 3864 2.45742
12.7041 0.257817 4104 2.48807
12.76 0.250568 3480 2.41812
12.8193 0.250144 4080 2.41403
12.8832 0.252695 4170 2.43865
12.9428 0.241871 4176 2.33419
13.004 0.241317 4560 2.32884
13.0668 0.232717 3656 2.24585
13.1234 0.234817 4344 2.26611
13.1905 0.236232 4830 2.27977
13.2535 0.235301 4416 2.27078
13.3128 0.239923 3876 2.31539
13.3711 0.238752 4752 2.30409
13.438 0.229002 4968 2.21
13.505 0.22236 4494 2.14589
13.562 0.228874 4200 2.20876
13.6284 0.222639 5792 2.14858
13.6925 0.232735 4224 2.24602
13.7578 0.224389 5220 2.16548
13.8214 0.221443 4590 2.13705
13.8828 0.217734 5328 2.10125
13.951 0.220873 5304 2.13154
14.0176 0.214021 5040 2.06542
14.0783 0.21615 4920 2.08597
14.1459 0.212557 5750 2.05129
14.2151 0.214525 5388 2.07028
14.2795 0.211973 5784 2.04565
14.3486 0.214308 5400 2.06818
14.4152 0.210918 5640 2.03547
14.4848 0.214821 5934 2.07314
14.5518 0.210857 6120 2.03488
14.6213 0.21076 5544 2.03394
14.6889 0.207545 6164 2.00292
14.7577 0.205518 5838 1.98336
14.823 0.195583 6144 1.88749
14.8954 0.200542 6288 1.93534
14.9629 0.195986 6576 1.89137
15.0374 0.198249 6504 1.91321
15.1094 0.19092 6594 1.84248
15.1805 0.193216 7008 1.86464
15.2501 0.192326 6200 1.85606
15.3206 0.188516 6768 1.81928
15.3938 0.187884 7182 1.81318
15.4649 0.186312 6864 1.79802
15.5381 0.190583 7308 1.83923
15.6102 0.180809 6744 1.7449
15.6826 0.184862 7686 1.78402
15.7587 0.177263 7280 1.71068
15.831 0.17947 7920 1.73198
15.9075 0.177986 7560 1.71766
15.9799 0.176359 6948 1.70196
16.0529 0.17302 8430 1.66973
16.1323 0.174144 8328 1.68058
16.2083 0.171815 7824 1.65811
16.284 0.16824 8160 1.62361
16.3583 0.170663 8030 1.64699
16.4387 0.168475 9372 1.62588
16.5156 0.168614 7968 1.62721
16.5913 0.16437 8568 1.58626
16.6713 0.160453 8934 1.54846
16.7473 0.162643 8952 1.56959
16.8262 0.16021 8880 1.54611
16.9073 0.160501 9548 1.54892
16.987 0.15391 9126 1.48532
17.0656 0.154362 9384 1.48967
17.1437 0.153029 9288 1.47681
17.2234 0.152113 9792 1.46797
17.3058 0.152375 9570 1.4705
17.3855 0.15186 10376 1.46553
17.4681 0.153664 10152 1.48295
17.5516 0.148977 9960 1.43771
17.6323 0.148319 10782 1.43136
17.7188 0.144917 10992 1.39853
17.8032 0.14508 10452 1.40011
17.8848 0.143241 10806 1.38235
17.9713 0.141678 11312 1.36727
18.0539 0.139885 11112 1.34996
18.1377 0.136945 10848 1.3216
18.2224 0.140847 11394 1.35925
18.3067 0.136158 11952 1.314
18.3923 0.134326 11352 1.29631
18.4801 0.134466 12584 1.29767
18.5699 0.13479 12390 1.3008
18.6572 0.134429 12252 1.29731
18.7424 0.133049 12240 1.28399
18.8315 0.13194 12486 1.27329
18.9182 0.129453 13080 1.24929
19.007 0.123562 12968 1.19244
19.0958 0.127223 12612 1.22777
19.1845 0.126474 13974 1.22055
19.2771 0.125914 13944 1.21514
19.3664 0.126787 12840 1.22356
19.455 0.123784 14358 1.19458
19.5497 0.125132 14588 1.20759
19.6422 0.120329 14688 1.16124
19.733 0.118855 13560 1.14702
19.8252 0.117379 15582 1.13277
19.9184 0.120658 14544 1.16442
20.0117 0.116898 15420 1.12813
20.1076 0.116791 15614 1.1271
20.1995 0.112932 14880 1.08985
20.2937 0.114975 16728 1.10958
20.3922 0.110835 15690 1.06962
20.4858 0.1113 16248 1.07411
20.5801 0.110889 16584 1.07014
20.6798 0.109973 16904 1.0613
20.7774 0.107882 17430 1.04112
20.875 0.108243 16908 1.0446
20.9715 0.109059 17640 1.05248
21.072 0.1076 17550 1.0384
21.17 0.104855 18696 1.0119
21.2704 0.104772 17792 1.01111
21.3695 0.102905 18138 0.993088
21.4685 0.105204 19392 1.01527
21.5707 0.102107 18768 0.985389
21.671 0.103764 19038 1.00138
21.7719 0.100553 19460 0.970395
21.8722 0.0981083 19992 0.946798
21.98 0.10098 21174 0.974507
22.0835 0.0964662 20040 0.930952
22.1864 0.0985348 20628 0.950914
22.2901 0.0962693 20798 0.929051
22.3939 0.0950622 21480 0.917402
22.4995 0.0948428 21792 0.915285
22.6057 0.0947372 21414 0.914266
22.7118 0.0935499 23100 0.902808
22.8187 0.0923841 21992 0.891557
22.9267 0.0910038 23406 0.878237
23.0333 0.0899523 22536 0.868088
23.142 0.0910261 24348 0.878451
23.2521 0.0891595 23598 0.860438
23.3607 0.0887178 24224 0.856175
23.4703 0.0878543 24648 0.847842
23.5813 0.0870976 24618 0.840539
23.6872 0.0859313 24192 0.829284
23.7989 0.0864213 26208 0.834012
23.9113 0.0843583 25790 0.814103
24.0243 0.0844925 26916 0.815398
24.1376 0.0829941 26214 0.800938
24.251 0.083986 27528 0.810511
24.3653 0.0816943 27720 0.788395
24.4805 0.0812127 27122 0.783747
24.5934 0.0805379 28632 0.777235
24.7099 0.0791729 28680 0.764062
24.8261 0.0792833 28722 0.765127
24.9416 0.0782548 30000 0.755202
25.0602 0.0768529 29408 0.741673
25.1775 0.0762075 30678 0.735444
25.2958 0.0762114 30660 0.735481
25.4157 0.0761645 31494 0.735029
25.5352 0.0759485 31448 0.732944
25.6542 0.073768 32160 0.711901
25.7771 0.0742005 33090 0.716075
25.8975 0.0728011 32664 0.70257
26.0182 0.0734602 32718 0.708931
26.1396 0.0719819 34472 0.694665
26.263 0.0703317 34260 0.678739
26.3857 0.0710917 34302 0.686073
26.5078 0.069896 35472 0.674534
26.6335 0.0700416 36020 0.67594
26.7594 0.0700978 36942 0.676482
26.885 0.0683998 36360 0.660096
27.0121 0.0676167 38166 0.652538
27.1378 0.0663173 36804 0.639998
27.2642 0.0658597 38864 0.635582
27.3935 0.0651565 39366 0.628796
27.5233 0.0649174 40068 0.626488
27.6514 0.0639941 38910 0.617578
27.7803 0.0642899 41360 0.620432
27.9112 0.0624383 40782 0.602564
28.0415 0.0626154 42204 0.604273
28.1725 0.062017 41544 0.598498
28.3057 0.0628583 44510 0.606616
28.4397 0.0615344 42948 0.593841
28.5725 0.0612798 44478 0.591384
28.7083 0.0603899 46032 0.582796
28.8439 0.060445 44402 0.583328
28.977 0.05934 46320 0.572663
29.1132 0.058965 46848 0.569044
29.2508 0.0578779 47814 0.558554
29.3881 0.0581499 48260 0.561178
29.5284 0.0576994 49758 0.55683
29.6664 0.0574825 49032 0.554737
29.8052 0.0568306 49770 0.548446
29.9443 0.0564969 51056 0.545226
30.0844 0.0555528 51504 0.536115
30.2265 0.0551818 52866 0.532534
30.3681 0.0548868 52848 0.529688
30.5114 0.0540372 54542 0.521488
30.6547 0.0539369 54276 0.52052
30.7979 0.0530184 55062 0.511657
30.9419 0.0527876 56568 0.509429
31.0885 0.0521735 57266 0.503503
31.2344 0.0521944 58056 0.503705
31.3808 0.0514991 57750 0.496994
31.5277 0.0510039 60380 0.492216
31.6771 0.0506896 60390 0.489182
31.826 0.0496194 61608 0.478855
31.9756 0.0498488 61362 0.481068
32.1255 0.0489803 63752 0.472687
32.277 0.0483539 63528 0.466641
32.4277 0.0483295 64050 0.466406
32.5774 0.0477969 64784 0.461266
32.7324 0.0475811 68814 0.459184
32.8871 0.047198 66156 0.455486
33.0405 0.0470734 68718 0.454284
33.1949 0.0465842 69104 0.449563
33.3524 0.0462918 71682 0.446741
33.5091 0.046076 70512 0.444659
33.6653 0.0455545 72278 0.439626
33.8241 0.0450341 74532 0.434604
33.9843 0.0449357 74454 0.433654
34.1435 0.0440105 75540 0.424726
34.3039 0.0438734 76526 0.423402
34.4657 0.0438096 78648 0.422786
34.6274 0.0432558 77370 0.417442
34.7862 0.0428819 78272 0.413834
34.9499 0.0425817 82710 0.410937
35.1157 0.0417616 82146 0.403022
35.2805 0.0421885 83712 0.407142
35.4469 0.0418453 84710 0.40383
35.6137 0.0414052 86172 0.399583
35.7812 0.040761 86406 0.393365
35.9482 0.0404406 88244 0.390274
36.1176 0.03996 89670 0.385636
36.2871 0.0398549 90792 0.384621
36.4592 0.0395001 93194 0.381197
36.6302 0.0393759 92352 0.379999
36.8018 0.038568 94914 0.372202
36.9741 0.0381119 95504 0.3678
37.1476 0.0378988 97230 0.365744
37.3221 0.0378712 98802 0.365478
37.4979 0.0370597 100952 0.357647
37.6734 0.0367765 99990 0.354913
37.8491 0.036564 103356 0.352863
38.0283 0.0363885 105014 0.351169
38.2074 0.036239 106548 0.349726
38.3868 0.0358933 106302 0.34639
38.5653 0.0354301 108002 0.341919
38.7463 0.035319 111696 0.340847
38.9299 0.0347967 112158 0.335807
39.1123 0.0343834 113300 0.331819
39.2962 0.0342243 115302 0.330283
39.4808 0.0338212 117396 0.326393
39.6656 0.0334459 117158 0.322772
39.8521 0.0332842 121470 0.321211
40.0388 0.033119 120660 0.319617
40.2277 0.0325709 125030 0.314327
40.4172 0.0323185 125388 0.311891
40.6079 0.0321234 128094 0.310009
40.798 0.0319443 127058 0.30828
40.9891 0.0315721 132336 0.304688
41.1824 0.0313301 132006 0.302353
41.3752 0.0309142 134162 0.298339
41.57 0.0307751 137760 0.296996
41.7662 0.0303539 137802 0.292932
41.9607 0.0300385 139016 0.289887
42.1586 0.0299049 144354 0.288599
42.357 0.029703 142814 0.28665
42.5542 0.0296487 145932 0.286126
42.7541 0.0292988 148206 0.282749
42.9546 0.0289666 150566 0.279544
43.1564 0.0285986 152820 0.275992
43.3597 0.028577 155142 0.275783
43.5635 0.0282837 157220 0.272954
43.7684 0.0279354 159198 0.269592
43.9736 0.0278762 160994 0.26902
44.1803 0.0275739 164544 0.266103
44.3876 0.0273454 165282 0.263898
44.5959 0.0271648 168350 0.262155
44.8055 0.0270134 171660 0.260694
45.0168 0.026823 173622 0.258856
45.2281 0.0264851 175034 0.255596
45.4403 0.0262499 178512 0.253326
45.6526 0.0260333 178646 0.251236
45.8674 0.0258424 185466 0.249393
46.0836 0.0254552 185382 0.245657
46.2996 0.0251983 188252 0.243177
46.5177 0.0250213 192126 0.241469
46.7365 0.0248703 193562 0.240012
46.9554 0.0245632 196176 0.237048
47.1763 0.0244939 200130 0.236379
47.3979 0.0242396 201326 0.233925
47.6197 0.0240295 204972 0.231898
47.8437 0.0238616 208406 0.230277
48.0672 0.0236304 208362 0.228047
48.2937 0.0233197 217662 0.225047
48.5225 0.0229848 217124 0.221816
48.7491 0.0227787 217446 0.219827
48.9778 0.022504 224690 0.217176
49.2073 0.0222826 224058 0.215039
49.4385 0.0222394 231848 0.214622
49.6727 0.0220795 233994 0.213079
49.9056 0.0218085 234198 0.210464
50.1391 0.0215989 239708 0.208441
50.3754 0.0214449 243630 0.206955
50.6128 0.0212564 247010 0.205136
50.8493 0.0211081 246414 0.203704
51.0868 0.0207929 253772 0.200663
51.327 0.0207948 256902 0.200681
51.5685 0.020645 261066 0.199236
51.8119 0.0203779 265958 0.196658
52.0548 0.020095 265098 0.193927
52.2978 0.0199626 271424 0.19265
52.5441 0.019825 276858 0.191322
52.7923 0.0196718 281186 0.189843
53.0408 0.0194441 282918 0.187646
53.2887 0.0191652 285146 0.184954
53.5387 0.0191127 293280 0.184448
53.7907 0.018904 294602 0.182434
54.0436 0.0188342 301278 0.18176
54.2977 0.0185547 302954 0.179063
54.5519 0.0183779 307674 0.177356
54.8068 0.018301 310560 0.176614
55.0651 0.0181366 320834 0.175028
55.3252 0.0179553 321582 0.173278
55.5848 0.0178737 325226 0.172491
55.8457 0.0177439 331422 0.171238
56.1082 0.0175148 335066 0.169027
56.3718 0.0173418 341340 0.167358
56.636 0.0172666 342038 0.166632
56.9014 0.0170993 351354 0.165017
57.1695 0.0169018 355478 0.163111
57.4384 0.0167787 360066 0.161923
57.7081 0.016694 364634 0.161106
57.9785 0.016615 369072 0.160344
58.2513 0.0164422 377642 0.158676
58.5263 0.0162423 382074 0.156747
58.8009 0.0160702 384014 0.155087
59.0769 0.015999 393066 0.154399
59.3537 0.0158123 393950 0.152597
59.632 0.0157035 404154 0.151548
59.9128 0.0155703 409178 0.150262
60.1941 0.0154401 413334 0.149005
60.4769 0.0152677 421196 0.147342
60.7603 0.0151865 422658 0.146558
61.0455 0.0149991 434990 0.144749
61.333 0.0149785 437442 0.144551
61.6205 0.0148271 443066 0.14309
61.91 0.0147243 452150 0.142097
62.2007 0.0145473 455538 0.14039
62.4924 0.0144411 463382 0.139365
62.7855 0.0142482 468666 0.137503
63.0808 0.0140923 479642 0.135998
63.3779 0.0140107 482814 0.135211
63.675 0.0138837 489386 0.133985
63.9742 0.0137347 498642 0.132547
64.275 0.0135924 503450 0.131175
64.5769 0.0133901 512838 0.129222
64.8803 0.0133829 517586 0.129152
65.1844 0.0132604 524372 0.12797
65.4902 0.013103 534270 0.126451
65.7979 0.0130531 540386 0.125969
66.1075 0.0128729 550938 0.124231
66.418 0.01273 554270 0.122851
66.7296 0.0126378 564978 0.121961
67.0437 0.0124903 574370 0.120538
67.359 0.0124227 579614 0.119886
67.6749 0.0122732 587778 0.118443
67.9926 0.01222 596978 0.11793
68.3122 0.0120652 606570 0.116435
68.6334 0.0119442 613982 0.115268
68.9554 0.0119072 621200 0.114911
69.2789 0.0117465 631386 0.11336
69.6042 0.0116843 640418 0.112759
69.9318 0.0115725 651870 0.111681
70.2607 0.0114636 657770 0.11063
70.5901 0.0113429 667082 0.109465
70.9211 0.0112356 675810 0.10843
71.2543 0.0111913 689318 0.108002
71.59 0.0111372 698754 0.10748
71.9268 0.011023 706922 0.106378
72.2644 0.0109082 715562 0.10527
72.6038 0.0108063 727662 0.104287
72.9444 0.0106447 734426 0.102727
73.2859 0.0105557 745746 0.101868
73.6302 0.0104565 759698 0.100911
73.9762 0.010368 768140 0.100057
74.3233 0.0102592 778770 0.099007
74.6733 0.0101957 795842 0.0983945
75.0246 0.0100915 799442 0.0973883
75.377 0.00998774 816042 0.0963871
75.731 0.00992091 822038 0.0957422
76.0864 0.00981248 837722 0.0946958
76.4436 0.00973806 846330 0.0939776
76.8023 0.00964692 860768 0.0930981
77.1634 0.00958161 873722 0.0924677
77.5261 0.00949109 885438 0.0915942
77.8907 0.00940834 898730 0.0907956
78.2565 0.00931635 908402 0.0899078
78.6236 0.00923486 923226 0.0891214
78.9927 0.00914186 933944 0.088224
79.3633 0.00904812 949730 0.0873193
79.7358 0.00898453 961278 0.0867056
80.111 0.00889815 981218 0.085872
80.488 0.00882042 989186 0.0851218
80.8652 0.00874653 1001016 0.0844087
81.2446 0.00867448 1019138 0.0837135
81.6263 0.0086139 1032842 0.0831288
82.0093 0.00849646 1045394 0.0819954
82.3948 0.00844294 1066230 0.081479
82.7823 0.00835936 1075496 0.0806723
83.1703 0.00828634 1090154 0.0799677
83.5609 0.00820545 1110378 0.0791871
83.9539 0.00814597 1124666 0.078613
84.3485 0.00806025 1139624 0.0777858
84.7448 0.00799628 1157114 0.0771685
85.1429 0.00793094 1171434 0.0765379
85.5426 0.00786807 1188494 0.0759312
85.9444 0.00782625 1205504 0.0755276
86.3487 0.00773855 1226594 0.0746812
86.7542 0.00767246 1235562 0.0740434
87.1612 0.00758852 1259120 0.0732334
87.5707 0.00750376 1274498 0.0724153
87.9822 0.00746891 1295594 0.0720791
88.3953 0.00740578 1308312 0.0714698
88.8105 0.00732709 1333922 0.0707104
89.2281 0.00726776 1348418 0.0701378
89.6468 0.00720345 1366112 0.0695173
90.0678 0.00713338 1389738 0.068841
90.4912 0.00706793 1407458 0.0682094
90.9162 0.00699395 1426520 0.0674954
91.3433 0.00694771 1448810 0.0670492
91.7723 0.00686868 1465802 0.0662865
92.203 0.00680854 1488456 0.0657061
92.6362 0.00675749 1510766 0.0652135
93.0711 0.00669037 1528298 0.0645657
93.5078 0.00663833 1552784 0.0640635
93.9477 0.00656821 1579538 0.0633868
94.3895 0.00650868 1595784 0.0628123
94.8326 0.00643934 1619930 0.0621432
95.2774 0.00640048 1637186 0.0617681
95.7247 0.00633867 1669616 0.0611716
96.1751 0.0062908 1691834 0.0607097
96.6264 0.00625178 1706952 0.0603331
97.0796 0.00618822 1739630 0.0597197
97.5363 0.00612335 1765064 0.0590937
97.9942 0.00606922 1783538 0.0585712
98.4548 0.00602116 1817480 0.0581075
98.9176 0.00595479 1837034 0.057467
99.3825 0.005891 1866512 0.0568514
99.8492 0.00585724 1888242 0.0565255
100.318 0.00581979 1917056 0.0561641
100.789 0.00576487 1941554 0.0556341
101.263 0.00571455 1978040 0.0551485
101.739 0.0056531 1997426 0.0545555
102.216 0.00560948 2029256 0.0541345
102.696 0.00555099 2056370 0.0535701
103.179 0.00549799 2084000 0.0530586
103.663 0.00544947 2117778 0.0525903
104.15 0.0054116 2143952 0.0522249
104.639 0.00535547 2175614 0.0516832
105.131 0.00530291 2206400 0.0511759
105.624 0.00524983 2233970 0.0506637
106.12 0.00519927 2276456 0.0501758
106.619 0.00516905 2301848 0.0498841
107.12 0.0051198 2332922 0.0494089
107.623 0.00506908 2366960 0.0489194
108.128 0.00501526 2397698 0.0484
108.636 0.00497915 2436644 0.0480515
109.147 0.00493276 2472608 0.0476038
109.659 0.00488277 2503050 0.0471214
110.174 0.00484949 2535392 0.0468002
110.692 0.0048029 2581088 0.0463506
111.212 0.00476225 2612762 0.0459583
111.734 0.00471277 2647964 0.0454808
112.259 0.00467687 2687216 0.0451343
112.786 0.00464127 2724434 0.0447908
113.316 0.00459181 2765840 0.0443135
113.849 0.00454502 2798504 0.0438619
114.383 0.00450199 2841326 0.0434467
114.92 0.00446207 2886128 0.0430614
115.46 0.00442132 2920808 0.0426681
116.003 0.00438768 2967536 0.0423435
116.547 0.0043332 3000674 0.0418177
117.094 0.00429973 3050324 0.0414948
117.645 0.00425248 3094664 0.0410388
118.197 0.00422069 3136016 0.0407319
118.752 0.00418639 3179546 0.040401
119.31 0.00415294 3227060 0.0400781
119.871 0.00410842 3271832 0.0396485
120.434 0.00408027 3315440 0.0393769
120.999 0.00403952 3363800 0.0389836
121.568 0.00401032 3414158 0.0387018
122.139 0.00396891 3459752 0.0383021
122.712 0.00392956 3508864 0.0379224
123.289 0.00389286 3560804 0.0375682
123.868 0.00386175 3608912 0.037268
124.45 0.00382273 3660608 0.0368915
125.034 0.00379011 3707846 0.0365767
125.621 0.00375594 3769664 0.0362469
126.212 0.003732 3822920 0.0360158
126.805 0.00369135 3863564 0.0356235
127.4 0.00366108 3930704 0.0353314
127.999 0.00363119 3986168 0.035043
128.6 0.00359305 4034228 0.0346749
129.203 0.00356245 4090816 0.0343796
129.81 0.00353171 4160360 0.034083
130.42 0.0034997 4213436 0.033774
131.033 0.00346052 4270976 0.0333959
131.648 0.00343175 4332308 0.0331183
132.267 0.00340353 4395896 0.0328459
132.888 0.00336946 4454378 0.0325171
133.512 0.00333913 4517036 0.0322244
134.139 0.00331118 4588552 0.0319547
134.769 0.00328329 4651316 0.0316855
135.402 0.00325484 4711190 0.031411
136.038 0.00322275 4782704 0.0311013
136.677 0.00319492 4849964 0.0308327
137.319 0.00316277 4917080 0.0305225
137.964 0.00313265 4985260 0.0302318
138.612 0.00310664 5060456 0.0299808
139.263 0.00307502 5127788 0.0296757
139.917 0.00304446 5201672 0.0293807
140.575 0.00302368 5278196 0.0291801
141.235 0.00298932 5350384 0.0288486
141.898 0.00297256 5423492 0.0286868
142.565 0.00294356 5504720 0.0284069
143.235 0.0029168 5581268 0.0281488
143.907 0.00288475 5659270 0.0278394
144.583 0.00286197 5736332 0.0276196
145.262 0.00283587 5823104 0.0273677
145.945 0.00281041 5909900 0.027122
146.631 0.00278152 5986168 0.0268432
147.319 0.00276056 6064034 0.026641
148.01 0.00273513 6162248 0.0263955
148.706 0.00271066 6249932 0.0261593
149.405 0.002686 6331588 0.0259213
150.107 0.00266182 6424736 0.025688
150.812 0.0026399 6515066 0.0254765
151.52 0.00261402 6607552 0.0252267
152.231 0.00259025 6691412 0.0249974
152.946 0.00256847 6796676 0.0247871
153.665 0.00254569 6894838 0.0245673
154.387 0.00252707 6983324 0.0243876
155.112 0.00250023 7094120 0.0241286
155.84 0.00247755 7182634 0.0239097
156.572 0.00245832 7295588 0.0237241
157.308 0.0024355 7389992 0.0235039
158.047 0.00241547 7499434 0.0233106
158.789 0.00239433 7606244 0.0231066
159.535 0.00237386 7703654 0.022909
160.284 0.00235207 7823908 0.0226988
161.037 0.00233388 7933148 0.0225232
161.793 0.00231184 8035210 0.0223105
162.553 0.00228974 8168648 0.0220972
163.317 0.00227016 8270402 0.0219082
164.085 0.00224873 8396284 0.0217014
164.855 0.0022259 8496608 0.0214811
165.629 0.00220833 8636482 0.0213116
166.407 0.00218613 8744780 0.0210974
167.189 0.00216694 8878274 0.0209122
167.974 0.00214859 8998288 0.020735
168.763 0.0021291 9127058 0.020547
169.555 0.00211121 9258676 0.0203743
170.352 0.00209032 9394994 0.0201727
171.152 0.00207021 9518530 0.0199787
171.956 0.00205426 9652352 0.0198247
172.764 0.00203701 9800506 0.0196583
173.576 0.00201984 9929156 0.0194926
174.391 0.00200239 10079002 0.0193241
175.21 0.00198371 10202930 0.0191439
176.032 0.00196855 10362148 0.0189976
176.86 0.00195153 10508450 0.0188333
177.69 0.0019354 10647784 0.0186777
178.525 0.00191785 10817954 0.0185083
179.364 0.00189903 10950034 0.0183267
180.206 0.00188363 11116484 0.018178
181.053 0.00186814 11277610 0.0180286
181.903 0.00185245 11430154 0.0178772
182.757 0.00183569 11580074 0.0177154
183.615 0.00181986 11759140 0.0175627
184.478 0.00180632 11924378 0.017432
185.344 0.00179154 12099850 0.0172893
186.215 0.00177603 12260050 0.0171397
187.09 0.00176113 12439484 0.0169959
187.968 0.00174455 12606226 0.0168358
188.851 0.00173116 12800474 0.0167066
189.739 0.00171718 12964258 0.0165717
190.629 0.00170396 13155874 0.0164442
191.525 0.00168936 13345394 0.0163033
192.424 0.00167581 13525540 0.0161724
193.328 0.00166372 13730122 0.0160558
194.237 0.00164737 13917890 0.015898
195.149 0.00163655 14114938 0.0157936
196.066 0.00162554 14316682 0.0156873
196.987 0.00161153 14520626 0.0155521
197.912 0.00159929 14708962 0.015434
198.841 0.00158709 14936002 0.0153163
199.775 0.00157469 15141986 0.0151966
200.714 0.00156388 15366994 0.0150923
201.657 0.00155177 15563242 0.0149754
202.604 0.00154143 15794614 0.0148756
203.555 0.00152951 16021226 0.0147606
204.511 0.00151786 16238338 0.0146482
205.472 0.00150833 16476706 0.0145563
206.437 0.00149735 16717282 0.0144502
207.407 0.00148769 16935730 0.014357
208.381 0.00147655 17183270 0.0142495
209.36 0.00146904 17431546 0.0141771
210.343 0.00145951 17672128 0.0140851
211.331 0.00144936 17929450 0.0139871
212.324 0.00144247 18181246 0.0139206
213.321 0.00143285 18436154 0.0138278
214.323 0.00142584 18688066 0.0137601
215.33 0.00141713 18966160 0.0136761
216.341 0.00140923 19228342 0.0135999
217.357 0.00140207 19497994 0.0135307
218.378 0.00139396 19789402 0.0134525
219.404 0.00138779 20048224 0.0133929
220.434 0.00138163 20340694 0.0133335
221.47 0.00137397 20631698 0.0132596
222.51 0.00136742 20920738 0.0131963
223.555 0.00136191 21224764 0.0131432
224.605 0.00135793 21524794 0.0131047
225.66 0.00135129 21819694 0.0130407
226.72 0.0013468 22136776 0.0129973
227.785 0.00134239 22446490 0.0129548
228.855 0.00133726 22753708 0.0129053
229.93 0.00133289 23092930 0.0128632
231.01 0.00132965 23405020 0.0128319
232.095 0.00132782 23744914 0.0128142
233.185 0.00132466 24090094 0.0127837
234.281 0.00132381 24416584 0.0127755
235.381 0.0013223 24763822 0.0127609
236.486 0.00132089 25116112 0.0127473
237.597 0.00132104 25474348 0.0127487
238.713 0.00132217 25839802 0.0127597
239.835 0.00132203 26191732 0.0127583
240.961 0.00132401 26563339 0.0127774
242.092 0.00131713 26678128 0.012711
243.229 0.00131 26655828 0.0126422
244.371 0.00130174 26675140 0.0125625
245.519 0.00129409 26644864 0.0124887
246.672 0.00128422 26631640 0.0123934
247.831 0.00127478 26619904 0.0123023
248.995 0.00126587 26596180 0.0122163
250.164 0.00125814 26557060 0.0121418
251.339 0.00125004 26532520 0.0120636
252.52 0.00124093 26493240 0.0119756
253.706 0.00123331 26453764 0.0119021
254.898 0.00122444 26412544 0.0118165
256.095 0.00121721 26360476 0.0117467
257.298 0.00121023 26299600 0.0116794
258.506 0.00120339 26254092 0.0116133
259.72 0.00119605 26178916 0.0115425
260.94 0.00118923 26116096 0.0114767
262.166 0.00118375 26040928 0.0114239
263.398 0.00117583 25967736 0.0113474
264.635 0.00117101 25862260 0.0113009
265.878 0.00116426 25796416 0.0112358
267.127 0.00115886 25689396 0.0111836
268.381 0.00115394 25577176 0.0111361
269.641 0.00114879 25489588 0.0110864
270.908 0.00114315 25373328 0.011032
272.181 0.00113826 25250224 0.0109849
273.459 0.00113305 25122124 0.0109345
274.744 0.00112943 24990660 0.0108996
276.034 0.00112455 24856192 0.0108525
277.331 0.00112109 24706228 0.0108191
278.633 0.00111561 24558204 0.0107663
279.942 0.00111259 24392068 0.0107371
281.256 0.0011083 24237480 0.0106957
282.578 0.00110496 24064336 0.0106635
283.905 0.00110144 23876980 0.0106295
285.238 0.00109827 23697324 0.0105989
286.578 0.00109701 23498488 0.0105868
287.924 0.00109479 23292324 0.0105653
289.276 0.00109266 23100964 0.0105447
290.635 0.00108919 22862988 0.0105112
292 0.00108757 22634848 0.0104957
293.371 0.00108753 22410012 0.0104953
294.749 0.0010872 22160572 0.0104921
296.134 0.00108541 21915600 0.0104748
297.525 0.00108409 21645516 0.0104621
298.922 0.00108462 21372232 0.0104672
300.326 0.00108506 21101172 0.0104714
301.737 0.00108564 20815564 0.010477
303.154 0.0010877 20504628 0.0104969
304.578 0.00108954 20204736 0.0105147
306.008 0.00109082 19883356 0.010527
307.446 0.00109287 19552848 0.0105468
308.89 0.00109471 19217196 0.0105645
310.34 0.00109949 18861736 0.0106106
311.798 0.00110277 18502836 0.0106423
313.262 0.00110555 18135780 0.0106692
314.734 0.00110949 17749600 0.0107071
316.212 0.00111531 17354232 0.0107633
317.697 0.00112066 16953228 0.010815
319.189 0.0011249 16529656 0.0108559
320.688 0.00112959 16099164 0.0109012
322.194 0.00113505 15659388 0.0109538
323.707 0.00114139 15207864 0.0110151
325.228 0.0011465 14736132 0.0110644
326.755 0.00115451 14255596 0.0111416
328.29 0.00115942 13762332 0.011189
329.831 0.00116607 13252296 0.0112532
331.38 0.00117235 12731268 0.0113138
332.936 0.00117817 12198720 0.01137
334.5 0.00118143 11649660 0.0114015
336.07 0.00118548 11081952 0.0114406
337.648 0.00118139 10500652 0.0114011
339.233 0.00117953 9911376 0.0113831
340.826 0.00117146 9301473 0.0113053
342.428 0.0011667 8737218 0.0112593
344.037 0.00116269 8239530 0.0112206
345.653 0.00116046 7788972 0.0111991
347.276 0.0011608 7357452 0.0112023
348.907 0.00116146 6958434 0.0112087
350.546 0.00116133 6572454 0.0112074
352.193 0.00116393 6204966 0.0112326
353.846 0.00116635 5851524 0.011256
355.508 0.00117206 5518854 0.011311
357.178 0.00117614 5192928 0.0113504
358.855 0.00118505 4883690 0.0114364
360.541 0.00119369 4585122 0.0115198
362.234 0.00120613 4294452 0.0116398
363.936 0.00121496 4020870 0.011725
365.645 0.00122556 3750774 0.0118273
367.362 0.00123677 3496122 0.0119355
369.087 0.00125203 3250038 0.0120828
370.821 0.00127104 3010904 0.0122662
372.561 0.00128803 2783520 0.0124302
374.311 0.00130752 2566482 0.0126183
376.069 0.00132786 2355504 0.0128146
377.834 0.00135658 2154350 0.0130918
379.608 0.00138022 1964322 0.0133199
381.39 0.00140611 1782180 0.0135698
383.182 0.00144259 1608354 0.0139218
384.981 0.0014726 1442012 0.0142114
386.789 0.00150924 1285878 0.014565
388.604 0.00153876 1137636 0.0148499
390.428 0.00157674 999476 0.0152164
392.259 0.00162329 867846 0.0156657
394.098 0.00168156 746768 0.016228
395.947 0.00171755 636276 0.0165753
397.808 0.00176882 532566 0.0170701
399.672 0.00183522 435044 0.0177108
401.544 0.00190952 351690 0.0184279
403.43 0.00197025 275630 0.019014
405.315 0.00205176 204876 0.0198006
407.208 0.00213066 150770 0.0205621
409.126 0.00227049 100542 0.0219115
411.007 0.0024203 59294 0.0233572
412.885 0.00259717 32538 0.0250641
414.786 0.00270023 11726 0.0260587
416.481 0.00288609 1560 0.0278524
417.899 0.000148797 1 0.00143598
