# in Mpc/h Units 
# D1 = 0.425202 
# k P N P(z=0)
0.314159 163.632 6 905.06
0.444288 91.915 12 508.389
0.54414 61.3903 8 339.555
0.628319 50.1434 6 277.348
0.702481 31.9792 24 176.879
0.76953 30.6296 24 169.415
0.888577 16.4484 12 90.9776
0.942478 25.7211 30 142.265
0.993459 15.3584 24 84.9487
1.04195 20.2544 24 112.029
1.08828 15.4661 8 85.5443
1.13272 17.4136 24 96.316
1.17548 17.9102 48 99.0626
1.25664 13.2026 6 73.0245
1.29531 13.3059 48 73.596
1.33286 10.1128 36 55.935
1.36939 8.50674 24 47.0515
1.40496 12.297 24 68.0159
1.43966 9.36104 48 51.7767
1.47354 16.6936 24 92.3335
1.53906 9.5192 24 52.6515
1.5708 13.8364 30 76.5302
1.6019 8.10355 72 44.8214
1.63242 8.34298 32 46.1457
1.6918 6.93496 72 38.3578
1.72072 9.77603 48 54.072
1.77715 10.0352 12 55.5054
1.80471 5.55803 48 30.7419
1.83185 7.64531 48 42.2868
1.85859 7.59994 48 42.0359
1.88496 4.53039 30 25.058
1.91096 4.19499 24 23.2028
1.93661 6.52187 72 36.073
1.98692 7.20534 24 39.8533
2.0116 7.02316 96 38.8457
2.03598 7.59972 48 42.0347
2.06008 7.03761 24 38.9256
2.0839 5.69212 24 31.4836
2.10744 5.44739 72 30.13
2.13073 6.40765 48 35.4412
2.17656 7.69745 8 42.5752
2.19911 6.48818 54 35.8867
2.22144 7.33197 84 40.5537
2.24355 4.7112 48 26.058
2.26543 7.43481 24 41.1226
2.28711 5.49235 72 30.3786
2.30859 4.33326 96 23.9676
2.35095 4.7224 48 26.12
2.37185 5.81093 48 32.1407
2.39257 8.69209 24 48.0767
2.4131 6.51266 72 36.0221
2.45366 4.83247 72 26.7288
2.47369 4.82643 96 26.6954
2.51327 2.95563 6 16.3478
2.53283 4.23661 96 23.4331
2.55224 5.22397 96 28.8942
2.5715 4.02063 24 22.2384
2.59062 4.94928 48 27.3749
2.6096 5.54182 96 30.6523
2.62844 3.92526 48 21.711
2.66573 4.25417 36 23.5302
2.68418 4.99147 48 27.6082
2.7025 3.79776 120 21.0058
2.7207 4.2477 56 23.4944
2.73878 7.14769 24 39.5345
2.75674 4.52784 96 25.0439
2.77458 3.97226 48 21.9709
2.80993 5.26326 24 29.1115
2.82743 4.70812 102 26.041
2.84483 2.78503 48 15.4043
2.86213 4.26239 72 23.5757
2.87932 3.49125 48 19.3104
2.89641 3.55321 48 19.6531
2.91339 4.04825 120 22.3912
2.94708 4.74485 24 26.2442
2.96377 4.78018 144 26.4396
2.98038 3.70143 120 20.4729
2.99689 2.40388 48 13.2961
3.02964 4.36221 48 24.1277
3.04589 4.18701 96 23.1587
3.07812 2.86126 24 15.8259
3.09411 4.47641 48 24.7594
3.11002 3.83931 108 21.2355
3.12585 3.20761 72 17.7416
3.14159 4.15628 30 22.9888
3.15726 3.56037 168 19.6927
3.17285 3.50486 48 19.3857
3.20381 3.58939 72 19.8532
3.21917 3.70649 96 20.5009
3.23447 4.17838 72 23.111
3.24969 3.2718 72 18.0966
3.26484 2.98677 32 16.5201
3.27992 3.3608 72 18.5889
3.29493 4.122 144 22.7991
3.33956 3.04018 96 16.8155
3.3543 4.28887 96 23.7221
3.36898 4.74865 48 26.2652
3.3836 2.83719 72 15.6927
3.39815 3.89047 120 21.5185
3.41264 2.78641 72 15.4119
3.44144 4.16651 48 23.0453
3.45575 3.27436 78 18.1107
3.47 2.65125 120 14.6643
3.48419 3.13941 48 17.3644
3.51241 3.23968 144 17.9189
3.52643 3.48659 144 19.2846
3.55431 2.42635 12 13.4204
3.56816 2.87809 144 15.919
3.58197 3.44344 48 19.0459
3.59963 3.50234 168 19.3717
3.62306 2.54715 48 14.0885
3.63666 3.68608 168 20.388
3.67266 3.60602 144 19.9452
3.69054 3.03503 96 16.787
3.70388 2.94531 72 16.2908
3.71718 3.01692 48 16.6869
3.73484 3.45304 144 19.0991
3.76991 2.22716 30 12.3186
3.79166 2.93277 288 16.2214
3.80898 3.74248 56 20.7
3.83319 2.72141 192 15.0524
3.84765 2.65087 120 14.6622
3.8817 2.72698 216 15.0831
3.89861 2.82413 96 15.6205
3.91125 2.46869 96 13.6545
3.9364 3.22837 72 17.8564
3.94892 2.75322 96 15.2283
3.97384 3.50803 24 19.4032
3.99068 2.83528 300 15.6822
4.01092 3.08549 24 17.0661
4.02933 2.69009 192 14.8791
4.04766 2.72064 120 15.0481
4.07197 3.31797 48 18.352
4.0919 3.00152 222 16.6016
4.10817 3.14756 120 17.4094
4.13063 2.8137 192 15.5628
4.14405 3.08464 144 17.0614
4.16779 2.12765 24 11.7682
4.18748 2.63234 144 14.5597
4.20316 3.03869 120 16.8073
4.2222 2.91368 192 16.1158
4.23824 2.396 144 13.2525
4.26146 2.69163 48 14.8876
4.27797 2.40856 336 13.322
4.29606 3.25359 48 17.9959
4.32126 2.47076 240 13.666
4.35312 2.52401 8 13.9605
4.36444 2.44958 48 13.5488
4.37895 2.96811 336 16.4169
4.40596 2.38812 174 13.2089
4.42061 1.96142 120 10.8488
4.44989 2.3437 228 12.9632
4.47135 2.07423 168 11.4727
4.49441 2.41096 144 13.3352
4.50903 2.38029 240 13.1656
4.53087 1.80406 24 9.97839
4.54485 2.6632 336 14.7304
4.56883 3.05779 144 16.9129
4.58961 2.54549 168 14.0793
4.61718 2.18385 96 12.0791
4.63377 2.41356 216 13.3496
4.66325 2.2033 288 12.1866
4.68087 2.25185 144 12.4552
4.70985 2.41269 198 13.3448
4.72865 3.01909 216 16.6988
4.75112 2.71613 168 15.0231
4.76446 2.55815 240 14.1493
4.79396 2.15393 168 11.9136
4.81157 2.15318 336 11.9094
4.8405 2.0989 240 11.6092
4.8819 2.47146 276 13.6698
4.90919 2.75749 344 15.2519
4.9274 2.71511 144 15.0175
4.95336 2.25672 240 12.4821
4.97264 2.51876 312 13.9315
5.0049 2.55365 240 14.1244
5.02655 0.901187 6 4.98454
5.04369 2.43117 384 13.447
5.0724 2.67176 312 14.7777
5.09618 2.07735 168 11.49
5.12103 2.20107 336 12.1743
5.14917 2.33515 336 12.9159
5.16216 1.95688 192 10.8237
5.19393 2.32752 288 12.8737
5.21395 2.25753 216 12.4866
5.23525 2.66528 240 14.7419
5.26744 2.09075 384 11.5641
5.28498 2.26929 72 12.5517
5.3076 2.01269 336 11.1323
5.34569 2.20461 378 12.1939
5.36222 2.09006 144 11.5603
5.38155 2.36252 384 13.0673
5.41298 2.2501 384 12.4455
5.43886 2.14946 344 11.8888
5.45951 2.0531 144 11.3559
5.49081 1.95783 456 10.8289
5.51553 1.97181 312 10.9062
5.53728 2.08344 144 11.5237
5.56768 2.18703 552 12.0966
5.59826 1.71644 264 9.49377
5.62783 1.97311 264 10.9135
5.64631 1.94226 294 10.7428
5.66891 1.94743 432 10.7714
5.69929 2.06277 432 11.4094
5.72582 2.05773 264 11.3815
5.74576 1.87062 192 10.3466
5.77837 1.89943 468 10.5059
5.80465 2.08108 552 11.5106
5.83524 1.913 336 10.5809
5.86196 1.79404 288 9.92297
5.88885 1.99187 456 11.0172
5.91828 1.84508 432 10.2053
5.93942 1.63318 168 9.03324
5.97346 1.85027 566 10.234
6.00383 1.88261 432 10.4129
6.03753 1.7943 432 9.92444
6.05765 1.96495 360 10.8683
6.08553 1.9681 624 10.8857
6.11016 1.76052 264 9.73757
6.1359 1.9159 360 10.597
6.17267 1.73638 456 9.60409
6.19846 1.80977 504 10.01
6.23352 1.74165 564 9.63319
6.26302 1.79808 384 9.94535
6.29378 1.72335 462 9.53199
6.32143 1.95288 624 10.8016
6.35606 1.47094 432 8.13592
6.38387 1.85638 624 10.2678
6.4159 1.83436 312 10.146
6.44034 1.84366 552 10.1974
6.47521 1.81125 408 10.0182
6.4939 1.80703 600 9.99481
6.53503 1.63731 608 9.05608
6.56485 1.70509 504 9.43099
6.59664 1.49303 510 8.2581
6.62898 1.60542 600 8.87971
6.66071 1.68335 492 9.31077
6.68361 1.57639 552 8.71914
6.72229 1.52471 696 8.4333
6.74598 1.48446 504 8.21069
6.77945 1.72422 528 9.53678
6.80746 1.66862 624 9.22926
6.83939 1.54559 504 8.54879
6.87445 1.62239 552 8.97355
6.90783 1.42094 654 7.85934
6.93959 1.44446 840 7.98944
6.97409 1.5773 744 8.72416
7.00741 1.34442 456 7.43608
7.03677 1.64202 648 9.08216
7.0753 1.48491 896 8.21314
7.10524 1.38437 396 7.65705
7.13632 1.42942 816 7.90623
7.17401 1.38539 672 7.66271
7.20038 1.28592 552 7.11255
7.23702 1.49207 894 8.25275
7.27234 1.35429 672 7.4907
7.30559 1.43451 624 7.93441
7.33921 1.32248 888 7.31473
7.3688 1.55995 720 8.62824
7.40895 1.45429 936 8.04382
7.44885 1.41984 648 7.85327
7.48186 1.2338 936 6.82427
7.51427 1.38722 696 7.67284
7.55531 1.41074 618 7.80291
7.58487 1.29042 1008 7.13742
7.61849 1.25299 872 6.93039
7.65737 1.33711 960 7.39564
7.69668 1.40206 888 7.7549
7.72847 1.34167 648 7.42087
7.76442 1.35175 840 7.47664
7.79705 1.39681 912 7.72586
7.83408 1.34838 774 7.45799
7.87257 1.29793 1272 7.17896
7.91246 1.26131 912 6.97642
7.95094 1.30352 864 7.20985
7.98724 1.32862 924 7.34873
8.02142 1.30003 1080 7.1906
8.06273 1.24647 1008 6.89431
8.09946 1.24415 1128 6.88149
8.14393 1.18899 768 6.5764
8.17502 1.31933 1046 7.2973
8.2152 1.18754 1152 6.56838
8.25601 1.23865 1272 6.85109
8.29592 1.27112 912 7.03068
8.33191 1.18005 1200 6.52698
8.37325 1.28556 1080 7.11053
8.40498 1.30038 840 7.19251
8.45084 1.17533 1332 6.50083
8.48913 1.12296 1062 6.21118
8.52681 1.19267 1320 6.59678
8.571 1.23994 1248 6.85821
8.60833 1.1486 1104 6.35298
8.65005 1.18131 1392 6.53393
8.68693 1.13248 776 6.26386
8.73005 1.15094 1728 6.36593
8.77244 1.12675 1224 6.23213
8.81651 1.12324 1254 6.21273
8.85893 1.11289 1368 6.15547
8.89912 1.14881 1236 6.35415
8.93741 1.15984 1608 6.41518
8.98308 1.13131 1008 6.25738
9.01647 1.08072 1488 5.97753
9.0649 1.04589 1440 5.78493
9.10803 1.01685 1158 5.62427
9.14809 1.06569 1824 5.8944
9.19097 1.01313 1464 5.60369
9.23816 1.07688 1448 5.95632
9.27848 1.0204 1560 5.64394
9.32418 1.03576 1428 5.7289
9.36737 1.02142 1680 5.64958
9.41383 1.00481 1494 5.55771
9.45819 0.943852 1944 5.22052
9.50417 0.975453 1368 5.39531
9.54561 0.986443 1584 5.4561
9.58954 0.960633 1776 5.31334
9.63134 0.900962 1440 4.9833
9.67749 0.965966 1968 5.34284
9.72378 0.95639 1374 5.28987
9.76914 0.937355 2100 5.18459
9.81572 0.933521 1640 5.16339
9.86551 0.90946 2496 5.0303
9.9123 0.897521 1248 4.96426
9.94845 0.863292 1512 4.77494
10.0002 0.865355 2280 4.78635
10.0491 0.911151 1926 5.03965
10.0953 0.889302 2064 4.9188
10.1462 0.902189 1920 4.99009
10.1883 0.91873 1944 5.08157
10.2408 0.882948 2172 4.88366
10.2901 0.885792 2256 4.89939
10.3372 0.873525 1736 4.83154
10.3847 0.901054 2094 4.9838
10.433 0.814582 2328 4.50552
10.4818 0.837871 2256 4.63433
10.5302 0.843554 1920 4.66577
10.5776 0.84895 2520 4.69561
10.6299 0.805865 2088 4.45731
10.6858 0.837045 2634 4.62977
10.7342 0.839864 2328 4.64536
10.7818 0.770469 2304 4.26153
10.835 0.811768 2568 4.48995
10.8856 0.845881 2024 4.67864
10.928 0.818109 2352 4.52503
10.982 0.776256 2718 4.29354
11.0344 0.755254 2520 4.17737
11.0896 0.761504 2772 4.21194
11.1403 0.715765 2640 3.95896
11.1945 0.725303 2880 4.01171
11.2496 0.741416 2448 4.10084
11.2983 0.753183 2478 4.16592
11.3489 0.689069 2904 3.8113
11.4036 0.718423 2816 3.97366
11.4546 0.688887 3024 3.81029
11.5153 0.694119 2952 3.83923
11.5679 0.688085 2796 3.80585
11.6203 0.664088 2982 3.67312
11.6775 0.692754 3312 3.83168
11.7301 0.669575 2688 3.70347
11.7844 0.683528 3144 3.78065
11.8428 0.648891 3672 3.58907
11.8939 0.655643 2328 3.62642
11.9543 0.654496 4046 3.62007
12.0117 0.677115 2844 3.74518
12.0645 0.636008 3600 3.51782
12.1216 0.667352 3264 3.69118
12.1786 0.636076 3288 3.51819
12.2342 0.623796 3198 3.45027
12.2899 0.602486 3864 3.3324
12.3488 0.615294 3456 3.40324
12.4064 0.622185 3744 3.44136
12.468 0.616567 3876 3.41028
12.5262 0.605663 3392 3.34998
12.5835 0.59143 3918 3.27125
12.6436 0.577701 3864 3.19531
12.7041 0.574657 4104 3.17848
12.76 0.587928 3480 3.25188
12.8193 0.57103 4080 3.15841
12.8832 0.595756 4170 3.29518
12.9428 0.582534 4176 3.22204
13.004 0.564771 4560 3.12379
13.0668 0.567183 3656 3.13713
13.1234 0.55322 4344 3.0599
13.1905 0.555503 4830 3.07254
13.2535 0.550487 4416 3.04479
13.3128 0.554729 3876 3.06825
13.3711 0.543753 4752 3.00754
13.438 0.550302 4968 3.04376
13.505 0.530366 4494 2.9335
13.562 0.538146 4200 2.97653
13.6284 0.517821 5792 2.86411
13.6925 0.526068 4224 2.90973
13.7578 0.497597 5220 2.75225
13.8214 0.511634 4590 2.82989
13.8828 0.517737 5328 2.86365
13.951 0.512601 5304 2.83524
14.0176 0.512852 5040 2.83663
14.0783 0.508871 4920 2.81461
14.1459 0.471758 5750 2.60933
14.2151 0.481331 5388 2.66228
14.2795 0.485754 5784 2.68675
14.3486 0.470445 5400 2.60207
14.4152 0.47308 5640 2.61665
14.4848 0.45215 5934 2.50088
14.5518 0.456281 6120 2.52373
14.6213 0.449625 5544 2.48691
14.6889 0.454885 6164 2.516
14.7577 0.444941 5838 2.461
14.823 0.441103 6144 2.43978
14.8954 0.431359 6288 2.38588
14.9629 0.44481 6576 2.46028
15.0374 0.42837 6504 2.36935
15.1094 0.430126 6594 2.37906
15.1805 0.410704 7008 2.27164
15.2501 0.417084 6200 2.30692
15.3206 0.411625 6768 2.27673
15.3938 0.417828 7182 2.31104
15.4649 0.399405 6864 2.20914
15.5381 0.412857 7308 2.28355
15.6102 0.402528 6744 2.22641
15.6826 0.408392 7686 2.25885
15.7587 0.384451 7280 2.12643
15.831 0.399029 7920 2.20706
15.9075 0.376973 7560 2.08507
15.9799 0.393567 6948 2.17685
16.0529 0.385393 8430 2.13164
16.1323 0.369943 8328 2.04619
16.2083 0.378503 7824 2.09353
16.284 0.380151 8160 2.10265
16.3583 0.363019 8030 2.00789
16.4387 0.357174 9372 1.97556
16.5156 0.359531 7968 1.9886
16.5913 0.360091 8568 1.99169
16.6713 0.362858 8934 2.007
16.7473 0.349508 8952 1.93316
16.8262 0.345702 8880 1.9121
16.9073 0.345625 9548 1.91168
16.987 0.348418 9126 1.92713
17.0656 0.345011 9384 1.90829
17.1437 0.333182 9288 1.84286
17.2234 0.318733 9792 1.76294
17.3058 0.32597 9570 1.80297
17.3855 0.328526 10376 1.8171
17.4681 0.316903 10152 1.75282
17.5516 0.315953 9960 1.74757
17.6323 0.30864 10782 1.70711
17.7188 0.315333 10992 1.74413
17.8032 0.309839 10452 1.71375
17.8848 0.304965 10806 1.68679
17.9713 0.299372 11312 1.65585
18.0539 0.297605 11112 1.64608
18.1377 0.296578 10848 1.6404
18.2224 0.295994 11394 1.63717
18.3067 0.288541 11952 1.59595
18.3923 0.290954 11352 1.60929
18.4801 0.290829 12584 1.6086
18.5699 0.287761 12390 1.59163
18.6572 0.279196 12252 1.54425
18.7424 0.268684 12240 1.48611
18.8315 0.278047 12486 1.5379
18.9182 0.274321 13080 1.51729
19.007 0.269495 12968 1.4906
19.0958 0.270397 12612 1.49559
19.1845 0.261369 13974 1.44566
19.2771 0.263519 13944 1.45755
19.3664 0.251635 12840 1.39182
19.455 0.258196 14358 1.4281
19.5497 0.253097 14588 1.3999
19.6422 0.254443 14688 1.40734
19.733 0.250296 13560 1.38441
19.8252 0.247714 15582 1.37013
19.9184 0.24336 14544 1.34604
20.0117 0.244368 15420 1.35162
20.1076 0.244557 15614 1.35266
20.1995 0.238042 14880 1.31663
20.2937 0.240792 16728 1.33184
20.3922 0.230531 15690 1.27509
20.4858 0.230984 16248 1.27759
20.5801 0.230081 16584 1.2726
20.6798 0.226838 16904 1.25466
20.7774 0.228526 17430 1.264
20.875 0.229468 16908 1.26921
20.9715 0.222398 17640 1.2301
21.072 0.226238 17550 1.25134
21.17 0.22236 18696 1.22989
21.2704 0.219485 17792 1.21399
21.3695 0.211761 18138 1.17127
21.4685 0.218123 19392 1.20646
21.5707 0.211806 18768 1.17152
21.671 0.211574 19038 1.17023
21.7719 0.209565 19460 1.15912
21.8722 0.205122 19992 1.13455
21.98 0.202643 21174 1.12083
22.0835 0.202075 20040 1.11769
22.1864 0.201219 20628 1.11296
22.2901 0.20098 20798 1.11164
22.3939 0.199153 21480 1.10153
22.4995 0.19978 21792 1.105
22.6057 0.192828 21414 1.06655
22.7118 0.191978 23100 1.06185
22.8187 0.190015 21992 1.05099
22.9267 0.190911 23406 1.05595
23.0333 0.188758 22536 1.04404
23.142 0.191003 24348 1.05646
23.2521 0.187884 23598 1.0392
23.3607 0.187975 24224 1.03971
23.4703 0.18241 24648 1.00893
23.5813 0.179975 24618 0.995457
23.6872 0.180747 24192 0.999726
23.7989 0.178819 26208 0.989063
23.9113 0.176431 25790 0.975853
24.0243 0.172526 26916 0.954255
24.1376 0.175222 26214 0.969165
24.251 0.169682 27528 0.938523
24.3653 0.170186 27720 0.941315
24.4805 0.168423 27122 0.931561
24.5934 0.166447 28632 0.920631
24.7099 0.164943 28680 0.912316
24.8261 0.166228 28722 0.91942
24.9416 0.161463 30000 0.893063
25.0602 0.161821 29408 0.895046
25.1775 0.161196 30678 0.891588
25.2958 0.157755 30660 0.872558
25.4157 0.155568 31494 0.860462
25.5352 0.155245 31448 0.858675
25.6542 0.153338 32160 0.848127
25.7771 0.152079 33090 0.841163
25.8975 0.150064 32664 0.830017
26.0182 0.151307 32718 0.836893
26.1396 0.149085 34472 0.824601
26.263 0.147596 34260 0.816365
26.3857 0.145843 34302 0.806667
26.5078 0.144123 35472 0.797159
26.6335 0.142548 36020 0.788445
26.7594 0.140461 36942 0.776901
26.885 0.140655 36360 0.777972
27.0121 0.137588 38166 0.761009
27.1378 0.137428 36804 0.760126
27.2642 0.137075 38864 0.758172
27.3935 0.135852 39366 0.751407
27.5233 0.135032 40068 0.746871
27.6514 0.132951 38910 0.735361
27.7803 0.132487 41360 0.732799
27.9112 0.131092 40782 0.725079
28.0415 0.13095 42204 0.724298
28.1725 0.129658 41544 0.717148
28.3057 0.127895 44510 0.707397
28.4397 0.12633 42948 0.698744
28.5725 0.12591 44478 0.696418
28.7083 0.124619 46032 0.68928
28.8439 0.124133 44402 0.686592
28.977 0.12444 46320 0.688287
29.1132 0.12255 46848 0.677833
29.2508 0.12192 47814 0.67435
29.3881 0.118299 48260 0.654321
29.5284 0.118866 49758 0.657457
29.6664 0.118223 49032 0.653903
29.8052 0.116859 49770 0.646356
29.9443 0.116625 51056 0.64506
30.0844 0.114743 51504 0.63465
30.2265 0.113695 52866 0.628855
30.3681 0.112128 52848 0.620189
30.5114 0.111164 54542 0.614858
30.6547 0.11026 54276 0.609858
30.7979 0.110008 55062 0.608465
30.9419 0.108104 56568 0.597935
31.0885 0.107188 57266 0.592866
31.2344 0.10686 58056 0.591053
31.3808 0.104933 57750 0.580392
31.5277 0.104677 60380 0.578977
31.6771 0.1041 60390 0.575788
31.826 0.101953 61608 0.563913
31.9756 0.101406 61362 0.560887
32.1255 0.101705 63752 0.56254
32.277 0.0998335 63528 0.552187
32.4277 0.100957 64050 0.558403
32.5774 0.0996877 64784 0.551381
32.7324 0.0988492 68814 0.546743
32.8871 0.0969541 66156 0.536261
33.0405 0.0965868 68718 0.53423
33.1949 0.0958905 69104 0.530378
33.3524 0.0950898 71682 0.525949
33.5091 0.0936211 70512 0.517826
33.6653 0.0927286 72278 0.51289
33.8241 0.0926422 74532 0.512412
33.9843 0.0916419 74454 0.506879
34.1435 0.0918333 75540 0.507938
34.3039 0.0899976 76526 0.497784
34.4657 0.0901697 78648 0.498736
34.6274 0.0901304 77370 0.498519
34.7862 0.0884178 78272 0.489046
34.9499 0.0874505 82710 0.483696
35.1157 0.0865551 82146 0.478744
35.2805 0.0856736 83712 0.473868
35.4469 0.0850577 84710 0.470461
35.6137 0.0841964 86172 0.465697
35.7812 0.0834159 86406 0.461381
35.9482 0.0830363 88244 0.459281
36.1176 0.0827453 89670 0.457671
36.2871 0.0811692 90792 0.448954
36.4592 0.0815412 93194 0.451011
36.6302 0.0808019 92352 0.446922
36.8018 0.0792651 94914 0.438422
36.9741 0.0782887 95504 0.433022
37.1476 0.0782747 97230 0.432944
37.3221 0.0776787 98802 0.429648
37.4979 0.0770466 100952 0.426151
37.6734 0.0765089 99990 0.423177
37.8491 0.0755545 103356 0.417898
38.0283 0.0754332 105014 0.417227
38.2074 0.0742384 106548 0.410619
38.3868 0.0737202 106302 0.407753
38.5653 0.0735316 108002 0.40671
38.7463 0.0724171 111696 0.400545
38.9299 0.0716006 112158 0.396029
39.1123 0.0713124 113300 0.394435
39.2962 0.0708244 115302 0.391736
39.4808 0.0693833 117396 0.383765
39.6656 0.0690476 117158 0.381908
39.8521 0.0687718 121470 0.380383
40.0388 0.0684541 120660 0.378625
40.2277 0.067658 125030 0.374222
40.4172 0.0672291 125388 0.37185
40.6079 0.0671135 128094 0.37121
40.798 0.0661423 127058 0.365839
40.9891 0.065733 132336 0.363575
41.1824 0.0648141 132006 0.358492
41.3752 0.0642777 134162 0.355525
41.57 0.0638472 137760 0.353144
41.7662 0.0630881 137802 0.348946
41.9607 0.0626445 139016 0.346492
42.1586 0.0619673 144354 0.342746
42.357 0.0620071 142814 0.342967
42.5542 0.0609039 145932 0.336865
42.7541 0.0608621 148206 0.336633
42.9546 0.0596559 150566 0.329962
43.1564 0.059626 152820 0.329796
43.3597 0.0588499 155142 0.325504
43.5635 0.0582147 157220 0.32199
43.7684 0.0576676 159198 0.318965
43.9736 0.0570136 160994 0.315347
44.1803 0.0568059 164544 0.314198
44.3876 0.0562766 165282 0.311271
44.5959 0.0557738 168350 0.30849
44.8055 0.0551345 171660 0.304954
45.0168 0.0545673 173622 0.301816
45.2281 0.0545129 175034 0.301516
45.4403 0.0538543 178512 0.297873
45.6526 0.0532233 178646 0.294383
45.8674 0.0528717 185466 0.292438
46.0836 0.0523583 185382 0.289598
46.2996 0.0518222 188252 0.286633
46.5177 0.0511894 192126 0.283133
46.7365 0.05069 193562 0.280371
46.9554 0.0502943 196176 0.278182
47.1763 0.0500522 200130 0.276843
47.3979 0.0496759 201326 0.274761
47.6197 0.0488897 204972 0.270413
47.8437 0.0483008 208406 0.267156
48.0672 0.048101 208362 0.266051
48.2937 0.0475051 217662 0.262755
48.5225 0.0473122 217124 0.261688
48.7491 0.0465069 217446 0.257233
48.9778 0.0462146 224690 0.255617
49.2073 0.0458104 224058 0.253381
49.4385 0.0453256 231848 0.250699
49.6727 0.0450732 233994 0.249303
49.9056 0.044522 234198 0.246255
50.1391 0.0441524 239708 0.244211
50.3754 0.0437029 243630 0.241724
50.6128 0.043287 247010 0.239424
50.8493 0.0428006 246414 0.236734
51.0868 0.0424816 253772 0.234969
51.327 0.0421909 256902 0.233361
51.5685 0.0418242 261066 0.231333
51.8119 0.041235 265958 0.228074
52.0548 0.0408624 265098 0.226013
52.2978 0.0406114 271424 0.224625
52.5441 0.0401247 276858 0.221933
52.7923 0.0397114 281186 0.219647
53.0408 0.0392919 282918 0.217327
53.2887 0.0391759 285146 0.216685
53.5387 0.0385671 293280 0.213318
53.7907 0.0384129 294602 0.212465
54.0436 0.0379676 301278 0.210002
54.2977 0.0378048 302954 0.209101
54.5519 0.0372955 307674 0.206284
54.8068 0.0368587 310560 0.203869
55.0651 0.0365347 320834 0.202077
55.3252 0.0359736 321582 0.198973
55.5848 0.0359035 325226 0.198585
55.8457 0.0355269 331422 0.196502
56.1082 0.0352593 335066 0.195022
56.3718 0.0348147 341340 0.192563
56.636 0.0345397 342038 0.191042
56.9014 0.0341221 351354 0.188732
57.1695 0.0338387 355478 0.187165
57.4384 0.0336309 360066 0.186015
57.7081 0.0333617 364634 0.184526
57.9785 0.0328392 369072 0.181636
58.2513 0.0327291 377642 0.181027
58.5263 0.0324627 382074 0.179554
58.8009 0.0322071 384014 0.17814
59.0769 0.0317405 393066 0.17556
59.3537 0.0314051 393950 0.173704
59.632 0.0311636 404154 0.172368
59.9128 0.0308077 409178 0.1704
60.1941 0.0305731 413334 0.169102
60.4769 0.0304122 421196 0.168213
60.7603 0.030034 422658 0.16612
61.0455 0.0298437 434990 0.165068
61.333 0.0295351 437442 0.163361
61.6205 0.0293707 443066 0.162452
61.91 0.0291261 452150 0.161099
62.2007 0.0288698 455538 0.159681
62.4924 0.0285198 463382 0.157746
62.7855 0.0283105 468666 0.156588
63.0808 0.0281544 479642 0.155725
63.3779 0.0278151 482814 0.153848
63.675 0.0277329 489386 0.153393
63.9742 0.0273324 498642 0.151178
64.275 0.0271225 503450 0.150017
64.5769 0.0269321 512838 0.148964
64.8803 0.026646 517586 0.147381
65.1844 0.0264498 524372 0.146296
65.4902 0.0261586 534270 0.144685
65.7979 0.0260498 540386 0.144083
66.1075 0.0257099 550938 0.142203
66.418 0.0254603 554270 0.140823
66.7296 0.0252908 564978 0.139885
67.0437 0.0250682 574370 0.138654
67.359 0.0247943 579614 0.13714
67.6749 0.0245663 587778 0.135878
67.9926 0.024321 596978 0.134522
68.3122 0.0241368 606570 0.133503
68.6334 0.0239651 613982 0.132553
68.9554 0.0237746 621200 0.131499
69.2789 0.023542 631386 0.130213
69.6042 0.0232592 640418 0.128649
69.9318 0.0229803 651870 0.127106
70.2607 0.022894 657770 0.126629
70.5901 0.0225685 667082 0.124828
70.9211 0.0223484 675810 0.123611
71.2543 0.0221762 689318 0.122658
71.59 0.0220455 698754 0.121935
71.9268 0.0217403 706922 0.120247
72.2644 0.0216621 715562 0.119815
72.6038 0.0214128 727662 0.118436
72.9444 0.0213342 734426 0.118001
73.2859 0.0210554 745746 0.116459
73.6302 0.0208701 759698 0.115434
73.9762 0.0207085 768140 0.11454
74.3233 0.0204635 778770 0.113185
74.6733 0.0203025 795842 0.112295
75.0246 0.0201013 799442 0.111182
75.377 0.0198996 816042 0.110066
75.731 0.0197446 822038 0.109209
76.0864 0.0195539 837722 0.108154
76.4436 0.0193653 846330 0.107111
76.8023 0.0191791 860768 0.106081
77.1634 0.0190276 873722 0.105243
77.5261 0.0188373 885438 0.104191
77.8907 0.0186078 898730 0.102922
78.2565 0.0184375 908402 0.101979
78.6236 0.0182878 923226 0.101151
78.9927 0.0181383 933944 0.100324
79.3633 0.0179717 949730 0.0994029
79.7358 0.0178411 961278 0.0986809
80.111 0.0176471 981218 0.0976078
80.488 0.0174472 989186 0.0965017
80.8652 0.0173334 1001016 0.0958726
81.2446 0.0172062 1019138 0.095169
81.6263 0.0169815 1032842 0.0939263
82.0093 0.0168417 1045394 0.0931526
82.3948 0.0166613 1066230 0.0921551
82.7823 0.016493 1075496 0.0912242
83.1703 0.0163533 1090154 0.0904513
83.5609 0.0162223 1110378 0.0897271
83.9539 0.0160674 1124666 0.0888702
84.3485 0.0159324 1139624 0.0881235
84.7448 0.0157907 1157114 0.0873395
85.1429 0.0156704 1171434 0.0866743
85.5426 0.0155257 1188494 0.0858739
85.9444 0.0153869 1205504 0.0851064
86.3487 0.015244 1226594 0.0843159
86.7542 0.01507 1235562 0.0833537
87.1612 0.0149181 1259120 0.0825135
87.5707 0.0148232 1274498 0.0819886
87.9822 0.0146804 1295594 0.0811986
88.3953 0.0145437 1308312 0.0804426
88.8105 0.0144008 1333922 0.0796522
89.2281 0.0142716 1348418 0.0789372
89.6468 0.0141295 1366112 0.0781517
90.0678 0.013993 1389738 0.0773963
90.4912 0.0139161 1407458 0.0769713
90.9162 0.0137785 1426520 0.0762102
91.3433 0.0136757 1448810 0.0756414
91.7723 0.0135495 1465802 0.0749433
92.203 0.0133962 1488456 0.0740954
92.6362 0.0132831 1510766 0.0734702
93.0711 0.0131448 1528298 0.0727051
93.5078 0.0130515 1552784 0.0721889
93.9477 0.0129249 1579538 0.0714889
94.3895 0.0128294 1595784 0.0709604
94.8326 0.0127056 1619930 0.0702755
95.2774 0.0125725 1637186 0.0695395
95.7247 0.0124426 1669616 0.0688208
96.1751 0.0123386 1691834 0.068246
96.6264 0.0121977 1706952 0.0674664
97.0796 0.0121017 1739630 0.0669357
97.5363 0.0120159 1765064 0.0664607
97.9942 0.0119165 1783538 0.0659112
98.4548 0.0118163 1817480 0.0653569
98.9176 0.0117357 1837034 0.0649113
99.3825 0.0116313 1866512 0.0643339
99.8492 0.0114926 1888242 0.0635668
100.318 0.0114218 1917056 0.0631749
100.789 0.0112923 1941554 0.0624589
101.263 0.0112115 1978040 0.0620115
101.739 0.0110975 1997426 0.061381
102.216 0.0110395 2029256 0.0610602
102.696 0.0109118 2056370 0.0603539
103.179 0.0108433 2084000 0.0599752
103.663 0.010758 2117778 0.0595036
104.15 0.0106448 2143952 0.0588772
104.639 0.0105415 2175614 0.0583059
105.131 0.0104044 2206400 0.0575475
105.624 0.010326 2233970 0.0571141
106.12 0.0102346 2276456 0.0566086
106.619 0.0101403 2301848 0.056087
107.12 0.0100407 2332922 0.0555358
107.623 0.00995701 2366960 0.055073
108.128 0.00985665 2397698 0.0545179
108.636 0.00977546 2436644 0.0540689
109.147 0.00968568 2472608 0.0535723
109.659 0.00958345 2503050 0.0530069
110.174 0.00951032 2535392 0.0526024
110.692 0.00943144 2581088 0.0521661
111.212 0.00935238 2612762 0.0517288
111.734 0.00926799 2647964 0.051262
112.259 0.00918339 2687216 0.0507941
112.786 0.00910334 2724434 0.0503514
113.316 0.00901236 2765840 0.0498481
113.849 0.00891503 2798504 0.0493098
114.383 0.00884023 2841326 0.0488961
114.92 0.00876341 2886128 0.0484711
115.46 0.00868812 2920808 0.0480547
116.003 0.00860543 2967536 0.0475974
116.547 0.00852303 3000674 0.0471416
117.094 0.00843116 3050324 0.0466334
117.645 0.00836334 3094664 0.0462583
118.197 0.00828935 3136016 0.0458491
118.752 0.00820086 3179546 0.0453596
119.31 0.00813047 3227060 0.0449703
119.871 0.00805505 3271832 0.0445531
120.434 0.00798822 3315440 0.0441835
120.999 0.0078974 3363800 0.0436812
121.568 0.00782813 3414158 0.043298
122.139 0.00774852 3459752 0.0428577
122.712 0.00769125 3508864 0.042541
123.289 0.00761829 3560804 0.0421374
123.868 0.00754074 3608912 0.0417084
124.45 0.00747226 3660608 0.0413297
125.034 0.00739638 3707846 0.04091
125.621 0.0073322 3769664 0.040555
126.212 0.00726325 3822920 0.0401736
126.805 0.00718779 3863564 0.0397563
127.4 0.00711748 3930704 0.0393674
127.999 0.00704679 3986168 0.0389764
128.6 0.00698152 4034228 0.0386154
129.203 0.00692763 4090816 0.0383173
129.81 0.00686236 4160360 0.0379563
130.42 0.00679751 4213436 0.0375976
131.033 0.00672716 4270976 0.0372085
131.648 0.00667051 4332308 0.0368951
132.267 0.00661215 4395896 0.0365723
132.888 0.00654013 4454378 0.036174
133.512 0.00649069 4517036 0.0359006
134.139 0.00643225 4588552 0.0355773
134.769 0.00636979 4651316 0.0352319
135.402 0.00630537 4711190 0.0348755
136.038 0.00625381 4782704 0.0345904
136.677 0.00619025 4849964 0.0342388
137.319 0.00612906 4917080 0.0339003
137.964 0.00607728 4985260 0.0336139
138.612 0.00602748 5060456 0.0333385
139.263 0.00597057 5127788 0.0330237
139.917 0.0059143 5201672 0.0327125
140.575 0.00586257 5278196 0.0324263
141.235 0.00580072 5350384 0.0320843
141.898 0.00575048 5423492 0.0318064
142.565 0.00569783 5504720 0.0315152
143.235 0.00564811 5581268 0.0312402
143.907 0.00558521 5659270 0.0308923
144.583 0.00554456 5736332 0.0306674
145.262 0.00548562 5823104 0.0303414
145.945 0.00544839 5909900 0.0301355
146.631 0.00540105 5986168 0.0298737
147.319 0.00534976 6064034 0.02959
148.01 0.00528825 6162248 0.0292497
148.706 0.00524892 6249932 0.0290322
149.405 0.00519584 6331588 0.0287387
150.107 0.00515231 6424736 0.0284979
150.812 0.00510778 6515066 0.0282516
151.52 0.00506157 6607552 0.027996
152.231 0.0050078 6691412 0.0276986
152.946 0.00496867 6796676 0.0274821
153.665 0.00493138 6894838 0.0272759
154.387 0.00489275 6983324 0.0270622
155.112 0.00484863 7094120 0.0268182
155.84 0.00480628 7182634 0.026584
156.572 0.00476168 7295588 0.0263372
157.308 0.00472472 7389992 0.0261328
158.047 0.0046757 7499434 0.0258617
158.789 0.00463025 7606244 0.0256103
159.535 0.00459181 7703654 0.0253977
160.284 0.00454646 7823908 0.0251468
161.037 0.00450313 7933148 0.0249072
161.793 0.00446281 8035210 0.0246841
162.553 0.00442889 8168648 0.0244965
163.317 0.0043867 8270402 0.0242632
164.085 0.00434509 8396284 0.0240331
164.855 0.00430551 8496608 0.0238141
165.629 0.0042663 8636482 0.0235972
166.407 0.0042291 8744780 0.0233915
167.189 0.00419034 8878274 0.0231771
167.974 0.00415636 8998288 0.0229892
168.763 0.00412113 9127058 0.0227943
169.555 0.00408543 9258676 0.0225968
170.352 0.00405137 9394994 0.0224084
171.152 0.00401083 9518530 0.0221843
171.956 0.00397246 9652352 0.021972
172.764 0.00393443 9800506 0.0217617
173.576 0.0039051 9929156 0.0215994
174.391 0.00387537 10079002 0.021435
175.21 0.00383669 10202930 0.0212211
176.032 0.0038044 10362148 0.0210425
176.86 0.00376845 10508450 0.0208436
177.69 0.00373212 10647784 0.0206427
178.525 0.00370176 10817954 0.0204748
179.364 0.00367188 10950034 0.0203095
180.206 0.00363851 11116484 0.0201249
181.053 0.00360787 11277610 0.0199554
181.903 0.00357977 11430154 0.0198
182.757 0.00354302 11580074 0.0195967
183.615 0.00351375 11759140 0.0194349
184.478 0.00348153 11924378 0.0192566
185.344 0.0034528 12099850 0.0190977
186.215 0.00342576 12260050 0.0189481
187.09 0.00339294 12439484 0.0187666
187.968 0.00336135 12606226 0.0185919
188.851 0.00333802 12800474 0.0184629
189.739 0.00331202 12964258 0.0183191
190.629 0.00328457 13155874 0.0181672
191.525 0.00326116 13345394 0.0180378
192.424 0.00322892 13525540 0.0178594
193.328 0.00320306 13730122 0.0177164
194.237 0.00318031 13917890 0.0175906
195.149 0.00315341 14114938 0.0174418
196.066 0.00313177 14316682 0.0173221
196.987 0.00310709 14520626 0.0171856
197.912 0.00308405 14708962 0.0170582
198.841 0.00306348 14936002 0.0169444
199.775 0.00303855 15141986 0.0168065
200.714 0.00301291 15366994 0.0166647
201.657 0.00299149 15563242 0.0165462
202.604 0.00296975 15794614 0.0164259
203.555 0.0029504 16021226 0.0163189
204.511 0.00292782 16238338 0.016194
205.472 0.00290975 16476706 0.0160941
206.437 0.002889 16717282 0.0159793
207.407 0.0028693 16935730 0.0158704
208.381 0.00284896 17183270 0.0157578
209.36 0.00282796 17431546 0.0156417
210.343 0.00280902 17672128 0.0155369
211.331 0.0027889 17929450 0.0154256
212.324 0.0027723 18181246 0.0153338
213.321 0.00275496 18436154 0.0152379
214.323 0.00273932 18688066 0.0151514
215.33 0.00272202 18966160 0.0150557
216.341 0.00270847 19228342 0.0149808
217.357 0.00269429 19497994 0.0149024
218.378 0.00267955 19789402 0.0148208
219.404 0.00266306 20048224 0.0147296
220.434 0.00264915 20340694 0.0146527
221.47 0.00263831 20631698 0.0145927
222.51 0.00262281 20920738 0.014507
223.555 0.00261122 21224764 0.0144429
224.605 0.0026023 21524794 0.0143935
225.66 0.00259233 21819694 0.0143384
226.72 0.00258404 22136776 0.0142925
227.785 0.00257399 22446490 0.014237
228.855 0.00256608 22753708 0.0141932
229.93 0.00255804 23092930 0.0141488
231.01 0.0025525 23405020 0.0141181
232.095 0.00254652 23744914 0.014085
233.185 0.0025419 24090094 0.0140594
234.281 0.00253718 24416584 0.0140333
235.381 0.00253196 24763822 0.0140045
236.486 0.00253119 25116112 0.0140002
237.597 0.00252839 25474348 0.0139847
238.713 0.00252931 25839802 0.0139898
239.835 0.00253101 26191732 0.0139992
240.961 0.00253437 26563339 0.0140178
242.092 0.00252342 26678128 0.0139573
243.229 0.00250646 26655828 0.0138634
244.371 0.00249009 26675140 0.0137729
245.519 0.00247347 26644864 0.013681
246.672 0.00245705 26631640 0.0135901
247.831 0.00244296 26619904 0.0135122
248.995 0.00242606 26596180 0.0134188
250.164 0.00240959 26557060 0.0133277
251.339 0.0023911 26532520 0.0132253
252.52 0.00237591 26493240 0.0131413
253.706 0.00236107 26453764 0.0130593
254.898 0.00234879 26412544 0.0129913
256.095 0.00233307 26360476 0.0129044
257.298 0.00232037 26299600 0.0128342
258.506 0.00230348 26254092 0.0127408
259.72 0.00229104 26178916 0.0126719
260.94 0.00227761 26116096 0.0125976
262.166 0.00226782 26040928 0.0125435
263.398 0.00226006 25967736 0.0125006
264.635 0.00224571 25862260 0.0124212
265.878 0.00223202 25796416 0.0123455
267.127 0.00222024 25689396 0.0122803
268.381 0.0022104 25577176 0.0122259
269.641 0.00219831 25489588 0.0121591
270.908 0.00218548 25373328 0.0120881
272.181 0.00217488 25250224 0.0120294
273.459 0.00216456 25122124 0.0119724
274.744 0.0021543 24990660 0.0119156
276.034 0.00214388 24856192 0.011858
277.331 0.00213434 24706228 0.0118052
278.633 0.00212716 24558204 0.0117655
279.942 0.00212175 24392068 0.0117356
281.256 0.00211325 24237480 0.0116886
282.578 0.00210366 24064336 0.0116355
283.905 0.00209671 23876980 0.0115971
285.238 0.00209016 23697324 0.0115608
286.578 0.00208451 23498488 0.0115296
287.924 0.00207872 23292324 0.0114976
289.276 0.00207436 23100964 0.0114735
290.635 0.00206961 22862988 0.0114472
292 0.00206691 22634848 0.0114322
293.371 0.00206252 22410012 0.011408
294.749 0.00205783 22160572 0.011382
296.134 0.00205729 21915600 0.011379
297.525 0.0020548 21645516 0.0113653
298.922 0.0020513 21372232 0.0113459
300.326 0.00205123 21101172 0.0113455
301.737 0.00205104 20815564 0.0113445
303.154 0.00205273 20504628 0.0113538
304.578 0.00205273 20204736 0.0113538
306.008 0.00205578 19883356 0.0113707
307.446 0.00206014 19552848 0.0113948
308.89 0.00206153 19217196 0.0114025
310.34 0.00206843 18861736 0.0114407
311.798 0.00207345 18502836 0.0114684
313.262 0.00208149 18135780 0.0115129
314.734 0.00208934 17749600 0.0115563
316.212 0.00209878 17354232 0.0116085
317.697 0.00210831 16953228 0.0116612
319.189 0.00212057 16529656 0.0117291
320.688 0.00213138 16099164 0.0117888
322.194 0.00214478 15659388 0.0118629
323.707 0.00215717 15207864 0.0119315
325.228 0.00216767 14736132 0.0119895
326.755 0.00217763 14255596 0.0120446
328.29 0.00218843 13762332 0.0121044
329.831 0.00219698 13252296 0.0121517
331.38 0.00220766 12731268 0.0122107
332.936 0.00221602 12198720 0.012257
334.5 0.00222125 11649660 0.0122859
336.07 0.00222133 11081952 0.0122864
337.648 0.0022179 10500652 0.0122674
339.233 0.00220931 9911376 0.0122199
340.826 0.00219408 9301473 0.0121356
342.428 0.00217407 8737218 0.012025
344.037 0.00216559 8239530 0.011978
345.653 0.00215987 7788972 0.0119464
347.276 0.00215798 7357452 0.011936
348.907 0.00216287 6958434 0.011963
350.546 0.00216197 6572454 0.011958
352.193 0.00216925 6204966 0.0119983
353.846 0.00217689 5851524 0.0120405
355.508 0.00218773 5518854 0.0121005
357.178 0.00219513 5192928 0.0121415
358.855 0.00220236 4883690 0.0121814
360.541 0.00220988 4585122 0.012223
362.234 0.002227 4294452 0.0123177
363.936 0.00223056 4020870 0.0123374
365.645 0.0022572 3750774 0.0124848
367.362 0.00228453 3496122 0.0126359
369.087 0.00230496 3250038 0.0127489
370.821 0.00234143 3010904 0.0129507
372.561 0.0023789 2783520 0.0131579
374.311 0.00240465 2566482 0.0133003
376.069 0.00245577 2355504 0.0135831
377.834 0.00249834 2154350 0.0138185
379.608 0.00253656 1964322 0.0140299
381.39 0.0025805 1782180 0.0142729
383.182 0.00263519 1608354 0.0145755
384.981 0.00270128 1442012 0.014941
386.789 0.00276032 1285878 0.0152675
388.604 0.00283593 1137636 0.0156858
390.428 0.00292227 999476 0.0161633
392.259 0.00300464 867846 0.0166189
394.098 0.00310859 746768 0.0171938
395.947 0.00323753 636276 0.017907
397.808 0.00334286 532566 0.0184896
399.672 0.00344275 435044 0.0190421
401.544 0.00353427 351690 0.0195484
403.43 0.00367005 275630 0.0202994
405.315 0.00389249 204876 0.0215297
407.208 0.00401681 150770 0.0222173
409.126 0.00424727 100542 0.023492
411.007 0.00432885 59294 0.0239432
412.885 0.00459377 32538 0.0254085
414.786 0.00520833 11726 0.0288077
416.481 0.00541471 1560 0.0299492
417.899 0.00212409 1 0.0117485
