# in Mpc/h Units 
# D1 = 0.215728 
# k P N P(z=0)
0.314159 41.5729 6 893.302
0.444288 22.0458 12 473.711
0.54414 14.5815 8 313.321
0.628319 10.0908 6 216.827
0.702481 7.01632 24 150.764
0.76953 6.68885 24 143.728
0.888577 4.59834 12 98.8074
0.942478 4.89331 30 105.145
0.993459 3.13999 24 67.4708
1.04195 3.48064 24 74.7907
1.08828 3.44294 8 73.9806
1.13272 2.47611 24 53.2057
1.17548 2.74405 48 58.9631
1.25664 2.27084 6 48.795
1.29531 2.17579 48 46.7526
1.33286 1.69848 36 36.4962
1.36939 1.93356 24 41.5476
1.40496 2.53873 24 54.5513
1.43966 1.50478 48 32.3341
1.47354 1.79306 24 38.5287
1.53906 1.71692 24 36.8926
1.5708 1.58955 30 34.1557
1.6019 1.39395 72 29.9526
1.63242 1.23779 32 26.5972
1.6918 0.993431 72 21.3465
1.72072 1.78497 48 38.3548
1.77715 1.6582 12 35.6307
1.80471 1.2842 48 27.5944
1.83185 1.04134 48 22.3758
1.85859 1.02999 48 22.132
1.88496 0.672055 30 14.4409
1.91096 0.600097 24 12.8946
1.93661 0.967248 72 20.7838
1.98692 0.79324 24 17.0448
2.0116 1.05291 96 22.6244
2.03598 0.916896 48 19.7019
2.06008 0.807018 24 17.3409
2.0839 0.673082 24 14.4629
2.10744 0.842819 72 18.1102
2.13073 0.849651 48 18.257
2.17656 0.460283 8 9.89039
2.19911 0.676608 54 14.5387
2.22144 0.646335 84 13.8882
2.24355 0.649351 48 13.953
2.26543 0.766565 24 16.4717
2.28711 0.711954 72 15.2982
2.30859 0.804799 96 17.2932
2.35095 0.497452 48 10.6891
2.37185 0.841769 48 18.0876
2.39257 0.77255 24 16.6003
2.4131 0.489812 72 10.5249
2.45366 0.644857 72 13.8564
2.47369 0.602372 96 12.9435
2.51327 0.513557 6 11.0351
2.53283 0.584474 96 12.5589
2.55224 0.688368 96 14.7914
2.5715 0.552892 24 11.8803
2.59062 0.613453 48 13.1816
2.6096 0.603563 96 12.9691
2.62844 0.672871 48 14.4584
2.66573 0.592782 36 12.7375
2.68418 0.573815 48 12.3299
2.7025 0.528245 120 11.3507
2.7207 0.421514 56 9.05732
2.73878 0.565462 24 12.1504
2.75674 0.38747 96 8.3258
2.77458 0.519391 48 11.1605
2.80993 0.583078 24 12.5289
2.82743 0.472004 102 10.1422
2.84483 0.500544 48 10.7555
2.86213 0.418085 72 8.98366
2.87932 0.459961 48 9.88346
2.89641 0.350495 48 7.53131
2.91339 0.485814 120 10.439
2.94708 0.331185 24 7.11637
2.96377 0.42974 144 9.23408
2.98038 0.477845 120 10.2678
2.99689 0.404162 48 8.68447
3.02964 0.417947 48 8.98068
3.04589 0.403841 96 8.67759
3.07812 0.363624 24 7.81342
3.09411 0.418695 48 8.99675
3.11002 0.441171 108 9.47971
3.12585 0.334645 72 7.19072
3.14159 0.329376 30 7.07751
3.15726 0.438606 168 9.42459
3.17285 0.529547 48 11.3787
3.20381 0.378607 72 8.13536
3.21917 0.343786 96 7.38714
3.23447 0.393637 72 8.45832
3.24969 0.386703 72 8.30932
3.26484 0.365588 32 7.85562
3.27992 0.319036 72 6.85532
3.29493 0.394322 144 8.47304
3.33956 0.397984 96 8.55173
3.3543 0.278214 96 5.97815
3.36898 0.257489 48 5.53283
3.3836 0.399966 72 8.59431
3.39815 0.416349 120 8.94635
3.41264 0.400877 72 8.61389
3.44144 0.290358 48 6.23911
3.45575 0.328716 78 7.06332
3.47 0.296122 120 6.36295
3.48419 0.349039 48 7.50002
3.51241 0.259906 144 5.58476
3.52643 0.303586 144 6.52333
3.55431 0.254636 12 5.47152
3.56816 0.370559 144 7.96242
3.58197 0.448423 48 9.63554
3.59963 0.310597 168 6.67398
3.62306 0.319582 48 6.86704
3.63666 0.314889 168 6.76622
3.67266 0.31289 144 6.72326
3.69054 0.322815 96 6.93652
3.70388 0.273834 72 5.88405
3.71718 0.243893 48 5.24068
3.73484 0.296984 144 6.38147
3.76991 0.277672 30 5.9665
3.79166 0.27145 288 5.83282
3.80898 0.349265 56 7.50487
3.83319 0.273228 192 5.87103
3.84765 0.310835 120 6.67911
3.8817 0.296925 216 6.38021
3.89861 0.271153 96 5.82643
3.91125 0.222564 96 4.78237
3.9364 0.332593 72 7.14663
3.94892 0.323969 96 6.96131
3.97384 0.251578 24 5.4058
3.99068 0.254415 300 5.46678
4.01092 0.256062 24 5.50216
4.02933 0.298119 192 6.40588
4.04766 0.290626 120 6.24486
4.07197 0.186942 48 4.01694
4.0919 0.235873 222 5.06836
4.10817 0.225308 120 4.84133
4.13063 0.296743 192 6.37629
4.14405 0.245995 144 5.28585
4.16779 0.216818 24 4.65891
4.18748 0.230861 144 4.96066
4.20316 0.278813 120 5.99102
4.2222 0.272503 192 5.85545
4.23824 0.223446 144 4.80133
4.26146 0.215296 48 4.6262
4.27797 0.244266 336 5.24869
4.29606 0.209181 48 4.49481
4.32126 0.233042 240 5.00752
4.35312 0.185349 8 3.98271
4.36444 0.215729 48 4.6355
4.37895 0.217892 336 4.68197
4.40596 0.222318 174 4.77708
4.42061 0.251921 120 5.41317
4.44989 0.220436 228 4.73665
4.47135 0.250224 168 5.37671
4.49441 0.260259 144 5.59235
4.50903 0.210839 240 4.53043
4.53087 0.271949 24 5.84353
4.54485 0.23938 336 5.1437
4.56883 0.206747 144 4.44249
4.58961 0.211791 168 4.55088
4.61718 0.203712 96 4.37727
4.63377 0.203621 216 4.37534
4.66325 0.204172 288 4.38716
4.68087 0.251636 144 5.40706
4.70985 0.208236 198 4.4745
4.72865 0.176298 216 3.78822
4.75112 0.234268 168 5.03385
4.76446 0.207945 240 4.46825
4.79396 0.237131 168 5.09537
4.81157 0.182663 336 3.925
4.8405 0.214931 240 4.61836
4.8819 0.189771 276 4.07773
4.90919 0.218845 344 4.70246
4.9274 0.172406 144 3.7046
4.95336 0.218962 240 4.70497
4.97264 0.211791 312 4.55088
5.0049 0.20179 240 4.33598
5.02655 0.103343 6 2.2206
5.04369 0.213083 384 4.57864
5.0724 0.183453 312 3.94196
5.09618 0.180699 168 3.88278
5.12103 0.224544 336 4.82491
5.14917 0.184791 336 3.97072
5.16216 0.201297 192 4.3254
5.19393 0.184946 288 3.97406
5.21395 0.177243 216 3.80852
5.23525 0.162578 240 3.49341
5.26744 0.168261 384 3.61552
5.28498 0.231726 72 4.97924
5.3076 0.180199 336 3.87205
5.34569 0.164905 378 3.5434
5.36222 0.159473 144 3.4267
5.38155 0.162452 384 3.49071
5.41298 0.154615 384 3.32231
5.43886 0.178817 344 3.84236
5.45951 0.164047 144 3.52497
5.49081 0.160231 456 3.44298
5.51553 0.151373 312 3.25265
5.53728 0.166132 144 3.56979
5.56768 0.180023 552 3.86827
5.59826 0.168538 264 3.62147
5.62783 0.161741 264 3.47542
5.64631 0.159776 294 3.4332
5.66891 0.168559 432 3.62192
5.69929 0.140132 432 3.0111
5.72582 0.139539 264 2.99836
5.74576 0.129864 192 2.79047
5.77837 0.140117 468 3.01079
5.80465 0.165788 552 3.56239
5.83524 0.138706 336 2.98046
5.86196 0.132254 288 2.84182
5.88885 0.146125 456 3.13987
5.91828 0.154416 432 3.31802
5.93942 0.147621 168 3.17202
5.97346 0.136926 566 2.94221
6.00383 0.136411 432 2.93114
6.03753 0.139631 432 3.00035
6.05765 0.146477 360 3.14744
6.08553 0.15227 624 3.27192
6.11016 0.121985 264 2.62118
6.1359 0.135935 360 2.92091
6.17267 0.132244 456 2.8416
6.19846 0.152602 504 3.27906
6.23352 0.127487 564 2.7394
6.26302 0.120796 384 2.59562
6.29378 0.145042 462 3.11661
6.32143 0.137469 624 2.95389
6.35606 0.126367 432 2.71532
6.38387 0.138353 624 2.97289
6.4159 0.143683 312 3.0874
6.44034 0.139998 552 3.00822
6.47521 0.125417 408 2.6949
6.4939 0.141269 600 3.03554
6.53503 0.125423 608 2.69504
6.56485 0.116757 504 2.50884
6.59664 0.117172 510 2.51775
6.62898 0.119532 600 2.56845
6.66071 0.131142 492 2.81793
6.68361 0.117362 552 2.52183
6.72229 0.120936 696 2.59863
6.74598 0.1125 504 2.41735
6.77945 0.116328 528 2.49961
6.80746 0.118547 624 2.54729
6.83939 0.123824 504 2.66068
6.87445 0.106952 552 2.29815
6.90783 0.113691 654 2.44295
6.93959 0.118264 840 2.54121
6.97409 0.11688 744 2.51146
7.00741 0.101934 456 2.19032
7.03677 0.114396 648 2.45809
7.0753 0.10493 896 2.25469
7.10524 0.114987 396 2.4708
7.13632 0.110515 816 2.37469
7.17401 0.0974083 672 2.09307
7.20038 0.115627 552 2.48454
7.23702 0.10898 894 2.34172
7.27234 0.116328 672 2.4996
7.30559 0.100973 624 2.16967
7.33921 0.106899 888 2.297
7.3688 0.106622 720 2.29106
7.40895 0.108364 936 2.32849
7.44885 0.108562 648 2.33274
7.48186 0.104688 936 2.24949
7.51427 0.105445 696 2.26577
7.55531 0.11534 618 2.47839
7.58487 0.0990087 1008 2.12746
7.61849 0.106094 872 2.2797
7.65737 0.104401 960 2.24333
7.69668 0.100707 888 2.16396
7.72847 0.101835 648 2.1882
7.76442 0.0974082 840 2.09307
7.79705 0.100487 912 2.15922
7.83408 0.0960753 774 2.06443
7.87257 0.0988752 1272 2.12459
7.91246 0.100228 912 2.15366
7.95094 0.0988392 864 2.12382
7.98724 0.090458 924 1.94373
8.02142 0.0964647 1080 2.0728
8.06273 0.0957631 1008 2.05772
8.09946 0.08814 1128 1.89392
8.14393 0.0873121 768 1.87613
8.17502 0.0956447 1046 2.05518
8.2152 0.0935014 1152 2.00912
8.25601 0.0917439 1272 1.97136
8.29592 0.0917104 912 1.97064
8.33191 0.0886631 1200 1.90516
8.37325 0.085191 1080 1.83055
8.40498 0.0939583 840 2.01894
8.45084 0.0868581 1332 1.86637
8.48913 0.0915029 1062 1.96618
8.52681 0.0809893 1320 1.74027
8.571 0.0849651 1248 1.8257
8.60833 0.0849104 1104 1.82452
8.65005 0.0872016 1392 1.87375
8.68693 0.0858767 776 1.84528
8.73005 0.078304 1728 1.68257
8.77244 0.0814483 1224 1.75013
8.81651 0.0794888 1254 1.70802
8.85893 0.080571 1368 1.73128
8.89912 0.0776689 1236 1.66892
8.93741 0.0788622 1608 1.69456
8.98308 0.0795618 1008 1.70959
9.01647 0.0782122 1488 1.68059
9.0649 0.0807816 1440 1.7358
9.10803 0.0724734 1158 1.55728
9.14809 0.0761897 1824 1.63714
9.19097 0.0752609 1464 1.61718
9.23816 0.0732786 1448 1.57458
9.27848 0.0785254 1560 1.68732
9.32418 0.0695152 1428 1.49372
9.36737 0.0784575 1680 1.68586
9.41383 0.0702723 1494 1.50998
9.45819 0.0763034 1944 1.63958
9.50417 0.0763623 1368 1.64084
9.54561 0.0704498 1584 1.5138
9.58954 0.0734845 1776 1.57901
9.63134 0.0731308 1440 1.57141
9.67749 0.0720113 1968 1.54735
9.72378 0.0739728 1374 1.5895
9.76914 0.0725792 2100 1.55955
9.81572 0.0716144 1640 1.53882
9.86551 0.0710124 2496 1.52589
9.9123 0.0698103 1248 1.50006
9.94845 0.0672358 1512 1.44474
10.0002 0.0693788 2280 1.49078
10.0491 0.0690721 1926 1.48419
10.0953 0.067084 2064 1.44148
10.1462 0.0658101 1920 1.4141
10.1883 0.0654638 1944 1.40666
10.2408 0.0664124 2172 1.42704
10.2901 0.0678581 2256 1.45811
10.3372 0.0655982 1736 1.40955
10.3847 0.0674916 2094 1.45023
10.433 0.0683047 2328 1.4677
10.4818 0.0663386 2256 1.42546
10.5302 0.067665 1920 1.45396
10.5776 0.061408 2520 1.31951
10.6299 0.0660729 2088 1.41975
10.6858 0.0622111 2634 1.33677
10.7342 0.06115 2328 1.31397
10.7818 0.0657884 2304 1.41364
10.835 0.063912 2568 1.37332
10.8856 0.067935 2024 1.45976
10.928 0.0618025 2352 1.32799
10.982 0.0609293 2718 1.30923
11.0344 0.0608899 2520 1.30838
11.0896 0.0610077 2772 1.31091
11.1403 0.0593628 2640 1.27556
11.1945 0.0585867 2880 1.25889
11.2496 0.0623225 2448 1.33916
11.2983 0.0604995 2478 1.29999
11.3489 0.0593258 2904 1.27477
11.4036 0.0584241 2816 1.2554
11.4546 0.0600113 3024 1.2895
11.5153 0.0593071 2952 1.27437
11.5679 0.0546069 2796 1.17337
11.6203 0.0560976 2982 1.2054
11.6775 0.0545114 3312 1.17132
11.7301 0.0575077 2688 1.2357
11.7844 0.0555876 3144 1.19445
11.8428 0.0550045 3672 1.18192
11.8939 0.0537952 2328 1.15593
11.9543 0.0555901 4046 1.1945
12.0117 0.0551968 2844 1.18605
12.0645 0.0558892 3600 1.20093
12.1216 0.0548858 3264 1.17937
12.1786 0.0529024 3288 1.13675
12.2342 0.0546921 3198 1.1752
12.2899 0.0544284 3864 1.16954
12.3488 0.0555837 3456 1.19436
12.4064 0.0524157 3744 1.12629
12.468 0.0523772 3876 1.12546
12.5262 0.0519415 3392 1.1161
12.5835 0.0523688 3918 1.12528
12.6436 0.0528677 3864 1.136
12.7041 0.0502283 4104 1.07929
12.76 0.0500577 3480 1.07562
12.8193 0.049982 4080 1.07399
12.8832 0.0491113 4170 1.05528
12.9428 0.04995 4176 1.07331
13.004 0.0482586 4560 1.03696
13.0668 0.0493276 3656 1.05993
13.1234 0.0489871 4344 1.05262
13.1905 0.0487642 4830 1.04783
13.2535 0.0474881 4416 1.02041
13.3128 0.0480171 3876 1.03177
13.3711 0.0477956 4752 1.02701
13.438 0.0475784 4968 1.02235
13.505 0.047347 4494 1.01737
13.562 0.0477188 4200 1.02536
13.6284 0.0459852 5792 0.988112
13.6925 0.047763 4224 1.02631
13.7578 0.0467644 5220 1.00485
13.8214 0.0450798 4590 0.968658
13.8828 0.0466564 5328 1.00253
13.951 0.0458636 5304 0.985499
14.0176 0.0452398 5040 0.972095
14.0783 0.0444874 4920 0.955928
14.1459 0.0457189 5750 0.982389
14.2151 0.0432921 5388 0.930244
14.2795 0.042662 5784 0.916704
14.3486 0.0425387 5400 0.914055
14.4152 0.0424757 5640 0.912702
14.4848 0.0446544 5934 0.959517
14.5518 0.0430612 6120 0.925283
14.6213 0.0424469 5544 0.912084
14.6889 0.041405 6164 0.889694
14.7577 0.0416411 5838 0.894767
14.823 0.0423558 6144 0.910125
14.8954 0.0415847 6288 0.893556
14.9629 0.039962 6576 0.858688
15.0374 0.0396437 6504 0.851848
15.1094 0.0405229 6594 0.87074
15.1805 0.0404977 7008 0.870199
15.2501 0.0409284 6200 0.879455
15.3206 0.0394422 6768 0.847519
15.3938 0.0389738 7182 0.837455
15.4649 0.0394254 6864 0.847159
15.5381 0.0386085 7308 0.829605
15.6102 0.0373807 6744 0.803223
15.6826 0.0382928 7686 0.822822
15.7587 0.0385511 7280 0.828371
15.831 0.0379735 7920 0.81596
15.9075 0.0378853 7560 0.814064
15.9799 0.0368042 6948 0.790835
16.0529 0.0371249 8430 0.797725
16.1323 0.0370929 8328 0.797038
16.2083 0.0377811 7824 0.811826
16.284 0.036668 8160 0.787909
16.3583 0.0363653 8030 0.781404
16.4387 0.0358211 9372 0.76971
16.5156 0.0359731 7968 0.772976
16.5913 0.0351452 8568 0.755186
16.6713 0.0355293 8934 0.763441
16.7473 0.0340013 8952 0.730608
16.8262 0.0354893 8880 0.76258
16.9073 0.034478 9548 0.740851
16.987 0.0342634 9126 0.736239
17.0656 0.0346339 9384 0.744199
17.1437 0.0338666 9288 0.727713
17.2234 0.0339929 9792 0.730426
17.3058 0.0332489 9570 0.71444
17.3855 0.0340347 10376 0.731325
17.4681 0.0328835 10152 0.706587
17.5516 0.0329188 9960 0.707347
17.6323 0.0331945 10782 0.71327
17.7188 0.0319406 10992 0.686328
17.8032 0.0310108 10452 0.666348
17.8848 0.0320186 10806 0.688003
17.9713 0.03129 11312 0.672348
18.0539 0.0309938 11112 0.665984
18.1377 0.0312265 10848 0.670984
18.2224 0.031458 11394 0.675958
18.3067 0.0306383 11952 0.658344
18.3923 0.0314548 11352 0.675888
18.4801 0.0303786 12584 0.652763
18.5699 0.0299571 12390 0.643707
18.6572 0.0304363 12252 0.654002
18.7424 0.0303583 12240 0.652328
18.8315 0.0293807 12486 0.631322
18.9182 0.0296645 13080 0.637419
19.007 0.029113 12968 0.62557
19.0958 0.0286066 12612 0.614688
19.1845 0.0285529 13974 0.613534
19.2771 0.0285094 13944 0.612599
19.3664 0.0284219 12840 0.61072
19.455 0.0280803 14358 0.603378
19.5497 0.027581 14588 0.59265
19.6422 0.0275086 14688 0.591095
19.733 0.0281813 13560 0.605549
19.8252 0.0273106 15582 0.586839
19.9184 0.0275469 14544 0.591916
20.0117 0.0269684 15420 0.579487
20.1076 0.0268657 15614 0.577281
20.1995 0.0266611 14880 0.572883
20.2937 0.0268276 16728 0.576461
20.3922 0.026787 15690 0.575588
20.4858 0.0259439 16248 0.557472
20.5801 0.026394 16584 0.567144
20.6798 0.0260324 16904 0.559374
20.7774 0.025582 17430 0.549695
20.875 0.0257454 16908 0.553207
20.9715 0.0260753 17640 0.560296
21.072 0.0251003 17550 0.539346
21.17 0.025099 18696 0.539317
21.2704 0.0249954 17792 0.537092
21.3695 0.0248192 18138 0.533305
21.4685 0.0245503 19392 0.527527
21.5707 0.0246753 18768 0.530213
21.671 0.0243127 19038 0.522423
21.7719 0.0241184 19460 0.518246
21.8722 0.0238218 19992 0.511873
21.98 0.0241153 21174 0.51818
22.0835 0.0233691 20040 0.502147
22.1864 0.0235485 20628 0.506002
22.2901 0.0236111 20798 0.507345
22.3939 0.0231824 21480 0.498134
22.4995 0.0231897 21792 0.498291
22.6057 0.0229738 21414 0.493653
22.7118 0.0226354 23100 0.486381
22.8187 0.0223962 21992 0.481242
22.9267 0.0225172 23406 0.483842
23.0333 0.0221046 22536 0.474974
23.142 0.0219019 24348 0.47062
23.2521 0.0215323 23598 0.462678
23.3607 0.021994 24224 0.472599
23.4703 0.0213092 24648 0.457883
23.5813 0.0216454 24618 0.465107
23.6872 0.0208977 24192 0.449041
23.7989 0.0209755 26208 0.450713
23.9113 0.0207183 25790 0.445187
24.0243 0.0205849 26916 0.442319
24.1376 0.0204766 26214 0.439993
24.251 0.0203949 27528 0.438237
24.3653 0.0202477 27720 0.435074
24.4805 0.020336 27122 0.436972
24.5934 0.0199209 28632 0.428053
24.7099 0.0199844 28680 0.429418
24.8261 0.0198467 28722 0.426459
24.9416 0.0196157 30000 0.421495
25.0602 0.0196135 29408 0.421448
25.1775 0.0194145 30678 0.417172
25.2958 0.0191276 30660 0.411008
25.4157 0.0190512 31494 0.409366
25.5352 0.0190563 31448 0.409475
25.6542 0.0187533 32160 0.402964
25.7771 0.0184426 33090 0.396288
25.8975 0.0183679 32664 0.394682
26.0182 0.0179867 32718 0.386492
26.1396 0.0183217 34472 0.393689
26.263 0.018049 34260 0.387831
26.3857 0.0178323 34302 0.383174
26.5078 0.0177509 35472 0.381424
26.6335 0.017502 36020 0.376075
26.7594 0.017509 36942 0.376227
26.885 0.0173258 36360 0.372289
27.0121 0.0172288 38166 0.370205
27.1378 0.0168949 36804 0.363031
27.2642 0.0173401 38864 0.372597
27.3935 0.0168118 39366 0.361244
27.5233 0.0166493 40068 0.357754
27.6514 0.0164733 38910 0.353972
27.7803 0.0165125 41360 0.354814
27.9112 0.0164377 40782 0.353206
28.0415 0.0161973 42204 0.348042
28.1725 0.01606 41544 0.345091
28.3057 0.0159212 44510 0.34211
28.4397 0.0158987 42948 0.341626
28.5725 0.0157981 44478 0.339464
28.7083 0.0155461 46032 0.334048
28.8439 0.015786 44402 0.339203
28.977 0.015422 46320 0.331382
29.1132 0.0154128 46848 0.331184
29.2508 0.0151741 47814 0.326055
29.3881 0.0150089 48260 0.322504
29.5284 0.0150471 49758 0.323327
29.6664 0.0148342 49032 0.318752
29.8052 0.0146931 49770 0.31572
29.9443 0.0147389 51056 0.316705
30.0844 0.014506 51504 0.3117
30.2265 0.0143966 52866 0.309348
30.3681 0.0144231 52848 0.309919
30.5114 0.0142249 54542 0.305658
30.6547 0.0143399 54276 0.30813
30.7979 0.0139158 55062 0.299017
30.9419 0.0139606 56568 0.29998
31.0885 0.0137642 57266 0.295759
31.2344 0.0136779 58056 0.293905
31.3808 0.0134904 57750 0.289876
31.5277 0.0135717 60380 0.291624
31.6771 0.0133546 60390 0.286958
31.826 0.0131716 61608 0.283026
31.9756 0.0131496 61362 0.282554
32.1255 0.0129089 63752 0.277381
32.277 0.0129041 63528 0.277277
32.4277 0.0128785 64050 0.276728
32.5774 0.0128617 64784 0.276368
32.7324 0.0127015 68814 0.272925
32.8871 0.0125673 66156 0.270041
33.0405 0.0124536 68718 0.267599
33.1949 0.0124771 69104 0.268104
33.3524 0.0122667 71682 0.263582
33.5091 0.0122053 70512 0.262263
33.6653 0.0120659 72278 0.259267
33.8241 0.0119747 74532 0.257308
33.9843 0.0117668 74454 0.25284
34.1435 0.0117422 75540 0.252313
34.3039 0.0117486 76526 0.252449
34.4657 0.0116517 78648 0.250367
34.6274 0.0114869 77370 0.246825
34.7862 0.0112467 78272 0.241665
34.9499 0.0113366 82710 0.243596
35.1157 0.0111562 82146 0.239721
35.2805 0.0110685 83712 0.237835
35.4469 0.0109983 84710 0.236328
35.6137 0.0110167 86172 0.236722
35.7812 0.0108314 86406 0.23274
35.9482 0.0108113 88244 0.23231
36.1176 0.0106735 89670 0.229349
36.2871 0.0106882 90792 0.229664
36.4592 0.0106096 93194 0.227976
36.6302 0.0105369 92352 0.226412
36.8018 0.0104344 94914 0.224209
36.9741 0.0102365 95504 0.219957
37.1476 0.0103715 97230 0.222859
37.3221 0.0103217 98802 0.221788
37.4979 0.0101606 100952 0.218326
37.6734 0.0100816 99990 0.216629
37.8491 0.0100443 103356 0.215829
38.0283 0.00992355 105014 0.213233
38.2074 0.00984107 106548 0.211461
38.3868 0.00970229 106302 0.208479
38.5653 0.00969636 108002 0.208352
38.7463 0.0095742 111696 0.205727
38.9299 0.00956235 112158 0.205472
39.1123 0.0094233 113300 0.202484
39.2962 0.00941134 115302 0.202227
39.4808 0.00936634 117396 0.20126
39.6656 0.00917487 117158 0.197146
39.8521 0.00909019 121470 0.195327
40.0388 0.00902808 120660 0.193992
40.2277 0.00901338 125030 0.193676
40.4172 0.00890154 125388 0.191273
40.6079 0.00885391 128094 0.190249
40.798 0.00887181 127058 0.190634
40.9891 0.00872326 132336 0.187442
41.1824 0.00868542 132006 0.186629
41.3752 0.00855731 134162 0.183876
41.57 0.00849127 137760 0.182457
41.7662 0.00844922 137802 0.181554
41.9607 0.00840998 139016 0.180711
42.1586 0.00833288 144354 0.179054
42.357 0.00824654 142814 0.177198
42.5542 0.00818767 145932 0.175934
42.7541 0.00807854 148206 0.173589
42.9546 0.00799453 150566 0.171783
43.1564 0.00791316 152820 0.170035
43.3597 0.00790205 155142 0.169796
43.5635 0.00779585 157220 0.167514
43.7684 0.00777817 159198 0.167134
43.9736 0.00767529 160994 0.164924
44.1803 0.00758931 164544 0.163076
44.3876 0.0075225 165282 0.161641
44.5959 0.00746377 168350 0.160379
44.8055 0.00740676 171660 0.159154
45.0168 0.0074086 173622 0.159193
45.2281 0.00728591 175034 0.156557
45.4403 0.00728481 178512 0.156533
45.6526 0.00722721 178646 0.155295
45.8674 0.00714424 185466 0.153513
46.0836 0.007045 185382 0.15138
46.2996 0.00701573 188252 0.150751
46.5177 0.00694371 192126 0.149204
46.7365 0.0069222 193562 0.148742
46.9554 0.00687014 196176 0.147623
47.1763 0.00683749 200130 0.146921
47.3979 0.00675172 201326 0.145078
47.6197 0.00669388 204972 0.143836
47.8437 0.00662124 208406 0.142275
48.0672 0.00656026 208362 0.140964
48.2937 0.0065432 217662 0.140598
48.5225 0.00647646 217124 0.139164
48.7491 0.00642703 217446 0.138102
48.9778 0.00637756 224690 0.137039
49.2073 0.00630576 224058 0.135496
49.4385 0.00628671 231848 0.135086
49.6727 0.00617835 233994 0.132758
49.9056 0.00612581 234198 0.131629
50.1391 0.00609286 239708 0.130921
50.3754 0.00602881 243630 0.129545
50.6128 0.00598146 247010 0.128527
50.8493 0.00594897 246414 0.127829
51.0868 0.00587827 253772 0.12631
51.327 0.00581049 256902 0.124854
51.5685 0.00578529 261066 0.124312
51.8119 0.00574641 265958 0.123477
52.0548 0.00570184 265098 0.122519
52.2978 0.00565641 271424 0.121543
52.5441 0.00557785 276858 0.119855
52.7923 0.00555037 281186 0.119264
53.0408 0.00549903 282918 0.118161
53.2887 0.00545457 285146 0.117206
53.5387 0.00540649 293280 0.116172
53.7907 0.00535947 294602 0.115162
54.0436 0.0053242 301278 0.114404
54.2977 0.00527936 302954 0.113441
54.5519 0.00520224 307674 0.111784
54.8068 0.00521879 310560 0.112139
55.0651 0.00512416 320834 0.110106
55.3252 0.00511755 321582 0.109964
55.5848 0.00506141 325226 0.108758
55.8457 0.00502688 331422 0.108016
56.1082 0.00497627 335066 0.106928
56.3718 0.0049455 341340 0.106267
56.636 0.00491071 342038 0.105519
56.9014 0.0048463 351354 0.104135
57.1695 0.00480229 355478 0.10319
57.4384 0.00476093 360066 0.102301
57.7081 0.00471209 364634 0.101252
57.9785 0.00467072 369072 0.100363
58.2513 0.00465501 377642 0.100025
58.5263 0.00461974 382074 0.0992671
58.8009 0.00457415 384014 0.0982876
59.0769 0.00452128 393066 0.0971515
59.3537 0.00447375 393950 0.0961303
59.632 0.00444092 404154 0.0954247
59.9128 0.00441356 409178 0.0948368
60.1941 0.00437554 413334 0.0940199
60.4769 0.00432331 421196 0.0928976
60.7603 0.00429262 422658 0.0922382
61.0455 0.00427117 434990 0.0917773
61.333 0.00421564 437442 0.090584
61.6205 0.00416729 443066 0.0895452
61.91 0.00414562 452150 0.0890795
62.2007 0.00412004 455538 0.0885299
62.4924 0.00409175 463382 0.0879219
62.7855 0.0040578 468666 0.0871925
63.0808 0.00402074 479642 0.0863961
63.3779 0.00396953 482814 0.0852957
63.675 0.00394726 489386 0.0848173
63.9742 0.00391347 498642 0.0840911
64.275 0.00387307 503450 0.083223
64.5769 0.00384585 512838 0.0826381
64.8803 0.00381272 517586 0.0819263
65.1844 0.00376549 524372 0.0809114
65.4902 0.00373892 534270 0.0803404
65.7979 0.00370907 540386 0.079699
66.1075 0.0036739 550938 0.0789433
66.418 0.00364291 554270 0.0782774
66.7296 0.00361448 564978 0.0776665
67.0437 0.00358058 574370 0.0769382
67.359 0.00353831 579614 0.0760298
67.6749 0.00352897 587778 0.0758292
67.9926 0.00348456 596978 0.0748748
68.3122 0.00345112 606570 0.0741563
68.6334 0.00343489 613982 0.0738076
68.9554 0.00341765 621200 0.0734371
69.2789 0.00337561 631386 0.0725338
69.6042 0.00334853 640418 0.0719519
69.9318 0.0033243 651870 0.0714312
70.2607 0.00329672 657770 0.0708386
70.5901 0.00325613 667082 0.0699664
70.9211 0.00323355 675810 0.0694813
71.2543 0.00319823 689318 0.0687223
71.59 0.00318382 698754 0.0684128
71.9268 0.00314685 706922 0.0676182
72.2644 0.00312635 715562 0.0671777
72.6038 0.00308465 727662 0.0662818
72.9444 0.00306372 734426 0.0658321
73.2859 0.00303361 745746 0.065185
73.6302 0.00301723 759698 0.0648332
73.9762 0.00298423 768140 0.064124
74.3233 0.00295313 778770 0.0634556
74.6733 0.0029345 795842 0.0630554
75.0246 0.00290489 799442 0.0624191
75.377 0.00288181 816042 0.0619232
75.731 0.00285049 822038 0.0612502
76.0864 0.00283856 837722 0.060994
76.4436 0.00280903 846330 0.0603593
76.8023 0.00278777 860768 0.0599025
77.1634 0.00276573 873722 0.059429
77.5261 0.00274011 885438 0.0588785
77.8907 0.00272168 898730 0.0584825
78.2565 0.0026922 908402 0.057849
78.6236 0.00267187 923226 0.0574122
78.9927 0.00264929 933944 0.0569268
79.3633 0.00262041 949730 0.0563064
79.7358 0.00260597 961278 0.055996
80.111 0.00258376 981218 0.0555189
80.488 0.00256646 989186 0.055147
80.8652 0.00253892 1001016 0.0545553
81.2446 0.00251246 1019138 0.0539867
81.6263 0.00249342 1032842 0.0535777
82.0093 0.00246702 1045394 0.0530103
82.3948 0.00244532 1066230 0.052544
82.7823 0.00242736 1075496 0.0521583
83.1703 0.00240359 1090154 0.0516475
83.5609 0.00238611 1110378 0.0512717
83.9539 0.00236227 1124666 0.0507595
84.3485 0.0023447 1139624 0.050382
84.7448 0.0023214 1157114 0.0498813
85.1429 0.00230179 1171434 0.04946
85.5426 0.00227718 1188494 0.0489312
85.9444 0.00225612 1205504 0.0484786
86.3487 0.00223901 1226594 0.048111
86.7542 0.00222 1235562 0.0477025
87.1612 0.00219843 1259120 0.0472389
87.5707 0.00217913 1274498 0.0468243
87.9822 0.00216769 1295594 0.0465785
88.3953 0.00214002 1308312 0.0459839
88.8105 0.00212954 1333922 0.0457588
89.2281 0.00210718 1348418 0.0452784
89.6468 0.00208919 1366112 0.0448918
90.0678 0.00206961 1389738 0.0444709
90.4912 0.00204969 1407458 0.044043
90.9162 0.00203811 1426520 0.0437941
91.3433 0.00202568 1448810 0.0435271
91.7723 0.0020076 1465802 0.0431385
92.203 0.00198667 1488456 0.0426889
92.6362 0.00196794 1510766 0.0422863
93.0711 0.00194336 1528298 0.0417582
93.5078 0.00193082 1552784 0.0414887
93.9477 0.00191608 1579538 0.041172
94.3895 0.00189907 1595784 0.0408065
94.8326 0.00188362 1619930 0.0404745
95.2774 0.00186709 1637186 0.0401194
95.7247 0.00185103 1669616 0.0397742
96.1751 0.00183112 1691834 0.0393463
96.6264 0.0018157 1706952 0.0390151
97.0796 0.00179788 1739630 0.0386321
97.5363 0.00178361 1765064 0.0383255
97.9942 0.00176898 1783538 0.0380111
98.4548 0.00175142 1817480 0.0376338
98.9176 0.00173642 1837034 0.0373114
99.3825 0.00172239 1866512 0.03701
99.8492 0.00171095 1888242 0.0367642
100.318 0.00169494 1917056 0.0364203
100.789 0.00167615 1941554 0.0360165
101.263 0.00166199 1978040 0.0357122
101.739 0.00164561 1997426 0.0353602
102.216 0.00162923 2029256 0.0350082
102.696 0.00161589 2056370 0.0347216
103.179 0.00160245 2084000 0.0344328
103.663 0.00158882 2117778 0.0341401
104.15 0.00157258 2143952 0.0337911
104.639 0.00156087 2175614 0.0335395
105.131 0.00154847 2206400 0.0332729
105.624 0.00153523 2233970 0.0329884
106.12 0.00152256 2276456 0.0327162
106.619 0.00150726 2301848 0.0323875
107.12 0.00149378 2332922 0.0320977
107.623 0.00148195 2366960 0.0318435
108.128 0.00146775 2397698 0.0315384
108.636 0.00145605 2436644 0.0312871
109.147 0.00144265 2472608 0.0309991
109.659 0.00143012 2503050 0.0307299
110.174 0.00141684 2535392 0.0304445
110.692 0.00140382 2581088 0.0301647
111.212 0.00139026 2612762 0.0298735
111.734 0.00137958 2647964 0.0296438
112.259 0.00136886 2687216 0.0294135
112.786 0.00135638 2724434 0.0291453
113.316 0.00134784 2765840 0.028962
113.849 0.00133566 2798504 0.0287002
114.383 0.00132149 2841326 0.0283956
114.92 0.00131123 2886128 0.0281752
115.46 0.00129999 2920808 0.0279336
116.003 0.0012876 2967536 0.0276675
116.547 0.00127785 3000674 0.0274579
117.094 0.0012651 3050324 0.0271839
117.645 0.00125369 3094664 0.0269389
118.197 0.00124355 3136016 0.026721
118.752 0.00123161 3179546 0.0264643
119.31 0.00122055 3227060 0.0262267
119.871 0.00120952 3271832 0.0259897
120.434 0.0011987 3315440 0.0257573
120.999 0.00119103 3363800 0.0255923
121.568 0.00118013 3414158 0.0253581
122.139 0.00116964 3459752 0.0251328
122.712 0.00116055 3508864 0.0249375
123.289 0.00114936 3560804 0.0246971
123.868 0.00113885 3608912 0.0244711
124.45 0.00112862 3660608 0.0242514
125.034 0.00112102 3707846 0.024088
125.621 0.00110874 3769664 0.0238241
126.212 0.00109795 3822920 0.0235924
126.805 0.00109119 3863564 0.0234471
127.4 0.00107917 3930704 0.0231888
127.999 0.00107092 3986168 0.0230114
128.6 0.00106015 4034228 0.0227801
129.203 0.00105177 4090816 0.0226
129.81 0.0010421 4160360 0.0223923
130.42 0.0010329 4213436 0.0221946
131.033 0.00102386 4270976 0.0220002
131.648 0.00101314 4332308 0.02177
132.267 0.00100599 4395896 0.0216163
132.888 0.000996229 4454378 0.0214066
133.512 0.000987192 4517036 0.0212124
134.139 0.000979578 4588552 0.0210488
134.769 0.000970312 4651316 0.0208497
135.402 0.000962589 4711190 0.0206837
136.038 0.00095503 4782704 0.0205213
136.677 0.000946966 4849964 0.020348
137.319 0.000937294 4917080 0.0201402
137.964 0.000930705 4985260 0.0199986
138.612 0.000920874 5060456 0.0197874
139.263 0.000912681 5127788 0.0196113
139.917 0.000906576 5201672 0.0194802
140.575 0.00089844 5278196 0.0193053
141.235 0.000891318 5350384 0.0191523
141.898 0.000883431 5423492 0.0189828
142.565 0.000875676 5504720 0.0188162
143.235 0.000869317 5581268 0.0186796
143.907 0.000860046 5659270 0.0184803
144.583 0.000851943 5736332 0.0183062
145.262 0.000845763 5823104 0.0181734
145.945 0.000837319 5909900 0.017992
146.631 0.000831448 5986168 0.0178658
147.319 0.000824916 6064034 0.0177255
148.01 0.000817098 6162248 0.0175575
148.706 0.000810031 6249932 0.0174056
149.405 0.000802477 6331588 0.0172433
150.107 0.000794471 6424736 0.0170713
150.812 0.000787947 6515066 0.0169311
151.52 0.000780878 6607552 0.0167792
152.231 0.000774904 6691412 0.0166508
152.946 0.0007687 6796676 0.0165175
153.665 0.00076217 6894838 0.0163772
154.387 0.000754611 6983324 0.0162148
155.112 0.000748228 7094120 0.0160776
155.84 0.000742171 7182634 0.0159475
156.572 0.000736634 7295588 0.0158285
157.308 0.000727872 7389992 0.0156402
158.047 0.000722298 7499434 0.0155205
158.789 0.000716273 7606244 0.015391
159.535 0.000710824 7703654 0.0152739
160.284 0.000704693 7823908 0.0151422
161.037 0.000698541 7933148 0.01501
161.793 0.000691495 8035210 0.0148586
162.553 0.000685427 8168648 0.0147282
163.317 0.000679608 8270402 0.0146032
164.085 0.000674216 8396284 0.0144873
164.855 0.000667643 8496608 0.0143461
165.629 0.000662898 8636482 0.0142441
166.407 0.000657518 8744780 0.0141285
167.189 0.000652842 8878274 0.014028
167.974 0.00064649 8998288 0.0138915
168.763 0.000641444 9127058 0.0137831
169.555 0.000635416 9258676 0.0136536
170.352 0.000629121 9394994 0.0135183
171.152 0.000624038 9518530 0.0134091
171.956 0.000618719 9652352 0.0132948
172.764 0.000613118 9800506 0.0131744
173.576 0.000608276 9929156 0.0130704
174.391 0.000603217 10079002 0.0129617
175.21 0.000598907 10202930 0.0128691
176.032 0.000593442 10362148 0.0127516
176.86 0.000589837 10508450 0.0126742
177.69 0.000584384 10647784 0.012557
178.525 0.000580038 10817954 0.0124636
179.364 0.000575035 10950034 0.0123561
180.206 0.000570136 11116484 0.0122509
181.053 0.000565084 11277610 0.0121423
181.903 0.00056079 11430154 0.01205
182.757 0.000555759 11580074 0.0119419
183.615 0.000551473 11759140 0.0118498
184.478 0.000547442 11924378 0.0117632
185.344 0.000543462 12099850 0.0116777
186.215 0.000539105 12260050 0.0115841
187.09 0.000534153 12439484 0.0114777
187.968 0.000530212 12606226 0.011393
188.851 0.000525635 12800474 0.0112946
189.739 0.000521919 12964258 0.0112148
190.629 0.000518123 13155874 0.0111332
191.525 0.000513359 13345394 0.0110309
192.424 0.000508794 13525540 0.0109328
193.328 0.000505439 13730122 0.0108607
194.237 0.000501478 13917890 0.0107756
195.149 0.000497567 14114938 0.0106915
196.066 0.00049423 14316682 0.0106198
196.987 0.000490103 14520626 0.0105311
197.912 0.000486894 14708962 0.0104622
198.841 0.000482915 14936002 0.0103767
199.775 0.00048008 15141986 0.0103158
200.714 0.000476574 15366994 0.0102404
201.657 0.000473391 15563242 0.010172
202.604 0.000469562 15794614 0.0100898
203.555 0.000466122 16021226 0.0100158
204.511 0.000462783 16238338 0.0099441
205.472 0.000459731 16476706 0.00987852
206.437 0.000456923 16717282 0.00981818
207.407 0.000453863 16935730 0.00975243
208.381 0.000451185 17183270 0.00969489
209.36 0.000448334 17431546 0.00963363
210.343 0.000445839 17672128 0.00958003
211.331 0.000443253 17929450 0.00952445
212.324 0.000440702 18181246 0.00946964
213.321 0.000437929 18436154 0.00941005
214.323 0.000435327 18688066 0.00935414
215.33 0.000433438 18966160 0.00931355
216.341 0.000430413 19228342 0.00924854
217.357 0.000428452 19497994 0.00920642
218.378 0.00042655 19789402 0.00916554
219.404 0.000424274 20048224 0.00911664
220.434 0.000422364 20340694 0.00907559
221.47 0.000420497 20631698 0.00903547
222.51 0.000418547 20920738 0.00899357
223.555 0.000417075 21224764 0.00896194
224.605 0.000415329 21524794 0.00892443
225.66 0.000413737 21819694 0.00889023
226.72 0.000412839 22136776 0.00887093
227.785 0.000411494 22446490 0.00884203
228.855 0.000410085 22753708 0.00881176
229.93 0.000409656 23092930 0.00880254
231.01 0.000408491 23405020 0.0087775
232.095 0.000407653 23744914 0.00875949
233.185 0.000406883 24090094 0.00874295
234.281 0.000405962 24416584 0.00872315
235.381 0.000405968 24763822 0.00872329
236.486 0.000405724 25116112 0.00871804
237.597 0.000405699 25474348 0.00871749
238.713 0.000405725 25839802 0.00871805
239.835 0.000406333 26191732 0.00873112
240.961 0.000406465 26563339 0.00873396
242.092 0.000404678 26678128 0.00869556
243.229 0.000402041 26655828 0.0086389
244.371 0.000398943 26675140 0.00857233
245.519 0.000396344 26644864 0.00851649
246.672 0.000394209 26631640 0.0084706
247.831 0.000391509 26619904 0.0084126
248.995 0.000388896 26596180 0.00835645
250.164 0.000386358 26557060 0.00830191
251.339 0.00038348 26532520 0.00824006
252.52 0.000381034 26493240 0.00818751
253.706 0.000379058 26453764 0.00814506
254.898 0.0003767 26412544 0.00809438
256.095 0.000374373 26360476 0.00804438
257.298 0.00037263 26299600 0.00800692
258.506 0.00037035 26254092 0.00795794
259.72 0.000368203 26178916 0.00791181
260.94 0.000365977 26116096 0.00786398
262.166 0.000364163 26040928 0.00782499
263.398 0.000362351 25967736 0.00778605
264.635 0.000360567 25862260 0.00774773
265.878 0.000358767 25796416 0.00770904
267.127 0.000356882 25689396 0.00766854
268.381 0.000355325 25577176 0.00763509
269.641 0.000353841 25489588 0.00760319
270.908 0.000351964 25373328 0.00756286
272.181 0.000350619 25250224 0.00753396
273.459 0.000349247 25122124 0.00750448
274.744 0.000347547 24990660 0.00746795
276.034 0.000346408 24856192 0.00744347
277.331 0.000345043 24706228 0.00741415
278.633 0.000343939 24558204 0.00739043
279.942 0.000342606 24392068 0.00736178
281.256 0.000341549 24237480 0.00733908
282.578 0.000340539 24064336 0.00731737
283.905 0.000339562 23876980 0.00729638
285.238 0.000338677 23697324 0.00727735
286.578 0.00033795 23498488 0.00726173
287.924 0.000337508 23292324 0.00725224
289.276 0.000336676 23100964 0.00723437
290.635 0.000336045 22862988 0.00722081
292 0.000335632 22634848 0.00721192
293.371 0.000335184 22410012 0.0072023
294.749 0.000334678 22160572 0.00719143
296.134 0.000334183 21915600 0.00718079
297.525 0.000333992 21645516 0.00717669
298.922 0.000333819 21372232 0.00717297
300.326 0.000333792 21101172 0.00717238
301.737 0.000334012 20815564 0.00717711
303.154 0.000334004 20504628 0.00717694
304.578 0.000334432 20204736 0.00718614
306.008 0.000335164 19883356 0.00720187
307.446 0.000335525 19552848 0.00720963
308.89 0.00033655 19217196 0.00723167
310.34 0.000337495 18861736 0.00725197
311.798 0.000338292 18502836 0.00726909
313.262 0.000339169 18135780 0.00728793
314.734 0.000340597 17749600 0.00731861
316.212 0.000341993 17354232 0.00734861
317.697 0.000343457 16953228 0.00738007
319.189 0.00034529 16529656 0.00741945
320.688 0.000347082 16099164 0.00745797
322.194 0.000348981 15659388 0.00749877
323.707 0.00035091 15207864 0.00754023
325.228 0.00035263 14736132 0.00757717
326.755 0.000354236 14255596 0.00761168
328.29 0.00035652 13762332 0.00766077
329.831 0.000358491 13252296 0.00770311
331.38 0.000360744 12731268 0.00775152
332.936 0.000361878 12198720 0.00777589
334.5 0.000363017 11649660 0.00780036
336.07 0.000363182 11081952 0.00780391
337.648 0.000362672 10500652 0.00779295
339.233 0.000361623 9911376 0.00777042
340.826 0.000359149 9301473 0.00771726
342.428 0.000355914 8737218 0.00764774
344.037 0.000355179 8239530 0.00763195
345.653 0.000354552 7788972 0.00761848
347.276 0.000354361 7357452 0.00761438
348.907 0.000354523 6958434 0.00761786
350.546 0.000354506 6572454 0.00761748
352.193 0.000355474 6204966 0.00763829
353.846 0.000357992 5851524 0.0076924
355.508 0.000359744 5518854 0.00773004
357.178 0.000361365 5192928 0.00776487
358.855 0.000362713 4883690 0.00779384
360.541 0.000365677 4585122 0.00785753
362.234 0.000367972 4294452 0.00790683
363.936 0.000370588 4020870 0.00796305
365.645 0.000374706 3750774 0.00805153
367.362 0.00037787 3496122 0.00811953
369.087 0.00038196 3250038 0.00820741
370.821 0.000386901 3010904 0.00831357
372.561 0.000391144 2783520 0.00840476
374.311 0.000398323 2566482 0.00855901
376.069 0.000405151 2355504 0.00870574
377.834 0.000411416 2154350 0.00884035
379.608 0.000417519 1964322 0.00897148
381.39 0.000426211 1782180 0.00915826
383.182 0.00043407 1608354 0.00932713
384.981 0.000443231 1442012 0.00952398
386.789 0.000451612 1285878 0.00970407
388.604 0.000464248 1137636 0.00997558
390.428 0.000476982 999476 0.0102492
392.259 0.000489503 867846 0.0105182
394.098 0.00050307 746768 0.0108098
395.947 0.000516805 636276 0.0111049
397.808 0.000537294 532566 0.0115452
399.672 0.000557433 435044 0.0119779
401.544 0.000577978 351690 0.0124194
403.43 0.000602132 275630 0.0129384
405.315 0.000622897 204876 0.0133846
407.208 0.000658326 150770 0.0141459
409.126 0.000681363 100542 0.0146409
411.007 0.000725044 59294 0.0155795
412.885 0.000776438 32538 0.0166838
414.786 0.000809296 11726 0.0173898
416.481 0.000893297 1560 0.0191948
417.899 0.00384222 1 0.0825601
