# in Mpc/h Units 
# D1 = 0.185087 
# k P N P(z=0)
0.628319 7.16946 6 209.283
0.888577 3.63662 12 106.156
1.08828 2.34075 8 68.3288
1.25664 1.61779 6 47.2249
1.40496 1.07833 24 31.4775
1.53906 1.04067 24 30.378
1.77715 0.671194 12 19.5928
1.88496 0.75528 30 22.0473
1.98692 0.45917 24 13.4036
2.0839 0.52623 24 15.3611
2.17656 0.507142 8 14.8039
2.26543 0.387162 24 11.3016
2.35095 0.426406 48 12.4472
2.51327 0.299672 6 8.74771
2.59062 0.333347 48 9.73072
2.66573 0.256715 36 7.49376
2.73878 0.274782 24 8.02115
2.80993 0.354948 24 10.3613
2.87932 0.212851 48 6.21331
2.94708 0.285039 24 8.32056
3.07812 0.250578 24 7.31459
3.14159 0.251128 30 7.33066
3.20381 0.211633 72 6.17775
3.26484 0.184704 32 5.39169
3.3836 0.141258 72 4.12347
3.44144 0.279977 48 8.17279
3.55431 0.259981 12 7.58909
3.60942 0.187022 48 5.45936
3.6637 0.154393 48 4.50687
3.71718 0.155825 48 4.54867
3.76991 0.0911194 30 2.65986
3.82191 0.0780403 24 2.27807
3.87322 0.148279 72 4.32839
3.97384 0.130317 24 3.80408
4.0232 0.156973 96 4.5822
4.07197 0.136662 48 3.9893
4.12016 0.125633 24 3.66736
4.16779 0.0928874 24 2.71147
4.21489 0.131286 72 3.83237
4.26146 0.12927 48 3.77353
4.35312 0.0893371 8 2.60783
4.39823 0.105542 54 3.08088
4.44288 0.101079 84 2.95058
4.48709 0.0911718 48 2.66139
4.53087 0.112516 24 3.28446
4.57423 0.102475 72 2.99135
4.61718 0.120358 96 3.51337
4.70191 0.0733871 48 2.14224
4.7437 0.129642 48 3.78439
4.78513 0.1118 24 3.26354
4.82621 0.0739492 72 2.15865
4.90732 0.084339 72 2.46194
4.94739 0.0868865 96 2.5363
5.02655 0.0733499 6 2.14115
5.06567 0.0892975 96 2.60668
5.10448 0.100777 96 2.94178
5.14301 0.0733349 24 2.14071
5.18125 0.0933129 48 2.72389
5.21921 0.0872895 96 2.54806
5.25689 0.0973524 48 2.84181
5.33146 0.0821082 36 2.39682
5.36836 0.0891482 48 2.60232
5.405 0.0794933 120 2.32048
5.4414 0.0653402 56 1.90734
5.47755 0.106746 24 3.11601
5.51347 0.06557 96 1.91405
5.54916 0.0763607 48 2.22904
5.61985 0.0985766 24 2.87754
5.65487 0.0701044 102 2.04641
5.68967 0.0764054 48 2.23034
5.72425 0.0645862 72 1.88533
5.75863 0.0738424 48 2.15553
5.79281 0.0526409 48 1.53664
5.82679 0.0712006 120 2.07841
5.89415 0.0532999 24 1.55587
5.92755 0.0646342 144 1.88673
5.96075 0.0718375 120 2.09701
5.99378 0.0583579 48 1.70352
6.05928 0.0647108 48 1.88897
6.09177 0.0613828 96 1.79182
6.15624 0.0592605 24 1.72987
6.18822 0.0601863 48 1.7569
6.22004 0.069113 108 2.01747
6.25169 0.0518538 72 1.51366
6.28319 0.0493609 30 1.44089
6.31452 0.0625854 168 1.82693
6.34571 0.0639758 48 1.86751
6.40762 0.055563 72 1.62194
6.43835 0.0533189 96 1.55643
6.46894 0.0647966 72 1.89147
6.49938 0.0559023 72 1.63184
6.52968 0.0558607 32 1.63063
6.55984 0.0498206 72 1.45431
6.58986 0.0547377 144 1.59785
6.67912 0.0591747 96 1.72737
6.70861 0.0477061 96 1.39259
6.73797 0.0372811 48 1.08827
6.7672 0.0614671 72 1.79428
6.7963 0.0650601 120 1.89917
6.82529 0.0561313 72 1.63853
6.88288 0.0408367 48 1.19206
6.9115 0.0460291 78 1.34363
6.94001 0.0442467 120 1.2916
6.96839 0.0510852 48 1.49123
7.02481 0.0410137 144 1.19723
7.05286 0.046224 144 1.34932
7.10861 0.0386783 12 1.12906
7.13633 0.0530474 144 1.5485
7.16393 0.0687596 48 2.00716
7.19926 0.049465 168 1.44393
7.24612 0.0472604 48 1.37958
7.27331 0.0458441 168 1.33823
7.34532 0.0491534 144 1.43483
7.38107 0.0484521 96 1.41436
7.40777 0.0468876 72 1.36869
7.43437 0.0389555 48 1.13715
7.46967 0.0399516 144 1.16622
7.53982 0.0444337 30 1.29706
7.58332 0.0393946 288 1.14996
7.61796 0.0547032 56 1.59684
7.66638 0.0388486 192 1.13403
7.6953 0.0446241 120 1.30262
7.76339 0.0426308 216 1.24443
7.79723 0.0397292 96 1.15973
7.8225 0.0354676 96 1.03533
7.87281 0.0539603 72 1.57515
7.89784 0.0481495 96 1.40553
7.94767 0.033242 24 0.970367
7.98137 0.0370898 300 1.08269
8.02183 0.0404291 24 1.18016
8.05865 0.0474204 192 1.38425
8.09532 0.0405804 120 1.18458
8.14394 0.0338879 48 0.989221
8.18379 0.0343656 222 1.00316
8.21633 0.0338147 120 0.987082
8.26125 0.0462592 192 1.35035
8.28809 0.0365351 144 1.06649
8.33559 0.0284017 24 0.829072
8.37495 0.0362006 144 1.05673
8.40633 0.0409986 120 1.19679
8.44439 0.0399428 192 1.16597
8.47648 0.0330492 144 0.964737
8.52293 0.0331573 48 0.967892
8.55594 0.0350704 336 1.02374
8.59213 0.0330196 48 0.963872
8.64252 0.0356562 240 1.04084
8.70624 0.0268559 8 0.78395
8.72888 0.0279382 48 0.815543
8.7579 0.0328295 336 0.958323
8.81192 0.0308154 174 0.899531
8.84123 0.0417943 120 1.22001
8.89978 0.0331424 228 0.967459
8.9427 0.0361677 168 1.05577
8.98883 0.0379263 144 1.1071
9.01807 0.0322298 240 0.940819
9.06174 0.0431406 24 1.25931
9.0897 0.0359332 336 1.04892
9.13765 0.0370348 144 1.08108
9.17922 0.0322884 168 0.942528
9.23436 0.0256553 96 0.748903
9.26754 0.0301196 216 0.879219
9.32651 0.0296252 288 0.864786
9.36174 0.0357593 144 1.04385
9.41969 0.0276086 198 0.805922
9.4573 0.0278226 216 0.812169
9.50225 0.0354718 168 1.03545
9.52892 0.0324772 240 0.94804
9.58792 0.0339944 168 0.992329
9.62314 0.0281468 336 0.821631
9.68099 0.032037 240 0.93519
9.7638 0.0286407 276 0.83605
9.81837 0.0301815 344 0.881027
9.85479 0.0234606 144 0.684836
9.90673 0.0345498 240 1.00854
9.94528 0.0322843 312 0.942409
10.0098 0.028251 240 0.824674
10.0531 0.0157703 6 0.460349
10.0874 0.0315011 384 0.919546
10.1448 0.0295427 312 0.862379
10.1924 0.0262294 168 0.76566
10.2421 0.0331294 336 0.967077
10.2983 0.0275236 336 0.803439
10.3243 0.0285116 192 0.83228
10.3879 0.0290047 288 0.846675
10.4279 0.0303068 216 0.884683
10.4705 0.0261715 240 0.763972
10.5349 0.0244004 384 0.712269
10.57 0.0425125 72 1.24098
10.6152 0.0265485 336 0.774977
10.6914 0.0240573 378 0.702255
10.7244 0.0248983 144 0.726806
10.7631 0.0261273 384 0.762681
10.826 0.0243044 384 0.709469
10.8777 0.026872 344 0.78442
10.919 0.0258306 144 0.754018
10.9816 0.0230301 456 0.672271
11.0311 0.0245491 312 0.71661
11.0746 0.0250512 144 0.731268
11.1354 0.0269328 552 0.786195
11.1965 0.0243049 264 0.709484
11.2557 0.0245352 264 0.716205
11.2926 0.0258745 294 0.755301
11.3378 0.0256092 432 0.747557
11.3986 0.020227 432 0.590445
11.4516 0.0222386 264 0.649165
11.4915 0.0196267 192 0.572921
11.5567 0.0218581 468 0.638057
11.6093 0.0264624 552 0.772461
11.6705 0.0212735 336 0.620995
11.7239 0.0194629 288 0.568141
11.7777 0.0219738 456 0.641435
11.8366 0.0234819 432 0.685459
11.8788 0.0223378 168 0.652061
11.9469 0.0215498 566 0.629058
12.0077 0.0207306 432 0.605145
12.0751 0.0218772 432 0.638615
12.1153 0.0221204 360 0.645716
12.1711 0.0223437 624 0.652234
12.2203 0.0186272 264 0.543745
12.2718 0.01926 360 0.562217
12.3453 0.0205448 456 0.599722
12.3969 0.0222054 504 0.648196
12.467 0.0206917 564 0.604011
12.526 0.0190091 384 0.554893
12.5876 0.0211833 462 0.61836
12.6429 0.020459 624 0.597219
12.7121 0.0187152 432 0.546315
12.7677 0.0206664 624 0.60327
12.8318 0.0220629 312 0.644037
12.8807 0.0217976 552 0.636292
12.9504 0.0190976 408 0.557477
12.9878 0.0202599 600 0.591405
13.0701 0.0193911 608 0.566046
13.1297 0.017383 504 0.507427
13.1933 0.0177293 510 0.517536
13.258 0.0178233 600 0.520279
13.3214 0.0203307 492 0.593472
13.3672 0.0187081 552 0.546108
13.4446 0.0192261 696 0.561228
13.492 0.0174016 504 0.50797
13.5589 0.0189486 528 0.553127
13.6149 0.0186507 624 0.544431
13.6788 0.0191312 504 0.558458
13.7489 0.0172759 552 0.504301
13.8157 0.0172282 654 0.502909
13.8792 0.0186537 840 0.54452
13.9482 0.0166532 744 0.486123
14.0148 0.0151658 456 0.442705
14.0735 0.0176165 648 0.514241
14.1506 0.0160313 896 0.46797
14.2105 0.017126 396 0.499924
14.2726 0.0177949 816 0.51945
14.348 0.0154677 672 0.451518
14.4008 0.0168173 552 0.490914
14.474 0.015429 894 0.450388
14.5447 0.0161058 672 0.470144
14.6112 0.0164471 624 0.480107
14.6784 0.0157049 888 0.458442
14.7376 0.0158446 720 0.462519
14.8179 0.0164462 936 0.48008
14.8977 0.0164511 648 0.480224
14.9637 0.0159283 936 0.464963
15.0285 0.016 696 0.467054
15.1106 0.0180347 618 0.52645
15.1697 0.0159123 1008 0.464494
15.237 0.0156116 872 0.455718
15.3147 0.0159218 960 0.464772
15.3934 0.0156639 888 0.457243
15.4569 0.016846 648 0.491749
15.5288 0.0149742 840 0.437111
15.5941 0.0159164 912 0.464615
15.6682 0.0141017 774 0.411643
15.7451 0.0148126 1272 0.432393
15.8249 0.0159041 912 0.464254
15.9019 0.0146778 864 0.428458
15.9745 0.0140097 924 0.408955
16.0428 0.0144581 1080 0.422046
16.1255 0.0150026 1008 0.437939
16.1989 0.0140947 1128 0.411437
16.2879 0.0140883 768 0.41125
16.35 0.013979 1046 0.408061
16.4304 0.0141852 1152 0.414079
16.512 0.0140466 1272 0.410033
16.5918 0.0145424 912 0.424506
16.6638 0.0132232 1200 0.385998
16.7465 0.0133461 1080 0.389587
16.81 0.014384 840 0.419882
16.9017 0.0131552 1332 0.384012
16.9783 0.0134938 1062 0.393897
17.0536 0.012896 1320 0.376446
17.142 0.0129848 1248 0.379039
17.2167 0.0131672 1104 0.384362
17.3001 0.0129568 1392 0.378221
17.3739 0.0136441 776 0.398283
17.4601 0.0127489 1728 0.372151
17.5449 0.0118834 1224 0.346888
17.633 0.0131216 1254 0.383033
17.7179 0.0120285 1368 0.351124
17.7982 0.0121726 1236 0.35533
17.8748 0.0125704 1608 0.366943
17.9662 0.01202 1008 0.350874
18.0329 0.0124702 1488 0.364017
18.1298 0.0118619 1440 0.346259
18.2161 0.01136 1158 0.331609
18.2962 0.0119761 1824 0.349593
18.3819 0.0114157 1464 0.333234
18.4763 0.0114475 1448 0.334163
18.557 0.0116433 1560 0.339878
18.6484 0.0108081 1428 0.3155
18.7347 0.0118197 1680 0.345029
18.8277 0.0113301 1494 0.330736
18.9164 0.0117669 1944 0.343486
19.0083 0.0118182 1368 0.344983
19.0912 0.0109974 1584 0.321024
19.1791 0.010796 1776 0.315144
19.2627 0.0108751 1440 0.317454
19.355 0.0112538 1968 0.32851
19.4476 0.0108077 1374 0.315486
19.5383 0.0112656 2100 0.328854
19.6314 0.0106079 1640 0.309656
19.731 0.0104409 2496 0.304779
19.8246 0.0101947 1248 0.297592
19.8969 0.0107574 1512 0.314018
20.0004 0.0102971 2280 0.300582
20.0981 0.0106588 1926 0.31114
20.1907 0.0109505 2064 0.319656
20.2923 0.0104016 1920 0.303633
20.3766 0.00993497 1944 0.290011
20.4817 0.0100324 2172 0.292856
20.5802 0.00997502 2256 0.29118
20.6744 0.0106141 1736 0.309836
20.7695 0.00982906 2094 0.286919
20.8661 0.00964801 2328 0.281634
20.9635 0.0101037 2256 0.294936
21.0605 0.00991274 1920 0.289362
21.1552 0.00953916 2520 0.278457
21.2598 0.00964165 2088 0.281449
21.3716 0.00943872 2634 0.275525
21.4685 0.00959534 2328 0.280097
21.5636 0.00938696 2304 0.274014
21.67 0.00920841 2568 0.268802
21.7712 0.00996333 2024 0.290839
21.856 0.00943793 2352 0.275502
21.964 0.0096518 2718 0.281745
22.0689 0.00893646 2520 0.260864
22.1792 0.00932013 2772 0.272063
22.2806 0.00955145 2640 0.278816
22.3891 0.00880139 2880 0.256921
22.4992 0.00916808 2448 0.267625
22.5967 0.00888409 2478 0.259335
22.6978 0.00884305 2904 0.258137
22.8073 0.00895241 2816 0.261329
22.9091 0.00889173 3024 0.259558
23.0305 0.00889709 2952 0.259714
23.1358 0.00870901 2796 0.254224
23.2405 0.00889075 2982 0.259529
23.355 0.00853438 3312 0.249127
23.4601 0.00856964 2688 0.250156
23.5688 0.00848599 3144 0.247714
23.6855 0.00851473 3672 0.248553
23.7877 0.00848033 2328 0.247549
23.9086 0.00854898 4046 0.249553
24.0233 0.00782753 2844 0.228493
24.1291 0.00823354 3600 0.240345
24.2431 0.00812795 3264 0.237262
24.3572 0.00803509 3288 0.234552
24.4685 0.00786076 3198 0.229463
24.5798 0.00784539 3864 0.229014
24.6976 0.00810102 3456 0.236476
24.8127 0.00777556 3744 0.226976
24.936 0.00777308 3876 0.226904
25.0523 0.00813162 3392 0.23737
25.1669 0.00755742 3918 0.220608
25.2872 0.00788849 3864 0.230272
25.4083 0.00779505 4104 0.227545
25.5199 0.0076875 3480 0.224405
25.6387 0.00750769 4080 0.219156
25.7664 0.00788046 4170 0.230038
25.8855 0.00744685 4176 0.217381
26.008 0.00713877 4560 0.208387
26.1336 0.00747577 3656 0.218225
26.2469 0.00736978 4344 0.215131
26.3809 0.00726331 4830 0.212023
26.5071 0.00738091 4416 0.215456
26.6256 0.00732683 3876 0.213877
26.7421 0.00735454 4752 0.214686
26.8761 0.00722471 4968 0.210896
27.01 0.00720554 4494 0.210336
27.124 0.00673258 4200 0.19653
27.2568 0.00696763 5792 0.203392
27.3851 0.00699712 4224 0.204253
27.5155 0.00703416 5220 0.205334
27.6427 0.00678516 4590 0.198065
27.7657 0.00701049 5328 0.204643
27.902 0.00695073 5304 0.202898
28.0352 0.00703343 5040 0.205312
28.1565 0.00675036 4920 0.197049
28.2918 0.00689621 5750 0.201307
28.4302 0.00665896 5388 0.194381
28.5589 0.00651004 5784 0.190034
28.6971 0.00672113 5400 0.196196
28.8304 0.00662593 5640 0.193417
28.9695 0.00664334 5934 0.193925
29.1035 0.00648244 6120 0.189228
29.2425 0.00651215 5544 0.190096
29.3779 0.0063679 6164 0.185885
29.5153 0.00653081 5838 0.19064
29.6461 0.00634252 6144 0.185144
29.7907 0.00641061 6288 0.187132
29.9258 0.00621004 6576 0.181277
30.0748 0.006137 6504 0.179145
30.2188 0.00618833 6594 0.180643
30.361 0.0061477 7008 0.179457
30.5003 0.00607768 6200 0.177413
30.6412 0.0058515 6768 0.170811
30.7876 0.00586128 7182 0.171096
30.9298 0.00608834 6864 0.177724
31.0761 0.00588649 7308 0.171832
31.2204 0.00566263 6744 0.165297
31.3652 0.00598658 7686 0.174754
31.5175 0.00585943 7280 0.171042
31.662 0.0057132 7920 0.166774
31.8151 0.00588593 7560 0.171816
31.9599 0.005683 6948 0.165892
32.1058 0.00569251 8430 0.16617
32.2645 0.00551365 8328 0.160949
32.4166 0.00568966 7824 0.166086
32.568 0.00533437 8160 0.155715
32.7167 0.00549098 8030 0.160287
32.8774 0.00556774 9372 0.162527
33.0313 0.00542716 7968 0.158424
33.1826 0.00523367 8568 0.152776
33.3427 0.0054523 8934 0.159158
33.4947 0.00528036 8952 0.154139
33.6524 0.00532356 8880 0.1554
33.8146 0.00524661 9548 0.153153
33.9739 0.00522282 9126 0.152459
34.1313 0.00519595 9384 0.151675
34.2874 0.0052737 9288 0.153944
34.4468 0.00518844 9792 0.151455
34.6116 0.00505201 9570 0.147473
34.771 0.00510236 10376 0.148943
34.9362 0.00489743 10152 0.142961
35.1033 0.00510274 9960 0.148954
35.2646 0.00495976 10782 0.14478
35.4377 0.00494158 10992 0.144249
35.6063 0.00492331 10452 0.143716
35.7696 0.00492038 10806 0.143631
35.9426 0.00480029 11312 0.140125
36.1079 0.00469739 11112 0.137121
36.2754 0.00472154 10848 0.137826
36.4449 0.00477924 11394 0.139511
36.6133 0.00457118 11952 0.133437
36.7846 0.00462017 11352 0.134867
36.9601 0.00464393 12584 0.135561
37.1397 0.00447912 12390 0.13075
37.3143 0.00459535 12252 0.134143
37.4848 0.00459583 12240 0.134157
37.663 0.00446164 12486 0.130239
37.8363 0.00459811 13080 0.134223
38.0139 0.00437629 12968 0.127748
38.1916 0.00440086 12612 0.128465
38.369 0.00424313 13974 0.123861
38.5541 0.00435965 13944 0.127262
38.7327 0.00435155 12840 0.127026
38.91 0.00430908 14358 0.125786
39.0994 0.00425808 14588 0.124297
39.2843 0.00419877 14688 0.122566
39.4661 0.00414853 13560 0.1211
39.6505 0.00408642 15582 0.119286
39.8367 0.00409719 14544 0.119601
40.0233 0.0040594 15420 0.118498
40.2152 0.00399439 15614 0.1166
40.399 0.00398356 14880 0.116284
40.5874 0.0039914 16728 0.116513
40.7843 0.00386525 15690 0.11283
40.9716 0.00388346 16248 0.113362
41.1602 0.00390971 16584 0.114128
41.3596 0.00382849 16904 0.111757
41.5548 0.00386701 17430 0.112882
41.7499 0.00374909 16908 0.109439
41.9429 0.00376296 17640 0.109844
42.1439 0.00374427 17550 0.109299
42.34 0.00373551 18696 0.109043
42.5408 0.00360386 17792 0.1052
42.739 0.00368109 18138 0.107454
42.937 0.00362645 19392 0.105859
43.1414 0.00363495 18768 0.106107
43.3421 0.00367953 19038 0.107409
43.5438 0.00353084 19460 0.103069
43.7444 0.00360413 19992 0.105208
43.96 0.00356014 21174 0.103924
44.1671 0.0035031 20040 0.102259
44.3727 0.00351225 20628 0.102526
44.5802 0.0034527 20798 0.100787
44.7878 0.00341127 21480 0.0995783
44.9991 0.00340077 21792 0.0992717
45.2114 0.00343507 21414 0.100273
45.4235 0.00334224 23100 0.097563
45.6374 0.00335316 21992 0.0978819
45.8534 0.00331286 23406 0.0967055
46.0666 0.00326968 22536 0.0954451
46.284 0.00328536 24348 0.0959026
46.5042 0.00319904 23598 0.093383
46.7214 0.00321687 24224 0.0939033
46.9406 0.0031747 24648 0.0926725
47.1626 0.00319243 24618 0.09319
47.3743 0.00310293 24192 0.0905774
47.5977 0.00307533 26208 0.0897719
47.8226 0.00306097 25790 0.0893527
48.0485 0.00308057 26916 0.0899249
48.2752 0.00304235 26214 0.088809
48.5019 0.00301312 27528 0.0879558
48.7306 0.00296858 27720 0.0866556
48.961 0.0029683 27122 0.0866476
49.1868 0.00295379 28632 0.0862238
49.4198 0.00292735 28680 0.085452
49.6522 0.00289756 28722 0.0845824
49.8833 0.00286254 30000 0.0835602
50.1204 0.00287394 29408 0.083893
50.355 0.00278652 30678 0.0813411
50.5916 0.00276551 30660 0.0807277
50.8313 0.00283052 31494 0.0826255
51.0704 0.0027706 31448 0.0808763
51.3084 0.00274951 32160 0.0802606
51.5543 0.00270583 33090 0.0789857
51.795 0.00271366 32664 0.0792142
52.0364 0.00268261 32718 0.0783078
52.2793 0.00267762 34472 0.0781622
52.526 0.00264713 34260 0.0772721
52.7713 0.00264864 34302 0.0773162
53.0156 0.00265168 35472 0.0774051
53.2669 0.0025986 36020 0.0758557
53.5188 0.00257005 36942 0.0750223
53.77 0.00256664 36360 0.0749226
54.0241 0.00253903 38166 0.0741166
54.2756 0.00255648 36804 0.074626
54.5284 0.00251799 38864 0.0735024
54.787 0.00247525 39366 0.0722548
55.0466 0.00246944 40068 0.0720852
55.3028 0.00244894 38910 0.0714869
55.5606 0.00242428 41360 0.0707671
55.8224 0.00241041 40782 0.0703621
56.083 0.0024181 42204 0.0705866
56.345 0.00238747 41544 0.0696926
56.6114 0.00236589 44510 0.0690624
56.8794 0.00232562 42948 0.0678871
57.145 0.00230775 44478 0.0673653
57.4166 0.00229226 46032 0.0669133
57.6877 0.00226478 44402 0.0661111
57.954 0.00225126 46320 0.0657163
58.2264 0.002221 46848 0.0648332
58.5017 0.00224529 47814 0.0655421
58.7762 0.00225878 48260 0.065936
59.0569 0.00219771 49758 0.0641531
59.3327 0.00219072 49032 0.063949
59.6104 0.00214719 49770 0.0626785
59.8885 0.00213624 51056 0.0623588
60.1688 0.0020931 51504 0.0610997
60.453 0.00211401 52866 0.06171
60.7362 0.00207632 52848 0.0606097
61.0229 0.00205945 54542 0.0601174
61.3094 0.0020521 54276 0.0599027
61.5957 0.00203652 55062 0.0594478
61.8839 0.00201148 56568 0.058717
62.177 0.0020182 57266 0.058913
62.4688 0.0020112 58056 0.0587087
62.7616 0.00200293 57750 0.0584675
63.0554 0.00196295 60380 0.0573005
63.3541 0.00196485 60390 0.0573559
63.652 0.00193549 61608 0.0564987
63.9512 0.00194038 61362 0.0566416
64.251 0.00192406 63752 0.0561652
64.554 0.00189118 63528 0.0552053
64.8554 0.00188247 64050 0.0549509
65.1549 0.00186101 64784 0.0543247
65.4649 0.00183553 68814 0.0535807
65.7741 0.00181525 66156 0.0529889
66.081 0.00181539 68718 0.052993
66.3899 0.00179255 69104 0.0523261
66.7047 0.00177065 71682 0.0516869
67.0183 0.00176438 70512 0.0515038
67.3306 0.00176902 72278 0.0516393
67.6483 0.00175805 74532 0.051319
67.9687 0.00174325 74454 0.0508872
68.2871 0.00172181 75540 0.0502612
68.6079 0.00170928 76526 0.0498954
68.9314 0.00169403 78648 0.0494504
69.2548 0.00168092 77370 0.0490675
69.5723 0.00165639 78272 0.0483515
69.8997 0.00166366 82710 0.0485637
70.2314 0.00165313 82146 0.0482563
70.5609 0.00162945 83712 0.0475652
70.8938 0.00162305 84710 0.0473784
71.2273 0.00160554 86172 0.0468671
71.5624 0.00159219 86406 0.0464775
71.8964 0.00158682 88244 0.0463207
72.2353 0.00156383 89670 0.0456496
72.5741 0.00154362 90792 0.0450596
72.9184 0.0015366 93194 0.0448547
73.2605 0.00152717 92352 0.0445795
73.6035 0.00151173 94914 0.0441288
73.9481 0.00150303 95504 0.0438749
74.2951 0.00148009 97230 0.0432053
74.6441 0.0014798 98802 0.0431966
74.9957 0.00146602 100952 0.0427945
75.3469 0.00144185 99990 0.042089
75.6983 0.00144178 103356 0.042087
76.0565 0.00142133 105014 0.04149
76.4149 0.0014171 106548 0.0413664
76.7736 0.00140735 106302 0.0410819
77.1306 0.00139647 108002 0.0407642
77.4926 0.00138092 111696 0.0403103
77.8598 0.00136857 112158 0.0399498
78.2245 0.00135978 113300 0.0396931
78.5923 0.001353 115302 0.0394953
78.9616 0.00134001 117396 0.0391161
79.3312 0.00133741 117158 0.0390403
79.7042 0.00132446 121470 0.0386623
80.0776 0.00130805 120660 0.0381832
80.4553 0.00129221 125030 0.0377208
80.8343 0.00128159 125388 0.0374109
81.2158 0.00128292 128094 0.0374495
81.5959 0.00126275 127058 0.0368607
81.9781 0.00126291 132336 0.0368656
82.3648 0.00125174 132006 0.0365395
82.7505 0.00123935 134162 0.0361777
83.14 0.00122858 137760 0.0358634
83.5324 0.00121858 137802 0.0355716
83.9214 0.0012077 139016 0.0352538
84.3171 0.00120396 144354 0.0351446
84.7141 0.00118873 142814 0.0347002
85.1084 0.00118218 145932 0.0345089
85.5081 0.00117514 148206 0.0343036
85.9091 0.0011629 150566 0.0339462
86.3128 0.00115507 152820 0.0337177
86.7194 0.00114356 155142 0.0333815
87.127 0.00114032 157220 0.033287
87.5368 0.00112923 159198 0.0329632
87.9473 0.00111865 160994 0.0326544
88.3606 0.00110855 164544 0.0323595
88.7753 0.00110533 165282 0.0322657
89.1919 0.00109252 168350 0.0318917
89.6109 0.00108794 171660 0.031758
90.0336 0.00107517 173622 0.0313854
90.4563 0.00106435 175034 0.0310695
90.8805 0.00105122 178512 0.0306862
91.3051 0.00104378 178646 0.0304688
91.7348 0.00103571 185466 0.0302333
92.1672 0.00102244 185382 0.0298461
92.5992 0.00102054 188252 0.0297906
93.0354 0.0010124 192126 0.029553
93.473 0.0010037 193562 0.029299
93.9107 0.000993153 196176 0.0289911
94.3526 0.000986852 200130 0.0288071
94.7959 0.000974242 201326 0.0284391
95.2394 0.000960645 204972 0.0280421
95.6874 0.000962696 208406 0.028102
96.1345 0.000954306 208362 0.0278571
96.5874 0.000944844 217662 0.0275809
97.0451 0.000939303 217124 0.0274191
97.4982 0.000927004 217446 0.0270601
97.9556 0.000920187 224690 0.0268611
98.4147 0.000907443 224058 0.0264891
98.8771 0.000903571 231848 0.0263761
99.3453 0.000893039 233994 0.0260687
99.8112 0.000880078 234198 0.0256903
100.278 0.000882076 239708 0.0257486
100.751 0.000870959 243630 0.0254241
101.226 0.000865788 247010 0.0252732
101.699 0.000858226 246414 0.0250524
102.174 0.000851784 253772 0.0248644
102.654 0.000846794 256902 0.0247187
103.137 0.000838481 261066 0.024476
103.624 0.000835739 265958 0.024396
104.11 0.000825465 265098 0.0240961
104.596 0.000819586 271424 0.0239245
105.088 0.000813282 276858 0.0237405
105.585 0.000800901 281186 0.0233791
106.082 0.000793667 282918 0.0231679
106.577 0.000787502 285146 0.0229879
107.077 0.00078145 293280 0.0228113
107.581 0.000773641 294602 0.0225833
108.087 0.000766497 301278 0.0223748
108.595 0.000755055 302954 0.0220408
109.104 0.000751741 307674 0.021944
109.614 0.000743659 310560 0.0217081
110.13 0.000736901 320834 0.0215108
110.65 0.000730404 321582 0.0213212
111.17 0.000726934 325226 0.0212199
111.691 0.000721782 331422 0.0210695
112.216 0.000719458 335066 0.0210017
112.744 0.00071169 341340 0.0207749
113.272 0.000704655 342038 0.0205696
113.803 0.000697092 351354 0.0203488
114.339 0.000689214 355478 0.0201188
114.877 0.000681064 360066 0.0198809
115.416 0.00067587 364634 0.0197293
115.957 0.000670218 369072 0.0195643
116.503 0.000665267 377642 0.0194198
117.053 0.000658928 382074 0.0192347
117.602 0.000655503 384014 0.0191348
118.154 0.000646051 393066 0.0188588
118.707 0.00064252 393950 0.0187558
119.264 0.000635506 404154 0.018551
119.826 0.000628393 409178 0.0183434
120.388 0.000624691 413334 0.0182353
120.954 0.000616726 421196 0.0180028
121.521 0.000615031 422658 0.0179533
122.091 0.000607652 434990 0.0177379
122.666 0.000600453 437442 0.0175278
123.241 0.000595791 443066 0.0173917
123.82 0.000591051 452150 0.0172533
124.401 0.000588526 455538 0.0171796
124.985 0.000585278 463382 0.0170848
125.571 0.000577875 468666 0.0168687
126.162 0.000570755 479642 0.0166609
126.756 0.000566747 482814 0.0165439
127.35 0.000560532 489386 0.0163625
127.948 0.000555717 498642 0.0162219
128.55 0.000550877 503450 0.0160806
129.154 0.000548552 512838 0.0160127
129.761 0.000541814 517586 0.0158161
130.369 0.000539004 524372 0.015734
130.98 0.000532038 534270 0.0155307
131.596 0.000528696 540386 0.0154331
132.215 0.000525053 550938 0.0153268
132.836 0.000519353 554270 0.0151604
133.459 0.000514138 564978 0.0150082
134.087 0.000510007 574370 0.0148876
134.718 0.000506545 579614 0.0147865
135.35 0.000501404 587778 0.0146364
135.985 0.000496177 596978 0.0144839
136.624 0.000495487 606570 0.0144637
137.267 0.000489456 613982 0.0142877
137.911 0.000483356 621200 0.0141096
138.558 0.000478778 631386 0.013976
139.208 0.000474268 640418 0.0138443
139.864 0.000471704 651870 0.0137695
140.521 0.00046546 657770 0.0135872
141.18 0.000461559 667082 0.0134733
141.842 0.000456638 675810 0.0133297
142.509 0.000454312 689318 0.0132618
143.18 0.000450133 698754 0.0131398
143.854 0.000445473 706922 0.0130038
144.529 0.000440675 715562 0.0128637
145.208 0.000439584 727662 0.0128319
145.889 0.000436503 734426 0.0127419
146.572 0.000431816 745746 0.0126051
147.26 0.000426156 759698 0.0124399
147.952 0.00042353 768140 0.0123632
148.647 0.000419475 778770 0.0122449
149.347 0.000414745 795842 0.0121068
150.049 0.000412525 799442 0.012042
150.754 0.000409693 816042 0.0119593
151.462 0.00040657 822038 0.0118682
152.173 0.000403354 837722 0.0117743
152.887 0.000399065 846330 0.0116491
153.605 0.000394633 860768 0.0115197
154.327 0.000391182 873722 0.011419
155.052 0.000388041 885438 0.0113273
155.781 0.000384519 898730 0.0112245
156.513 0.000380977 908402 0.0111211
157.247 0.000378039 923226 0.0110353
157.985 0.000373063 933944 0.01089
158.727 0.000368736 949730 0.0107638
159.472 0.000366762 961278 0.0107061
160.222 0.000363253 981218 0.0106037
160.976 0.000360092 989186 0.0105114
161.73 0.000357384 1001016 0.0104324
162.489 0.000354871 1019138 0.010359
163.253 0.00035104 1032842 0.0102472
164.019 0.000349001 1045394 0.0101877
164.79 0.000345161 1066230 0.0100756
165.565 0.000342736 1075496 0.0100048
166.341 0.000338701 1090154 0.00988701
167.122 0.000335131 1110378 0.00978278
167.908 0.000331718 1124666 0.00968315
168.697 0.000329751 1139624 0.00962574
169.49 0.000326291 1157114 0.00952473
170.286 0.000323785 1171434 0.00945158
171.085 0.000320314 1188494 0.00935025
171.889 0.000317841 1205504 0.00927807
172.697 0.000314862 1226594 0.00919111
173.508 0.000312569 1235562 0.00912418
174.322 0.000309267 1259120 0.00902779
175.141 0.000305992 1274498 0.00893221
175.964 0.000303565 1295594 0.00886135
176.791 0.000301572 1308312 0.00880316
177.621 0.000298082 1333922 0.0087013
178.456 0.000295956 1348418 0.00863922
179.294 0.000292813 1366112 0.00854748
180.136 0.000290494 1389738 0.00847979
180.982 0.000287219 1407458 0.00838419
181.832 0.000285439 1426520 0.00833225
182.687 0.000283126 1448810 0.00826472
183.545 0.000280696 1465802 0.00819377
184.406 0.000278053 1488456 0.00811663
185.272 0.000275914 1510766 0.00805419
186.142 0.000273392 1528298 0.00798057
187.016 0.000270341 1552784 0.00789149
187.895 0.000268036 1579538 0.00782421
188.779 0.000266499 1595784 0.00777934
189.665 0.000263481 1619930 0.00769125
190.555 0.000261801 1637186 0.00764221
191.449 0.000258825 1669616 0.00755534
192.35 0.000256484 1691834 0.007487
193.253 0.00025395 1706952 0.00741303
194.159 0.000251703 1739630 0.00734744
195.073 0.000249396 1765064 0.0072801
195.988 0.000247898 1783538 0.00723636
196.91 0.000245607 1817480 0.00716949
197.835 0.000243056 1837034 0.00709504
198.765 0.000240543 1866512 0.00702169
199.698 0.000237936 1888242 0.00694557
200.636 0.00023612 1917056 0.00689255
201.577 0.000234011 1941554 0.00683099
202.525 0.000232307 1978040 0.00678127
203.477 0.000229755 1997426 0.00670676
204.433 0.00022829 2029256 0.006664
205.393 0.000226275 2056370 0.00660518
206.357 0.000224017 2084000 0.00653926
207.326 0.000221901 2117778 0.0064775
208.3 0.00021993 2143952 0.00641995
209.278 0.000218169 2175614 0.00636856
210.261 0.00021595 2206400 0.0063038
211.248 0.000213943 2233970 0.00624519
212.241 0.00021204 2276456 0.00618966
213.239 0.000210335 2301848 0.00613989
214.24 0.000208729 2332922 0.00609301
215.246 0.000206601 2366960 0.00603089
216.256 0.000204961 2397698 0.00598301
217.272 0.000202835 2436644 0.00592094
218.293 0.000200505 2472608 0.00585292
219.319 0.000199256 2503050 0.00581647
220.348 0.000197471 2535392 0.00576436
221.383 0.000195336 2581088 0.00570204
222.424 0.000193536 2612762 0.00564948
223.469 0.000191892 2647964 0.00560151
224.518 0.000190096 2687216 0.00554909
225.573 0.000188181 2724434 0.00549319
226.633 0.000186212 2765840 0.0054357
227.697 0.000184422 2798504 0.00538346
228.766 0.000183039 2841326 0.00534309
229.841 0.000181561 2886128 0.00529992
230.921 0.000179794 2920808 0.00524835
232.005 0.000178195 2967536 0.00520167
233.094 0.000176649 3000674 0.00515655
234.188 0.000175168 3050324 0.00511333
235.289 0.000173474 3094664 0.00506388
236.395 0.000171978 3136016 0.00502021
237.505 0.000170547 3179546 0.00497843
238.621 0.000169006 3227060 0.00493346
239.742 0.000167721 3271832 0.00489595
240.868 0.000166199 3315440 0.00485151
241.998 0.000164428 3363800 0.00479981
243.135 0.000162801 3414158 0.00475232
244.278 0.00016154 3459752 0.00471552
245.425 0.000160175 3508864 0.00467566
246.578 0.000158675 3560804 0.00463186
247.736 0.000157316 3608912 0.0045922
248.9 0.000156024 3660608 0.00455449
250.068 0.000154666 3707846 0.00451486
251.243 0.000152861 3769664 0.00446215
252.424 0.000151379 3822920 0.00441889
253.609 0.000150135 3863564 0.00438259
254.8 0.000148753 3930704 0.00434225
255.998 0.000147598 3986168 0.00430852
257.2 0.000146007 4034228 0.00426208
258.406 0.000144776 4090816 0.00422613
259.62 0.000143518 4160360 0.00418944
260.841 0.000142006 4213436 0.00414529
262.066 0.000140803 4270976 0.00411016
263.296 0.000139832 4332308 0.00408183
264.533 0.000138931 4395896 0.00405552
265.775 0.000137525 4454378 0.00401448
267.023 0.000136333 4517036 0.00397968
268.278 0.000135024 4588552 0.00394147
269.539 0.000133619 4651316 0.00390048
270.805 0.000132367 4711190 0.00386393
272.076 0.000131284 4782704 0.0038323
273.355 0.000130024 4849964 0.00379553
274.639 0.000129 4917080 0.00376562
275.928 0.000128017 4985260 0.00373693
277.224 0.000126767 5060456 0.00370044
278.527 0.000125632 5127788 0.00366731
279.835 0.000124418 5201672 0.00363188
281.149 0.000123223 5278196 0.003597
282.47 0.000122174 5350384 0.00356636
283.797 0.000121233 5423492 0.00353891
285.13 0.000120189 5504720 0.00350843
286.469 0.000119006 5581268 0.00347391
287.815 0.000118155 5659270 0.00344906
289.166 0.00011718 5736332 0.0034206
290.524 0.00011614 5823104 0.00339024
291.889 0.000115001 5909900 0.00335698
293.261 0.00011397 5986168 0.00332689
294.637 0.000112946 6064034 0.00329699
296.021 0.000111937 6162248 0.00326756
297.412 0.000111008 6249932 0.00324044
298.81 0.000109969 6331588 0.00321009
300.213 0.000109036 6424736 0.00318286
301.623 0.000108257 6515066 0.00316014
303.04 0.000107164 6607552 0.00312821
304.463 0.000106162 6691412 0.00309896
305.892 0.000105239 6796676 0.00307203
307.33 0.000104309 6894838 0.00304488
308.773 0.000103234 6983324 0.0030135
310.224 0.000102392 7094120 0.00298893
311.681 0.000101518 7182634 0.0029634
313.145 0.000100553 7295588 0.00293523
314.616 9.96898e-05 7389992 0.00291004
316.094 9.88234e-05 7499434 0.00288475
317.579 9.79909e-05 7606244 0.00286045
319.07 9.70619e-05 7703654 0.00283333
320.568 9.62061e-05 7823908 0.00280835
322.074 9.53585e-05 7933148 0.0027836
323.587 9.47045e-05 8035210 0.00276451
325.107 9.38286e-05 8168648 0.00273895
326.635 9.30015e-05 8270402 0.0027148
328.169 9.22505e-05 8396284 0.00269288
329.71 9.12755e-05 8496608 0.00266442
331.258 9.05764e-05 8636482 0.00264401
332.814 8.9855e-05 8744780 0.00262295
334.377 8.90581e-05 8878274 0.00259969
335.948 8.82997e-05 8998288 0.00257755
337.526 8.75141e-05 9127058 0.00255462
339.111 8.67396e-05 9258676 0.00253201
340.704 8.60071e-05 9394994 0.00251063
342.305 8.52988e-05 9518530 0.00248995
343.912 8.45685e-05 9652352 0.00246863
345.528 8.38153e-05 9800506 0.00244665
347.151 8.32289e-05 9929156 0.00242953
348.782 8.23617e-05 10079002 0.00240422
350.42 8.1613e-05 10202930 0.00238236
352.065 8.09808e-05 10362148 0.00236391
353.719 8.03223e-05 10508450 0.00234468
355.38 7.96506e-05 10647784 0.00232508
357.05 7.89906e-05 10817954 0.00230581
358.727 7.83336e-05 10950034 0.00228663
360.411 7.76908e-05 11116484 0.00226787
362.105 7.6987e-05 11277610 0.00224732
363.806 7.64478e-05 11430154 0.00223158
365.514 7.58746e-05 11580074 0.00221485
367.23 7.51909e-05 11759140 0.00219489
368.955 7.45983e-05 11924378 0.0021776
370.689 7.40491e-05 12099850 0.00216156
372.43 7.33924e-05 12260050 0.00214239
374.18 7.27506e-05 12439484 0.00212366
375.937 7.21644e-05 12606226 0.00210655
377.703 7.15839e-05 12800474 0.0020896
379.477 7.10345e-05 12964258 0.00207356
381.259 7.0405e-05 13155874 0.00205519
383.05 6.98952e-05 13345394 0.00204031
384.849 6.94105e-05 13525540 0.00202616
386.657 6.87888e-05 13730122 0.00200801
388.473 6.8224e-05 13917890 0.00199152
390.298 6.76632e-05 14114938 0.00197515
392.131 6.72038e-05 14316682 0.00196174
393.974 6.66879e-05 14520626 0.00194668
395.824 6.6165e-05 14708962 0.00193142
397.682 6.56069e-05 14936002 0.00191513
399.55 6.52065e-05 15141986 0.00190344
401.428 6.47252e-05 15366994 0.00188939
403.313 6.42246e-05 15563242 0.00187478
405.207 6.38111e-05 15794614 0.00186271
407.111 6.34924e-05 16021226 0.0018534
409.023 6.31009e-05 16238338 0.00184198
410.944 6.26444e-05 16476706 0.00182865
412.874 6.22033e-05 16717282 0.00181577
414.814 6.18287e-05 16935730 0.00180484
416.762 6.14078e-05 17183270 0.00179255
418.719 6.10954e-05 17431546 0.00178343
420.686 6.0696e-05 17672128 0.00177177
422.662 6.03499e-05 17929450 0.00176167
424.648 5.9977e-05 18181246 0.00175079
426.643 5.9649e-05 18436154 0.00174121
428.646 5.93316e-05 18688066 0.00173195
430.659 5.89322e-05 18966160 0.00172029
432.682 5.86919e-05 19228342 0.00171327
434.714 5.83776e-05 19497994 0.0017041
436.756 5.80708e-05 19789402 0.00169514
438.808 5.77505e-05 20048224 0.00168579
440.868 5.75302e-05 20340694 0.00167936
442.939 5.72975e-05 20631698 0.00167257
445.02 5.7109e-05 20920738 0.00166707
447.11 5.68203e-05 21224764 0.00165864
449.211 5.66644e-05 21524794 0.00165409
451.321 5.6489e-05 21819694 0.00164897
453.441 5.63156e-05 22136776 0.00164391
455.571 5.61187e-05 22446490 0.00163816
457.71 5.59532e-05 22753708 0.00163333
459.86 5.58443e-05 23092930 0.00163015
462.02 5.57383e-05 23405020 0.00162705
464.19 5.57197e-05 23744914 0.00162651
466.371 5.5649e-05 24090094 0.00162445
468.561 5.55685e-05 24416584 0.0016221
470.762 5.55185e-05 24763822 0.00162064
472.973 5.54789e-05 25116112 0.00161948
475.194 5.54721e-05 25474348 0.00161928
477.427 5.545e-05 25839802 0.00161864
479.669 5.55214e-05 26191732 0.00162072
481.921 5.55698e-05 26563339 0.00162213
484.183 5.53447e-05 26678128 0.00161556
486.457 5.50085e-05 26655828 0.00160575
488.742 5.46258e-05 26675140 0.00159458
491.038 5.43662e-05 26644864 0.001587
493.344 5.40361e-05 26631640 0.00157737
495.661 5.37051e-05 26619904 0.0015677
497.99 5.33947e-05 26596180 0.00155864
500.329 5.30357e-05 26557060 0.00154816
502.679 5.27728e-05 26532520 0.00154049
505.04 5.25028e-05 26493240 0.0015326
507.412 5.21984e-05 26453764 0.00152372
509.795 5.19091e-05 26412544 0.00151528
512.19 5.15818e-05 26360476 0.00150572
514.595 5.1337e-05 26299600 0.00149857
517.012 5.11315e-05 26254092 0.00149258
519.441 5.08475e-05 26178916 0.00148429
521.881 5.06365e-05 26116096 0.00147813
524.332 5.04312e-05 26040928 0.00147213
526.795 5.01788e-05 25967736 0.00146477
529.269 4.99726e-05 25862260 0.00145875
531.755 4.97513e-05 25796416 0.00145229
534.253 4.95543e-05 25689396 0.00144654
536.762 4.9351e-05 25577176 0.0014406
539.283 4.91308e-05 25489588 0.00143418
541.816 4.88805e-05 25373328 0.00142687
544.362 4.87467e-05 25250224 0.00142296
546.918 4.85732e-05 25122124 0.0014179
549.487 4.83976e-05 24990660 0.00141277
552.068 4.82171e-05 24856192 0.0014075
554.661 4.80626e-05 24706228 0.00140299
557.266 4.78933e-05 24558204 0.00139805
559.883 4.77575e-05 24392068 0.00139409
562.513 4.76854e-05 24237480 0.00139198
565.155 4.75478e-05 24064336 0.00138797
567.809 4.73749e-05 23876980 0.00138292
570.476 4.72741e-05 23697324 0.00137997
573.156 4.72308e-05 23498488 0.00137871
575.848 4.71095e-05 23292324 0.00137517
578.553 4.70313e-05 23100964 0.00137289
581.271 4.69695e-05 22862988 0.00137108
584 4.69642e-05 22634848 0.00137093
586.743 4.68633e-05 22410012 0.00136798
589.499 4.68936e-05 22160572 0.00136887
592.268 4.68719e-05 21915600 0.00136824
595.05 4.68784e-05 21645516 0.00136842
597.844 4.68995e-05 21372232 0.00136904
600.652 4.6899e-05 21101172 0.00136903
603.474 4.69858e-05 20815564 0.00137156
606.308 4.70583e-05 20504628 0.00137368
609.156 4.71473e-05 20204736 0.00137627
612.017 4.72027e-05 19883356 0.00137789
614.891 4.73189e-05 19552848 0.00138128
617.779 4.74637e-05 19217196 0.00138551
620.681 4.76081e-05 18861736 0.00138972
623.596 4.77653e-05 18502836 0.00139431
626.525 4.79292e-05 18135780 0.0013991
629.467 4.81343e-05 17749600 0.00140508
632.424 4.83561e-05 17354232 0.00141156
635.394 4.86084e-05 16953228 0.00141893
638.378 4.87953e-05 16529656 0.00142438
641.376 4.90613e-05 16099164 0.00143215
644.388 4.93964e-05 15659388 0.00144193
647.415 4.96735e-05 15207864 0.00145002
650.455 4.9927e-05 14736132 0.00145742
653.51 5.02398e-05 14255596 0.00146655
656.579 5.05229e-05 13762332 0.00147481
659.662 5.07491e-05 13252296 0.00148141
662.76 5.1062e-05 12731268 0.00149055
665.872 5.13395e-05 12198720 0.00149865
668.999 5.15269e-05 11649660 0.00150412
672.141 5.16927e-05 11081952 0.00150896
675.296 5.16514e-05 10500652 0.00150775
678.467 5.13647e-05 9911376 0.00149938
681.652 5.10218e-05 9301473 0.00148938
684.856 5.07773e-05 8737218 0.00148224
688.073 5.06541e-05 8239530 0.00147864
691.305 5.06282e-05 7788972 0.00147789
694.552 5.06709e-05 7357452 0.00147913
697.814 5.08064e-05 6958434 0.00148309
701.093 5.09504e-05 6572454 0.00148729
704.385 5.11036e-05 6204966 0.00149176
707.693 5.13457e-05 5851524 0.00149883
711.016 5.16997e-05 5518854 0.00150916
714.356 5.20558e-05 5192928 0.00151956
717.711 5.22994e-05 4883690 0.00152667
721.082 5.27376e-05 4585122 0.00153946
724.468 5.31168e-05 4294452 0.00155053
727.871 5.34612e-05 4020870 0.00156058
731.289 5.41334e-05 3750774 0.00158021
734.723 5.46262e-05 3496122 0.00159459
738.174 5.54384e-05 3250038 0.0016183
741.641 5.61266e-05 3010904 0.00163839
745.123 5.69552e-05 2783520 0.00166258
748.622 5.76668e-05 2566482 0.00168335
752.138 5.85983e-05 2355504 0.00171054
755.668 5.95502e-05 2154350 0.00173833
759.215 6.05202e-05 1964322 0.00176664
762.781 6.14978e-05 1782180 0.00179518
766.364 6.30105e-05 1608354 0.00183934
769.963 6.41611e-05 1442012 0.00187292
773.577 6.57852e-05 1285878 0.00192033
777.208 6.7608e-05 1137636 0.00197354
780.856 6.91668e-05 999476 0.00201904
784.519 7.12512e-05 867846 0.00207989
788.195 7.39436e-05 746768 0.00215848
791.894 7.61326e-05 636276 0.00222238
795.615 7.85314e-05 532566 0.0022924
799.345 8.12746e-05 435044 0.00237248
803.087 8.43692e-05 351690 0.00246282
806.861 8.75747e-05 275630 0.00255639
810.63 9.07696e-05 204876 0.00264965
814.415 9.48455e-05 150770 0.00276863
818.252 9.96637e-05 100542 0.00290928
822.015 0.000104711 59294 0.00305661
825.771 0.000112497 32538 0.00328389
829.571 0.000113691 11726 0.00331874
832.962 0.000116684 1560 0.00340612
835.799 5.34308e-05 1 0.00155969
