# in Mpc/h Units 
# D1 = 0.215728 
# k P N P(z=0)
0.628319 9.77904 6 210.128
0.888577 5.03165 12 108.118
1.08828 3.2523 8 69.8841
1.25664 2.30658 6 49.563
1.40496 1.51194 24 32.4879
1.53906 1.47361 24 31.6643
1.77715 0.901265 12 19.366
1.88496 1.1033 30 23.7073
1.98692 0.647303 24 13.909
2.0839 0.772352 24 16.596
2.17656 0.714084 8 15.344
2.26543 0.602818 24 12.9531
2.35095 0.648229 48 13.9289
2.51327 0.40732 6 8.75234
2.59062 0.501382 48 10.7735
2.66573 0.383123 36 8.23241
2.73878 0.377578 24 8.11326
2.80993 0.489186 24 10.5114
2.87932 0.302438 48 6.49868
2.94708 0.466297 24 10.0196
3.07812 0.362221 24 7.78327
3.14159 0.407563 30 8.75755
3.20381 0.320757 72 6.8923
3.26484 0.282532 32 6.07093
3.3836 0.209997 72 4.51233
3.44144 0.434125 48 9.32831
3.55431 0.407295 12 8.7518
3.60942 0.270663 48 5.8159
3.6637 0.232663 48 4.99938
3.71718 0.245756 48 5.28071
3.76991 0.129293 30 2.7782
3.82191 0.108702 24 2.33575
3.87322 0.232679 72 4.99972
3.97384 0.227049 24 4.87874
4.0232 0.24115 96 5.18173
4.07197 0.216106 48 4.6436
4.12016 0.209895 24 4.51013
4.16779 0.140756 24 3.02451
4.21489 0.211709 72 4.54912
4.26146 0.205035 48 4.40571
4.35312 0.180943 8 3.88804
4.39823 0.183903 54 3.95163
4.44288 0.177985 84 3.82448
4.48709 0.139752 48 3.00293
4.53087 0.188121 24 4.04228
4.57423 0.15753 72 3.38494
4.61718 0.187628 96 4.03167
4.70191 0.122086 48 2.62333
4.7437 0.205431 48 4.41423
4.78513 0.182813 24 3.92823
4.82621 0.127956 72 2.74948
4.90732 0.115483 72 2.48146
4.94739 0.129199 96 2.77617
5.02655 0.099828 6 2.14507
5.06567 0.140484 96 3.01866
5.10448 0.15512 96 3.33317
5.14301 0.0937976 24 2.01549
5.18125 0.150992 48 3.24445
5.21921 0.138611 96 2.97842
5.25689 0.145389 48 3.12407
5.33146 0.128713 36 2.76574
5.36836 0.143666 48 3.08704
5.405 0.126706 120 2.72261
5.4414 0.117725 56 2.52963
5.47755 0.211584 24 4.54644
5.51347 0.12525 96 2.69133
5.54916 0.12722 48 2.73365
5.61985 0.177853 24 3.82164
5.65487 0.116892 102 2.51173
5.68967 0.120915 48 2.59818
5.72425 0.108232 72 2.32564
5.75863 0.125501 48 2.69672
5.79281 0.0908625 48 1.95242
5.82679 0.116347 120 2.50002
5.89415 0.103693 24 2.22811
5.92755 0.112303 144 2.41313
5.96075 0.121255 120 2.60548
5.99378 0.0898069 48 1.92974
6.05928 0.114413 48 2.45847
6.09177 0.105746 96 2.27223
6.15624 0.0968819 24 2.08176
6.18822 0.0999176 48 2.14699
6.22004 0.119108 108 2.55934
6.25169 0.0947895 72 2.0368
6.28319 0.0811158 30 1.74298
6.31452 0.0995685 168 2.13949
6.34571 0.0761844 48 1.63702
6.40762 0.0907678 72 1.95038
6.43835 0.0911792 96 1.95922
6.46894 0.118082 72 2.5373
6.49938 0.0872985 72 1.87584
6.52968 0.0954892 32 2.05184
6.55984 0.0893864 72 1.9207
6.58986 0.0886415 144 1.9047
6.67912 0.0972276 96 2.08919
6.70861 0.0962985 96 2.06923
6.73797 0.0702699 48 1.50993
6.7672 0.0947348 72 2.03562
6.7963 0.109691 120 2.35699
6.82529 0.0907 72 1.94893
6.88288 0.0726082 48 1.56018
6.9115 0.0789507 78 1.69646
6.94001 0.0759489 120 1.63196
6.96839 0.0848047 48 1.82225
7.02481 0.0762255 144 1.6379
7.05286 0.0805169 144 1.73012
7.10861 0.0771486 12 1.65774
7.13633 0.0810188 144 1.7409
7.16393 0.116175 48 2.49632
7.19926 0.0882992 168 1.89734
7.24612 0.0744189 48 1.59908
7.27331 0.0799242 168 1.71738
7.34532 0.0919101 144 1.97493
7.38107 0.0823519 96 1.76955
7.40777 0.0938275 72 2.01613
7.43437 0.0710924 48 1.52761
7.46967 0.0625577 144 1.34421
7.53982 0.0870959 30 1.87148
7.58332 0.070544 288 1.51582
7.61796 0.0904691 56 1.94397
7.66638 0.064681 192 1.38984
7.6953 0.0710277 120 1.52622
7.76339 0.0707397 216 1.52003
7.79723 0.0718575 96 1.54405
7.8225 0.064551 96 1.38705
7.87281 0.095645 72 2.05518
7.89784 0.0818188 96 1.75809
7.94767 0.0540631 24 1.16169
7.98137 0.0637946 300 1.37079
8.02183 0.0619552 24 1.33127
8.05865 0.0851564 192 1.82981
8.09532 0.0644325 120 1.3845
8.14394 0.0705574 48 1.51611
8.18379 0.0603769 222 1.29736
8.21633 0.060036 120 1.29003
8.26125 0.0717996 192 1.5428
8.28809 0.0620469 144 1.33324
8.33559 0.0408884 24 0.878594
8.37495 0.0637894 144 1.37068
8.40633 0.0718647 120 1.5442
8.44439 0.0689399 192 1.48135
8.47648 0.0596647 144 1.28205
8.52293 0.0681717 48 1.46485
8.55594 0.0590174 336 1.26814
8.59213 0.0559777 48 1.20283
8.64252 0.0642893 240 1.38142
8.70624 0.080221 8 1.72376
8.72888 0.0522504 48 1.12274
8.7579 0.0592573 336 1.2733
8.81192 0.0502899 174 1.08061
8.84123 0.0712489 120 1.53097
8.89978 0.0631129 228 1.35615
8.9427 0.0599942 168 1.28913
8.98883 0.0628886 144 1.35133
9.01807 0.0586954 240 1.26122
9.06174 0.0672142 24 1.44427
9.0897 0.0627174 336 1.34765
9.13765 0.0749667 144 1.61086
9.17922 0.0535322 168 1.15028
9.23436 0.0424263 96 0.91164
9.26754 0.0590711 216 1.2693
9.32651 0.0515213 288 1.10707
9.36174 0.0585042 144 1.25712
9.41969 0.0503107 198 1.08106
9.4573 0.0546055 216 1.17334
9.50225 0.0597614 168 1.28413
9.52892 0.0621082 240 1.33456
9.58792 0.0564994 168 1.21404
9.62314 0.0536523 336 1.15286
9.68099 0.057421 240 1.23384
9.7638 0.0521782 276 1.12119
9.81837 0.0496788 344 1.06748
9.85479 0.0358415 144 0.770147
9.90673 0.058951 240 1.26672
9.94528 0.0539816 312 1.15994
10.0098 0.0457452 240 0.982955
10.0531 0.0354543 6 0.761828
10.0874 0.0523527 384 1.12493
10.1448 0.0579962 312 1.2462
10.1924 0.0507796 168 1.09113
10.2421 0.0559101 336 1.20137
10.2983 0.0450159 336 0.967284
10.3243 0.0485428 192 1.04307
10.3879 0.0553212 288 1.18872
10.4279 0.0591764 216 1.27156
10.4705 0.0524016 240 1.12598
10.5349 0.0431265 384 0.926685
10.57 0.0754658 72 1.62158
10.6152 0.0485593 336 1.04342
10.6914 0.0440951 378 0.947499
10.7244 0.0433243 144 0.930936
10.7631 0.0507263 384 1.08999
10.826 0.0455022 384 0.977734
10.8777 0.0491224 344 1.05552
10.919 0.0485858 144 1.04399
10.9816 0.0407325 456 0.875245
11.0311 0.0457416 312 0.982877
11.0746 0.0447947 144 0.962531
11.1354 0.0451406 552 0.969964
11.1965 0.0415045 264 0.891832
11.2557 0.044476 264 0.955684
11.2926 0.0483765 294 1.0395
11.3378 0.0454341 432 0.97627
11.3986 0.0373699 432 0.80299
11.4516 0.0444246 264 0.954578
11.4915 0.037216 192 0.799684
11.5567 0.0416059 468 0.894012
11.6093 0.0487637 552 1.04781
11.6705 0.0413716 336 0.888978
11.7239 0.0426359 288 0.916143
11.7777 0.0420596 456 0.903761
11.8366 0.0424222 432 0.911552
11.8788 0.0444513 168 0.955151
11.9469 0.0410447 566 0.881952
12.0077 0.0396383 432 0.851733
12.0751 0.0421006 432 0.904641
12.1153 0.0386333 360 0.830138
12.1711 0.0408236 624 0.877201
12.2203 0.0400262 264 0.860068
12.2718 0.0371738 360 0.798776
12.3453 0.0390011 456 0.838041
12.3969 0.0362729 504 0.779417
12.467 0.0424113 564 0.911317
12.526 0.038963 384 0.837223
12.5876 0.035542 462 0.763713
12.6429 0.0377345 624 0.810824
12.7121 0.0370991 432 0.797172
12.7677 0.0380225 624 0.817013
12.8318 0.0386769 312 0.831074
12.8807 0.0417804 552 0.89776
12.9504 0.0374125 408 0.803906
12.9878 0.0391709 600 0.84169
13.0701 0.0369218 608 0.793361
13.1297 0.0345514 504 0.742427
13.1933 0.0356164 510 0.765312
13.258 0.0338426 600 0.727198
13.3214 0.0367554 492 0.789786
13.3672 0.0356048 552 0.765061
13.4446 0.0396925 696 0.852897
13.492 0.0329405 504 0.707813
13.5589 0.0347685 528 0.747092
13.6149 0.0347986 624 0.747738
13.6788 0.0349533 504 0.751062
13.7489 0.0342049 552 0.734981
13.8157 0.0335197 654 0.720258
13.8792 0.0348701 840 0.749275
13.9482 0.0315951 744 0.678904
14.0148 0.0312716 456 0.671951
14.0735 0.0317071 648 0.68131
14.1506 0.0331519 896 0.712356
14.2105 0.0297801 396 0.639903
14.2726 0.0368591 816 0.792013
14.348 0.0315522 672 0.677982
14.4008 0.0305162 552 0.65572
14.474 0.0300992 894 0.646759
14.5447 0.0295337 672 0.634609
14.6112 0.0318126 624 0.683578
14.6784 0.0298521 888 0.64145
14.7376 0.0321596 720 0.691033
14.8179 0.0295958 936 0.635942
14.8977 0.0311038 648 0.668346
14.9637 0.0311526 936 0.669394
15.0285 0.0315477 696 0.677884
15.1106 0.0348022 618 0.747816
15.1697 0.0299004 1008 0.642487
15.237 0.0290811 872 0.624884
15.3147 0.0292135 960 0.627727
15.3934 0.030086 888 0.646477
15.4569 0.0301793 648 0.64848
15.5288 0.0276176 840 0.593437
15.5941 0.0317942 912 0.683182
15.6682 0.0284377 774 0.611058
15.7451 0.0290184 1272 0.623536
15.8249 0.0299465 912 0.643478
15.9019 0.0286573 864 0.615777
15.9745 0.0283771 924 0.609756
16.0428 0.0286461 1080 0.615536
16.1255 0.028473 1008 0.611817
16.1989 0.028488 1128 0.612139
16.2879 0.0285377 768 0.613207
16.35 0.0267824 1046 0.575489
16.4304 0.027357 1152 0.587838
16.512 0.0272353 1272 0.585221
16.5918 0.0281245 912 0.604328
16.6638 0.0277269 1200 0.595785
16.7465 0.0268552 1080 0.577054
16.81 0.0276896 840 0.594982
16.9017 0.0260924 1332 0.560664
16.9783 0.0270512 1062 0.581265
17.0536 0.0265506 1320 0.570508
17.142 0.0257986 1248 0.554351
17.2167 0.0257157 1104 0.552569
17.3001 0.0256241 1392 0.550601
17.3739 0.0263881 776 0.567018
17.4601 0.0253524 1728 0.544762
17.5449 0.0235797 1224 0.506672
17.633 0.0259852 1254 0.55836
17.7179 0.0246823 1368 0.530365
17.7982 0.0243988 1236 0.524272
17.8748 0.0248132 1608 0.533177
17.9662 0.0250886 1008 0.539094
18.0329 0.0254584 1488 0.547039
18.1298 0.0230769 1440 0.495867
18.2161 0.0233869 1158 0.502528
18.2962 0.023432 1824 0.503497
18.3819 0.0232289 1464 0.499133
18.4763 0.0236491 1448 0.508163
18.557 0.0233236 1560 0.501168
18.6484 0.0223162 1428 0.479522
18.7347 0.0233919 1680 0.502636
18.8277 0.0229751 1494 0.49368
18.9164 0.0237808 1944 0.510993
19.0083 0.0217131 1368 0.466562
19.0912 0.0232817 1584 0.500267
19.1791 0.0220371 1776 0.473524
19.2627 0.0215852 1440 0.463815
19.355 0.0221834 1968 0.476668
19.4476 0.0223934 1374 0.481182
19.5383 0.022827 2100 0.490498
19.6314 0.0220105 1640 0.472953
19.731 0.020819 2496 0.447351
19.8246 0.0222833 1248 0.478816
19.8969 0.0217807 1512 0.468015
20.0004 0.0203871 2280 0.43807
20.0981 0.0207179 1926 0.445179
20.1907 0.0210636 2064 0.452606
20.2923 0.0203961 1920 0.438263
20.3766 0.0197123 1944 0.423571
20.4817 0.0201555 2172 0.433093
20.5802 0.0202209 2256 0.4345
20.6744 0.0207004 1736 0.444803
20.7695 0.0207135 2094 0.445084
20.8661 0.0204326 2328 0.439048
20.9635 0.020669 2256 0.444127
21.0605 0.0191825 1920 0.412186
21.1552 0.0204213 2520 0.438805
21.2598 0.0199085 2088 0.427787
21.3716 0.0195246 2634 0.419537
21.4685 0.0198721 2328 0.427005
21.5636 0.0190381 2304 0.409084
21.67 0.0178402 2568 0.383343
21.7712 0.018895 2024 0.406008
21.856 0.0182283 2352 0.391682
21.964 0.0193626 2718 0.416055
22.0689 0.018523 2520 0.398015
22.1792 0.0180999 2772 0.388924
22.2806 0.0182225 2640 0.391557
22.3891 0.0183309 2880 0.393888
22.4992 0.0183767 2448 0.39487
22.5967 0.017706 2478 0.380459
22.6978 0.0173991 2904 0.373864
22.8073 0.0174917 2816 0.375855
22.9091 0.0173429 3024 0.372657
23.0305 0.017896 2952 0.384541
23.1358 0.0173743 2796 0.373333
23.2405 0.0165828 2982 0.356324
23.355 0.0171962 3312 0.369506
23.4601 0.0170684 2688 0.366758
23.5688 0.0165824 3144 0.356315
23.6855 0.0172437 3672 0.370526
23.7877 0.0169254 2328 0.363686
23.9086 0.0170807 4046 0.367022
24.0233 0.0157105 2844 0.337581
24.1291 0.0166632 3600 0.358052
24.2431 0.016559 3264 0.355813
24.3572 0.0165738 3288 0.356132
24.4685 0.0165839 3198 0.356348
24.5798 0.0162718 3864 0.349642
24.6976 0.015688 3456 0.337099
24.8127 0.0152182 3744 0.327002
24.936 0.0153834 3876 0.330553
25.0523 0.0161918 3392 0.347924
25.1669 0.0154588 3918 0.332173
25.2872 0.015354 3864 0.32992
25.4083 0.0151423 4104 0.325372
25.5199 0.0146523 3480 0.314842
25.6387 0.0152002 4080 0.326616
25.7664 0.0149956 4170 0.322221
25.8855 0.014662 4176 0.315052
26.008 0.0146029 4560 0.313782
26.1336 0.0149485 3656 0.321207
26.2469 0.014839 4344 0.318854
26.3809 0.0142984 4830 0.307239
26.5071 0.0144712 4416 0.310952
26.6256 0.0142305 3876 0.305779
26.7421 0.0140054 4752 0.300943
26.8761 0.0144768 4968 0.311071
27.01 0.0142311 4494 0.305793
27.124 0.0138108 4200 0.296762
27.2568 0.0139442 5792 0.299628
27.3851 0.0139899 4224 0.30061
27.5155 0.0138602 5220 0.297823
27.6427 0.0130533 4590 0.280484
27.7657 0.01339 5328 0.287719
27.902 0.013602 5304 0.292275
28.0352 0.0133797 5040 0.287498
28.1565 0.0131422 4920 0.282394
28.2918 0.0129308 5750 0.277852
28.4302 0.0127565 5388 0.274107
28.5589 0.0130662 5784 0.280761
28.6971 0.0131294 5400 0.282119
28.8304 0.0127086 5640 0.273078
28.9695 0.0126131 5934 0.271025
29.1035 0.0125589 6120 0.269862
29.2425 0.012347 5544 0.265308
29.3779 0.012504 6164 0.26868
29.5153 0.0127314 5838 0.273568
29.6461 0.0118887 6144 0.255459
29.7907 0.0121615 6288 0.261321
29.9258 0.0118952 6576 0.2556
30.0748 0.0121896 6504 0.261925
30.2188 0.0123182 6594 0.264688
30.361 0.0117865 7008 0.253263
30.5003 0.0120632 6200 0.259209
30.6412 0.0116122 6768 0.249519
30.7876 0.0117035 7182 0.251481
30.9298 0.011495 6864 0.246999
31.0761 0.0115065 7308 0.247247
31.2204 0.0114068 6744 0.245106
31.3652 0.0112627 7686 0.242008
31.5175 0.0111489 7280 0.239564
31.662 0.0113088 7920 0.242998
31.8151 0.011144 7560 0.239458
31.9599 0.0110483 6948 0.237402
32.1058 0.010717 8430 0.230284
32.2645 0.0106488 8328 0.228816
32.4166 0.0109292 7824 0.234842
32.568 0.010218 8160 0.21956
32.7167 0.010699 8030 0.229896
32.8774 0.0102681 9372 0.220637
33.0313 0.0100662 7968 0.216298
33.1826 0.0103859 8568 0.223167
33.3427 0.0101545 8934 0.218195
33.4947 0.0102298 8952 0.219814
33.6524 0.0102155 8880 0.219506
33.8146 0.0100637 9548 0.216244
33.9739 0.010008 9126 0.215049
34.1313 0.0100013 9384 0.214904
34.2874 0.0097175 9288 0.208806
34.4468 0.00992499 9792 0.213264
34.6116 0.0098968 9570 0.212659
34.771 0.00954065 10376 0.205006
34.9362 0.0094442 10152 0.202933
35.1033 0.00946811 9960 0.203447
35.2646 0.00925887 10782 0.198951
35.4377 0.00945278 10992 0.203118
35.6063 0.00901594 10452 0.193731
35.7696 0.00932742 10806 0.200424
35.9426 0.0092885 11312 0.199588
36.1079 0.00909311 11112 0.195389
36.2754 0.00905918 10848 0.19466
36.4449 0.00896039 11394 0.192537
36.6133 0.00902828 11952 0.193996
36.7846 0.00876369 11352 0.188311
36.9601 0.00873971 12584 0.187796
37.1397 0.0088239 12390 0.189605
37.3143 0.00885012 12252 0.190168
37.4848 0.00860384 12240 0.184876
37.663 0.00856844 12486 0.184115
37.8363 0.00846101 13080 0.181807
38.0139 0.0084075 12968 0.180657
38.1916 0.00842331 12612 0.180997
38.369 0.00844257 13974 0.181411
38.5541 0.00822315 13944 0.176696
38.7327 0.00814605 12840 0.175039
38.91 0.00797924 14358 0.171455
39.0994 0.00795354 14588 0.170903
39.2843 0.00790347 14688 0.169827
39.4661 0.00795729 13560 0.170983
39.6505 0.00790738 15582 0.169911
39.8367 0.00776329 14544 0.166815
40.0233 0.00761375 15420 0.163601
40.2152 0.00768257 15614 0.16508
40.399 0.00770225 14880 0.165503
40.5874 0.00756746 16728 0.162607
40.7843 0.00759251 15690 0.163145
40.9716 0.00752314 16248 0.161654
41.1602 0.00745834 16584 0.160262
41.3596 0.00741641 16904 0.159361
41.5548 0.00724438 17430 0.155664
41.7499 0.00718794 16908 0.154452
41.9429 0.00707706 17640 0.152069
42.1439 0.007079 17550 0.152111
42.34 0.00709675 18696 0.152492
42.5408 0.00698805 17792 0.150157
42.739 0.00698102 18138 0.150005
42.937 0.00693611 19392 0.14904
43.1414 0.0068118 18768 0.146369
43.3421 0.00680412 19038 0.146204
43.5438 0.00679016 19460 0.145904
43.7444 0.0066175 19992 0.142194
43.96 0.00653251 21174 0.140368
44.1671 0.00663481 20040 0.142566
44.3727 0.00652848 20628 0.140281
44.5802 0.00658255 20798 0.141443
44.7878 0.0064079 21480 0.137691
44.9991 0.00643046 21792 0.138175
45.2114 0.00644063 21414 0.138394
45.4235 0.00638979 23100 0.137301
45.6374 0.00625258 21992 0.134353
45.8534 0.00625733 23406 0.134455
46.0666 0.00625678 22536 0.134443
46.284 0.0061013 24348 0.131102
46.5042 0.00609528 23598 0.130973
46.7214 0.00605074 24224 0.130016
46.9406 0.00589651 24648 0.126702
47.1626 0.00589924 24618 0.126761
47.3743 0.00589549 24192 0.12668
47.5977 0.00588062 26208 0.12636
47.8226 0.0058034 25790 0.124701
48.0485 0.00572565 26916 0.123031
48.2752 0.00570494 26214 0.122586
48.5019 0.00572249 27528 0.122963
48.7306 0.00568384 27720 0.122132
48.961 0.00560962 27122 0.120537
49.1868 0.00548558 28632 0.117872
49.4198 0.00551186 28680 0.118437
49.6522 0.00544048 28722 0.116903
49.8833 0.00539323 30000 0.115888
50.1204 0.00533193 29408 0.11457
50.355 0.005426 30678 0.116592
50.5916 0.00522584 30660 0.112291
50.8313 0.00530841 31494 0.114065
51.0704 0.00520204 31448 0.111779
51.3084 0.00521347 32160 0.112025
51.5543 0.00513967 33090 0.110439
51.795 0.00511355 32664 0.109878
52.0364 0.00503588 32718 0.108209
52.2793 0.00502048 34472 0.107878
52.526 0.00504862 34260 0.108483
52.7713 0.0049674 34302 0.106738
53.0156 0.0049293 35472 0.105919
53.2669 0.00483386 36020 0.103868
53.5188 0.00490114 36942 0.105314
53.77 0.00475697 36360 0.102216
54.0241 0.00475342 38166 0.10214
54.2756 0.00472061 36804 0.101435
54.5284 0.00469793 38864 0.100947
54.787 0.00461858 39366 0.0992422
55.0466 0.00462552 40068 0.0993914
55.3028 0.0045205 38910 0.0971347
55.5606 0.00458372 41360 0.0984931
55.8224 0.0044994 40782 0.0966814
56.083 0.00447314 42204 0.0961172
56.345 0.00443636 41544 0.0953269
56.6114 0.00442026 44510 0.0949809
56.8794 0.00432807 42948 0.0929999
57.145 0.00426698 44478 0.0916872
57.4166 0.0042866 46032 0.0921088
57.6877 0.00427648 44402 0.0918913
57.954 0.0041948 46320 0.0901362
58.2264 0.00417756 46848 0.0897658
58.5017 0.00409007 47814 0.0878859
58.7762 0.00408295 48260 0.0877328
59.0569 0.00405791 49758 0.0871947
59.3327 0.00402291 49032 0.0864427
59.6104 0.0040163 49770 0.0863006
59.8885 0.00393972 51056 0.0846551
60.1688 0.00390524 51504 0.0839142
60.453 0.00388888 52866 0.0835627
60.7362 0.00384496 52848 0.0826191
61.0229 0.00382294 54542 0.0821459
61.3094 0.00378984 54276 0.0814347
61.5957 0.00374163 55062 0.0803988
61.8839 0.00374907 56568 0.0805586
62.177 0.00372381 57266 0.0800158
62.4688 0.00371419 58056 0.079809
62.7616 0.00367681 57750 0.0790058
63.0554 0.00364511 60380 0.0783248
63.3541 0.00361078 60390 0.077587
63.652 0.00364705 61608 0.0783665
63.9512 0.00359663 61362 0.077283
64.251 0.00355921 63752 0.0764788
64.554 0.00348329 63528 0.0748475
64.8554 0.00350243 64050 0.0752589
65.1549 0.00345223 64784 0.0741803
65.4649 0.00342008 68814 0.0734893
65.7741 0.00335896 66156 0.0721761
66.081 0.00336137 68718 0.0722278
66.3899 0.00332769 69104 0.071504
66.7047 0.00329065 71682 0.0707082
67.0183 0.00327569 70512 0.0703867
67.3306 0.00325299 72278 0.069899
67.6483 0.00322745 74532 0.0693503
67.9687 0.00320546 74454 0.0688778
68.2871 0.00319347 75540 0.0686201
68.6079 0.00314482 76526 0.0675746
68.9314 0.00315438 78648 0.0677802
69.2548 0.00309938 77370 0.0665983
69.5723 0.00306677 78272 0.0658977
69.8997 0.00304747 82710 0.0654829
70.2314 0.00300098 82146 0.0644838
70.5609 0.00296508 83712 0.0637126
70.8938 0.00297797 84710 0.0639894
71.2273 0.00292828 86172 0.0629218
71.5624 0.00292904 86406 0.0629382
71.8964 0.00287442 88244 0.0617645
72.2353 0.00283698 89670 0.06096
72.5741 0.00285967 90792 0.0614475
72.9184 0.00279898 93194 0.0601433
73.2605 0.00279882 92352 0.0601399
73.6035 0.00276962 94914 0.0595125
73.9481 0.00273875 95504 0.0588492
74.2951 0.00269935 97230 0.0580026
74.6441 0.00270888 98802 0.0582073
74.9957 0.00265053 100952 0.0569537
75.3469 0.00263847 99990 0.0566945
75.6983 0.00261387 103356 0.0561658
76.0565 0.00257804 105014 0.0553958
76.4149 0.00256391 106548 0.0550923
76.7736 0.00255184 106302 0.0548329
77.1306 0.00252599 108002 0.0542774
77.4926 0.00249502 111696 0.053612
77.8598 0.00248196 112158 0.0533314
78.2245 0.002454 113300 0.0527306
78.5923 0.00244058 115302 0.0524423
78.9616 0.00242415 117396 0.0520892
79.3312 0.00238358 117158 0.0512174
79.7042 0.00238417 121470 0.0512301
80.0776 0.00235147 120660 0.0505275
80.4553 0.00233189 125030 0.0501068
80.8343 0.00230697 125388 0.0495712
81.2158 0.00228076 128094 0.049008
81.5959 0.002258 127058 0.048519
81.9781 0.00224377 132336 0.0482133
82.3648 0.00223634 132006 0.0480535
82.7505 0.00220075 134162 0.0472889
83.14 0.00220071 137760 0.047288
83.5324 0.00217524 137802 0.0467407
83.9214 0.00214469 139016 0.0460842
84.3171 0.00213296 144354 0.0458321
84.7141 0.00211028 142814 0.045345
85.1084 0.00209145 145932 0.0449403
85.5081 0.0020769 148206 0.0446275
85.9091 0.00205438 150566 0.0441438
86.3128 0.00204174 152820 0.043872
86.7194 0.0020025 155142 0.043029
87.127 0.00199006 157220 0.0427617
87.5368 0.00197178 159198 0.0423688
87.9473 0.00196581 160994 0.0422406
88.3606 0.00194133 164544 0.0417146
88.7753 0.00193037 165282 0.041479
89.1919 0.00192739 168350 0.041415
89.6109 0.00191379 171660 0.0411227
90.0336 0.00188638 173622 0.0405339
90.4563 0.00187413 175034 0.0402705
90.8805 0.00184988 178512 0.0397495
91.3051 0.00183494 178646 0.0394285
91.7348 0.00181574 185466 0.0390159
92.1672 0.00179237 185382 0.0385137
92.5992 0.00178804 188252 0.0384207
93.0354 0.00177404 192126 0.0381199
93.473 0.00175658 193562 0.0377447
93.9107 0.00173229 196176 0.0372228
94.3526 0.00173651 200130 0.0373135
94.7959 0.00171262 201326 0.0368002
95.2394 0.00169781 204972 0.0364819
95.6874 0.00168147 208406 0.0361307
96.1345 0.00167339 208362 0.0359571
96.5874 0.00165888 217662 0.0356453
97.0451 0.00164532 217124 0.0353539
97.4982 0.00163586 217446 0.0351508
97.9556 0.00160934 224690 0.0345808
98.4147 0.00159452 224058 0.0342624
98.8771 0.00158362 231848 0.0340282
99.3453 0.00156502 233994 0.0336286
99.8112 0.00156084 234198 0.0335387
100.278 0.00154353 239708 0.0331667
100.751 0.00153687 243630 0.0330237
101.226 0.00152337 247010 0.0327337
101.699 0.00150789 246414 0.0324009
102.174 0.00149481 253772 0.03212
102.654 0.00147235 256902 0.0316374
103.137 0.00145954 261066 0.0313621
103.624 0.00144737 265958 0.0311004
104.11 0.00142932 265098 0.0307126
104.596 0.00142673 271424 0.0306571
105.088 0.00141879 276858 0.0304865
105.585 0.0014032 281186 0.0301514
106.082 0.00138947 282918 0.0298563
106.577 0.00137096 285146 0.0294587
107.077 0.00136386 293280 0.0293062
107.581 0.00135282 294602 0.0290689
108.087 0.00133662 301278 0.0287207
108.595 0.0013206 302954 0.0283766
109.104 0.00131254 307674 0.0282033
109.614 0.0013061 310560 0.028065
110.13 0.00129178 320834 0.0277573
110.65 0.00128095 321582 0.0275245
111.17 0.00126682 325226 0.0272209
111.691 0.00124829 331422 0.0268228
112.216 0.00123847 335066 0.0266118
112.744 0.00122482 341340 0.0263185
113.272 0.00121457 342038 0.0260982
113.803 0.00121515 351354 0.0261107
114.339 0.00120113 355478 0.0258094
114.877 0.00119097 360066 0.0255912
115.416 0.00118095 364634 0.0253757
115.957 0.00116933 369072 0.0251261
116.503 0.00115492 377642 0.0248164
117.053 0.00114425 382074 0.0245872
117.602 0.00113125 384014 0.0243078
118.154 0.00112805 393066 0.0242392
118.707 0.00111913 393950 0.0240474
119.264 0.00110739 404154 0.0237951
119.826 0.00109931 409178 0.0236216
120.388 0.00108558 413334 0.0233266
120.954 0.00107395 421196 0.0230767
121.521 0.00106894 422658 0.0229689
122.091 0.00106029 434990 0.022783
122.666 0.00104724 437442 0.0225026
123.241 0.00104214 443066 0.0223931
123.82 0.00102775 452150 0.0220839
124.401 0.00101942 455538 0.0219048
124.985 0.00101017 463382 0.0217062
125.571 0.00100139 468666 0.0215175
126.162 0.000993221 479642 0.021342
126.756 0.000984651 482814 0.0211578
127.35 0.000974199 489386 0.0209332
127.948 0.000968494 498642 0.0208106
128.55 0.000953594 503450 0.0204905
129.154 0.000944043 512838 0.0202852
129.761 0.000940855 517586 0.0202167
130.369 0.000932734 524372 0.0200422
130.98 0.000922835 534270 0.0198295
131.596 0.00091506 540386 0.0196625
132.215 0.000904936 550938 0.0194449
132.836 0.000900568 554270 0.019351
133.459 0.000892356 564978 0.0191746
134.087 0.00088299 574370 0.0189734
134.718 0.000876056 579614 0.0188244
135.35 0.000868096 587778 0.0186533
135.985 0.000860278 596978 0.0184853
136.624 0.000855279 606570 0.0183779
137.267 0.000849004 613982 0.0182431
137.911 0.00084514 621200 0.01816
138.558 0.000835734 631386 0.0179579
139.208 0.000823478 640418 0.0176946
139.864 0.000816187 651870 0.0175379
140.521 0.000808868 657770 0.0173807
141.18 0.000803783 667082 0.0172714
141.842 0.000798325 675810 0.0171541
142.509 0.000791333 689318 0.0170038
143.18 0.000783794 698754 0.0168419
143.854 0.000776941 706922 0.0166946
144.529 0.000773417 715562 0.0166189
145.208 0.000764479 727662 0.0164268
145.889 0.000757943 734426 0.0162864
146.572 0.000752379 745746 0.0161668
147.26 0.000744021 759698 0.0159872
147.952 0.000735581 768140 0.0158059
148.647 0.000729592 778770 0.0156772
149.347 0.00072133 795842 0.0154997
150.049 0.000716704 799442 0.0154003
150.754 0.000707666 816042 0.0152061
151.462 0.000702552 822038 0.0150962
152.173 0.00069663 837722 0.0149689
152.887 0.000688315 846330 0.0147902
153.605 0.000681925 860768 0.0146529
154.327 0.000676238 873722 0.0145307
155.052 0.000669168 885438 0.0143788
155.781 0.000666503 898730 0.0143216
156.513 0.000659053 908402 0.0141615
157.247 0.000654886 923226 0.0140719
157.985 0.000647258 933944 0.013908
158.727 0.000642179 949730 0.0137989
159.472 0.000636189 961278 0.0136702
160.222 0.000631007 981218 0.0135588
160.976 0.000626378 989186 0.0134594
161.73 0.000619861 1001016 0.0133193
162.489 0.000613169 1019138 0.0131755
163.253 0.000607187 1032842 0.013047
164.019 0.000600439 1045394 0.012902
164.79 0.000597064 1066230 0.0128295
165.565 0.000593479 1075496 0.0127524
166.341 0.000585471 1090154 0.0125804
167.122 0.000579838 1110378 0.0124593
167.908 0.000575818 1124666 0.012373
168.697 0.000568898 1139624 0.0122243
169.49 0.000561831 1157114 0.0120724
170.286 0.000558152 1171434 0.0119933
171.085 0.000554831 1188494 0.011922
171.889 0.000548695 1205504 0.0117901
172.697 0.0005425 1226594 0.011657
173.508 0.00053828 1235562 0.0115663
174.322 0.000533979 1259120 0.0114739
175.141 0.00052951 1274498 0.0113779
175.964 0.000525699 1295594 0.011296
176.791 0.000519946 1308312 0.0111724
177.621 0.000515612 1333922 0.0110793
178.456 0.000510748 1348418 0.0109748
179.294 0.000505046 1366112 0.0108522
180.136 0.000500002 1389738 0.0107438
180.982 0.000495779 1407458 0.0106531
181.832 0.000490418 1426520 0.0105379
182.687 0.000486775 1448810 0.0104596
183.545 0.000484129 1465802 0.0104028
184.406 0.000478775 1488456 0.0102877
185.272 0.000474291 1510766 0.0101914
186.142 0.000469944 1528298 0.010098
187.016 0.000466115 1552784 0.0100157
187.895 0.000461565 1579538 0.00991794
188.779 0.000457104 1595784 0.00982208
189.665 0.000453079 1619930 0.00973558
190.555 0.000450476 1637186 0.00967966
191.449 0.000445572 1669616 0.00957428
192.35 0.000441633 1691834 0.00948963
193.253 0.000437407 1706952 0.00939884
194.159 0.000433044 1739630 0.00930508
195.073 0.000430538 1765064 0.00925123
195.988 0.000427297 1783538 0.00918158
196.91 0.000422329 1817480 0.00907485
197.835 0.000419074 1837034 0.00900491
198.765 0.000414552 1866512 0.00890774
199.698 0.000411099 1888242 0.00883353
200.636 0.000407354 1917056 0.00875307
201.577 0.00040295 1941554 0.00865843
202.525 0.000400282 1978040 0.00860111
203.477 0.000395958 1997426 0.00850818
204.433 0.000392353 2029256 0.00843073
205.393 0.000388696 2056370 0.00835214
206.357 0.00038598 2084000 0.0082938
207.326 0.000382456 2117778 0.00821806
208.3 0.000378884 2143952 0.0081413
209.278 0.000375673 2175614 0.00807232
210.261 0.000372299 2206400 0.00799982
211.248 0.000368703 2233970 0.00792255
212.241 0.000364964 2276456 0.0078422
213.239 0.000362309 2301848 0.00778515
214.24 0.000357752 2332922 0.00768725
215.246 0.000354231 2366960 0.00761157
216.256 0.000351472 2397698 0.00755229
217.272 0.000348341 2436644 0.00748501
218.293 0.000344584 2472608 0.00740428
219.319 0.000341512 2503050 0.00733827
220.348 0.000338986 2535392 0.007284
221.383 0.000335655 2581088 0.00721243
222.424 0.000332942 2612762 0.00715414
223.469 0.00032939 2647964 0.00707781
224.518 0.000325523 2687216 0.0069947
225.573 0.000322815 2724434 0.00693652
226.633 0.000319503 2765840 0.00686535
227.697 0.00031719 2798504 0.00681566
228.766 0.000314193 2841326 0.00675125
229.841 0.000311206 2886128 0.00668707
230.921 0.000308482 2920808 0.00662853
232.005 0.000305774 2967536 0.00657035
233.094 0.000302913 3000674 0.00650889
234.188 0.000299695 3050324 0.00643974
235.289 0.000296887 3094664 0.00637939
236.395 0.000294362 3136016 0.00632515
237.505 0.000291565 3179546 0.00626503
238.621 0.000288593 3227060 0.00620118
239.742 0.00028634 3271832 0.00615276
240.868 0.000283234 3315440 0.00608603
241.998 0.00028036 3363800 0.00602426
243.135 0.00027734 3414158 0.00595937
244.278 0.000275153 3459752 0.00591239
245.425 0.000272735 3508864 0.00586042
246.578 0.000270103 3560804 0.00580386
247.736 0.000267989 3608912 0.00575844
248.9 0.000264985 3660608 0.0056939
250.068 0.000262775 3707846 0.00564641
251.243 0.000260139 3769664 0.00558976
252.424 0.000257592 3822920 0.00553503
253.609 0.000255089 3863564 0.00548126
254.8 0.000253118 3930704 0.0054389
255.998 0.000250645 3986168 0.00538576
257.2 0.000248418 4034228 0.00533791
258.406 0.00024622 4090816 0.00529069
259.62 0.00024435 4160360 0.00525049
260.841 0.000241898 4213436 0.0051978
262.066 0.000239133 4270976 0.00513839
263.296 0.000237414 4332308 0.00510146
264.533 0.000235162 4395896 0.00505308
265.775 0.000233007 4454378 0.00500677
267.023 0.000231084 4517036 0.00496544
268.278 0.00022864 4588552 0.00491294
269.539 0.000226798 4651316 0.00487334
270.805 0.000224706 4711190 0.0048284
272.076 0.000222262 4782704 0.00477588
273.355 0.000220005 4849964 0.00472737
274.639 0.000218491 4917080 0.00469486
275.928 0.000216582 4985260 0.00465383
277.224 0.000214931 5060456 0.00461836
278.527 0.00021299 5127788 0.00457664
279.835 0.000210582 5201672 0.0045249
281.149 0.000209099 5278196 0.00449303
282.47 0.000207165 5350384 0.00445148
283.797 0.000205208 5423492 0.00440943
285.13 0.000203498 5504720 0.0043727
286.469 0.000201607 5581268 0.00433205
287.815 0.000199924 5659270 0.00429589
289.166 0.000198126 5736332 0.00425725
290.524 0.000196592 5823104 0.00422429
291.889 0.000194539 5909900 0.00418018
293.261 0.000193021 5986168 0.00414757
294.637 0.000191135 6064034 0.00410704
296.021 0.000189017 6162248 0.00406153
297.412 0.000187377 6249932 0.00402628
298.81 0.000185574 6331588 0.00398755
300.213 0.000183875 6424736 0.00395103
301.623 0.000182144 6515066 0.00391384
303.04 0.000180351 6607552 0.00387531
304.463 0.000178909 6691412 0.00384432
305.892 0.000177247 6796676 0.00380862
307.33 0.000175519 6894838 0.00377149
308.773 0.000173797 6983324 0.00373449
310.224 0.000172184 7094120 0.00369983
311.681 0.0001709 7182634 0.00367223
313.145 0.000169127 7295588 0.00363413
314.616 0.000167721 7389992 0.00360393
316.094 0.000166301 7499434 0.0035734
317.579 0.000164848 7606244 0.00354218
319.07 0.00016339 7703654 0.00351087
320.568 0.000161762 7823908 0.00347588
322.074 0.000160181 7933148 0.0034419
323.587 0.000158374 8035210 0.00340307
325.107 0.000157047 8168648 0.00337457
326.635 0.000155639 8270402 0.00334432
328.169 0.000154118 8396284 0.00331163
329.71 0.000152966 8496608 0.00328688
331.258 0.000151469 8636482 0.00325471
332.814 0.000149951 8744780 0.00322209
334.377 0.00014877 8878274 0.00319671
335.948 0.000147506 8998288 0.00316955
337.526 0.000146082 9127058 0.00313894
339.111 0.000144807 9258676 0.00311156
340.704 0.000143794 9394994 0.00308978
342.305 0.000142541 9518530 0.00306287
343.912 0.000141097 9652352 0.00303184
345.528 0.000139909 9800506 0.0030063
347.151 0.000138638 9929156 0.002979
348.782 0.000137503 10079002 0.00295461
350.42 0.000136394 10202930 0.00293078
352.065 0.000135039 10362148 0.00290166
353.719 0.000133895 10508450 0.00287708
355.38 0.000132801 10647784 0.00285358
357.05 0.000131672 10817954 0.00282933
358.727 0.000130455 10950034 0.00280316
360.411 0.000129323 11116484 0.00277884
362.105 0.000128164 11277610 0.00275393
363.806 0.000127041 11430154 0.0027298
365.514 0.000126014 11580074 0.00270775
367.23 0.000124997 11759140 0.00268588
368.955 0.000123826 11924378 0.00266072
370.689 0.000122959 12099850 0.0026421
372.43 0.000121947 12260050 0.00262035
374.18 0.000120849 12439484 0.00259676
375.937 0.000119832 12606226 0.00257491
377.703 0.000118936 12800474 0.00255565
379.477 0.00011805 12964258 0.00253661
381.259 0.000117059 13155874 0.00251532
383.05 0.000116081 13345394 0.00249431
384.849 0.000115134 13525540 0.00247395
386.657 0.000114221 13730122 0.00245433
388.473 0.000113306 13917890 0.00243468
390.298 0.000112406 14114938 0.00241534
392.131 0.00011167 14316682 0.00239953
393.974 0.00011067 14520626 0.00237802
395.824 0.00010982 14708962 0.00235977
397.682 0.000108992 14936002 0.00234198
399.55 0.000108121 15141986 0.00232327
401.428 0.000107185 15366994 0.00230315
403.313 0.000106455 15563242 0.00228746
405.207 0.000105626 15794614 0.00226966
407.111 0.000104935 16021226 0.00225481
409.023 0.000104235 16238338 0.00223975
410.944 0.000103441 16476706 0.0022227
412.874 0.000102694 16717282 0.00220665
414.814 0.000101897 16935730 0.00218952
416.762 0.000101269 17183270 0.00217603
418.719 0.000100601 17431546 0.00216167
420.686 9.99913e-05 17672128 0.00214858
422.662 9.93753e-05 17929450 0.00213534
424.648 9.88254e-05 18181246 0.00212352
426.643 9.80509e-05 18436154 0.00210688
428.646 9.73815e-05 18688066 0.0020925
430.659 9.68516e-05 18966160 0.00208111
432.682 9.62927e-05 19228342 0.0020691
434.714 9.57727e-05 19497994 0.00205793
436.756 9.51842e-05 19789402 0.00204528
438.808 9.46183e-05 20048224 0.00203312
440.868 9.42572e-05 20340694 0.00202536
442.939 9.3798e-05 20631698 0.00201549
445.02 9.33118e-05 20920738 0.00200505
447.11 9.29354e-05 21224764 0.00199696
449.211 9.25647e-05 21524794 0.00198899
451.321 9.2165e-05 21819694 0.00198041
453.441 9.19133e-05 22136776 0.001975
455.571 9.16432e-05 22446490 0.00196919
457.71 9.1354e-05 22753708 0.00196298
459.86 9.11196e-05 23092930 0.00195794
462.02 9.09247e-05 23405020 0.00195375
464.19 9.07135e-05 23744914 0.00194922
466.371 9.04883e-05 24090094 0.00194438
468.561 9.04135e-05 24416584 0.00194277
470.762 9.03072e-05 24763822 0.00194049
472.973 9.02939e-05 25116112 0.0019402
475.194 9.0238e-05 25474348 0.001939
477.427 9.02023e-05 25839802 0.00193823
479.669 9.01651e-05 26191732 0.00193743
481.921 9.03165e-05 26563339 0.00194069
484.183 9.001e-05 26678128 0.0019341
486.457 8.93894e-05 26655828 0.00192077
488.742 8.88799e-05 26675140 0.00190982
491.038 8.82749e-05 26644864 0.00189682
493.344 8.76829e-05 26631640 0.0018841
495.661 8.71216e-05 26619904 0.00187204
497.99 8.65808e-05 26596180 0.00186041
500.329 8.60748e-05 26557060 0.00184954
502.679 8.55075e-05 26532520 0.00183735
505.04 8.49776e-05 26493240 0.00182597
507.412 8.44061e-05 26453764 0.00181369
509.795 8.39405e-05 26412544 0.00180368
512.19 8.33675e-05 26360476 0.00179137
514.595 8.29253e-05 26299600 0.00178187
517.012 8.25568e-05 26254092 0.00177395
519.441 8.20669e-05 26178916 0.00176342
521.881 8.15861e-05 26116096 0.00175309
524.332 8.10981e-05 26040928 0.0017426
526.795 8.07118e-05 25967736 0.0017343
529.269 8.03674e-05 25862260 0.0017269
531.755 7.98478e-05 25796416 0.00171574
534.253 7.94782e-05 25689396 0.0017078
536.762 7.91544e-05 25577176 0.00170084
539.283 7.87862e-05 25489588 0.00169293
541.816 7.83329e-05 25373328 0.00168319
544.362 7.80523e-05 25250224 0.00167716
546.918 7.76262e-05 25122124 0.001668
549.487 7.73014e-05 24990660 0.00166102
552.068 7.70209e-05 24856192 0.001655
554.661 7.67516e-05 24706228 0.00164921
557.266 7.64382e-05 24558204 0.00164248
559.883 7.6147e-05 24392068 0.00163622
562.513 7.59228e-05 24237480 0.0016314
565.155 7.57318e-05 24064336 0.00162729
567.809 7.54579e-05 23876980 0.00162141
570.476 7.53147e-05 23697324 0.00161833
573.156 7.52121e-05 23498488 0.00161613
575.848 7.50596e-05 23292324 0.00161285
578.553 7.49505e-05 23100964 0.00161051
581.271 7.48341e-05 22862988 0.00160801
584 7.47182e-05 22634848 0.00160551
586.743 7.47399e-05 22410012 0.00160598
589.499 7.46809e-05 22160572 0.00160471
592.268 7.45491e-05 21915600 0.00160188
595.05 7.44864e-05 21645516 0.00160053
597.844 7.45783e-05 21372232 0.00160251
600.652 7.46801e-05 21101172 0.0016047
603.474 7.48038e-05 20815564 0.00160736
606.308 7.4783e-05 20504628 0.00160691
609.156 7.48891e-05 20204736 0.00160919
612.017 7.51043e-05 19883356 0.00161381
614.891 7.51517e-05 19552848 0.00161483
617.779 7.53101e-05 19217196 0.00161823
620.681 7.55817e-05 18861736 0.00162407
623.596 7.58549e-05 18502836 0.00162994
626.525 7.61374e-05 18135780 0.00163601
629.467 7.6397e-05 17749600 0.00164159
632.424 7.66943e-05 17354232 0.00164798
635.394 7.69816e-05 16953228 0.00165415
638.378 7.73804e-05 16529656 0.00166272
641.376 7.7845e-05 16099164 0.0016727
644.388 7.83548e-05 15659388 0.00168366
647.415 7.88698e-05 15207864 0.00169472
650.455 7.92966e-05 14736132 0.00170389
653.51 7.97032e-05 14255596 0.00171263
656.579 8.00937e-05 13762332 0.00172102
659.662 8.05717e-05 13252296 0.00173129
662.76 8.09774e-05 12731268 0.00174001
665.872 8.13718e-05 12198720 0.00174849
668.999 8.1684e-05 11649660 0.00175519
672.141 8.1823e-05 11081952 0.00175818
675.296 8.19791e-05 10500652 0.00176153
678.467 8.17261e-05 9911376 0.0017561
681.652 8.10465e-05 9301473 0.0017415
684.856 8.05747e-05 8737218 0.00173136
688.073 8.0453e-05 8239530 0.00172874
691.305 8.05261e-05 7788972 0.00173031
694.552 8.04768e-05 7357452 0.00172926
697.814 8.07553e-05 6958434 0.00173524
701.093 8.09228e-05 6572454 0.00173884
704.385 8.1237e-05 6204966 0.00174559
707.693 8.16584e-05 5851524 0.00175464
711.016 8.20849e-05 5518854 0.00176381
714.356 8.28657e-05 5192928 0.00178059
717.711 8.33534e-05 4883690 0.00179107
721.082 8.39041e-05 4585122 0.0018029
724.468 8.46727e-05 4294452 0.00181941
727.871 8.55217e-05 4020870 0.00183766
731.289 8.65951e-05 3750774 0.00186072
734.723 8.74647e-05 3496122 0.00187941
738.174 8.84966e-05 3250038 0.00190158
741.641 8.9758e-05 3010904 0.00192868
745.123 9.11036e-05 2783520 0.0019576
748.622 9.22573e-05 2566482 0.00198239
752.138 9.3718e-05 2355504 0.00201378
755.668 9.56163e-05 2154350 0.00205457
759.215 9.73852e-05 1964322 0.00209258
762.781 9.93918e-05 1782180 0.00213569
766.364 0.000101921 1608354 0.00219003
769.963 0.000105006 1442012 0.00225634
773.577 0.00010664 1285878 0.00229143
777.208 0.00010849 1137636 0.00233118
780.856 0.000112277 999476 0.00241257
784.519 0.000115458 867846 0.00248092
788.195 0.000118712 746768 0.00255083
791.894 0.000123451 636276 0.00265266
795.615 0.000127759 532566 0.00274524
799.345 0.000131985 435044 0.00283605
803.087 0.000138695 351690 0.00298024
806.861 0.000143655 275630 0.0030868
810.63 0.000148503 204876 0.00319098
814.415 0.000154042 150770 0.00330999
818.252 0.000162096 100542 0.00348307
822.015 0.000173556 59294 0.00372931
825.771 0.000177816 32538 0.00382085
829.571 0.000189739 11726 0.00407704
832.962 0.000210012 1560 0.00451265
835.799 0.000305405 1 0.00656242
