# in Mpc/h Units 
# D1 = 0.425202 
# k P N P(z=0)
0.628319 38.0834 6 210.642
0.888577 21.159 12 117.032
1.08828 14.0868 8 77.9151
1.25664 13.9812 6 77.3312
1.40496 8.26068 24 45.6905
1.53906 7.50474 24 41.5094
1.77715 3.39495 12 18.7777
1.88496 5.94254 30 32.8687
1.98692 4.38283 24 24.2418
2.0839 6.0946 24 33.7097
2.17656 4.29335 8 23.7469
2.26543 4.34729 24 24.0452
2.35095 4.92315 48 27.2304
2.51327 6.39097 6 35.349
2.59062 3.70332 48 20.4833
2.66573 3.12008 36 17.2574
2.73878 2.73187 24 15.1102
2.80993 3.95906 24 21.8979
2.87932 3.79207 48 20.9742
2.94708 4.64109 24 25.6702
3.07812 2.53029 24 13.9952
3.14159 4.00071 30 22.1282
3.20381 2.25011 72 12.4455
3.26484 2.49778 32 13.8154
3.3836 2.88581 72 15.9617
3.44144 2.48304 48 13.7339
3.55431 2.74914 12 15.2057
3.60942 1.58834 48 8.78524
3.6637 3.24138 48 17.9283
3.71718 2.40323 48 13.2925
3.76991 2.05523 30 11.3676
3.82191 1.94548 24 10.7606
3.87322 1.80441 72 9.98036
3.97384 1.35176 24 7.47669
4.0232 2.4191 96 13.3803
4.07197 2.74291 48 15.1713
4.12016 2.03547 24 11.2583
4.16779 1.84536 24 10.2069
4.21489 1.72768 72 9.55594
4.26146 2.89383 48 16.006
4.35312 2.66238 8 14.7258
4.39823 1.45767 54 8.06247
4.44288 1.99086 84 11.0116
4.48709 1.59787 48 8.83793
4.53087 1.43736 24 7.95018
4.57423 1.7514 72 9.68712
4.61718 1.49911 96 8.2917
4.70191 1.64619 48 9.1052
4.7437 1.73288 48 9.58472
4.78513 1.80705 24 9.99493
4.82621 1.80737 72 9.99672
4.90732 2.04525 72 11.3124
4.94739 1.656 96 9.15945
5.02655 1.50264 6 8.31121
5.06567 1.54691 96 8.55608
5.10448 1.59425 96 8.8179
5.14301 1.26526 24 6.99825
5.18125 1.8607 48 10.2917
5.21921 1.53014 96 8.46335
5.25689 1.6277 48 9.00296
5.33146 1.45018 36 8.02104
5.36836 2.311 48 12.7823
5.405 1.50076 120 8.30081
5.4414 1.5846 56 8.76458
5.47755 1.23702 24 6.84204
5.51347 1.47225 96 8.14314
5.54916 1.38158 48 7.64163
5.61985 2.24444 24 12.4142
5.65487 1.80552 102 9.9865
5.68967 1.54697 48 8.5564
5.72425 1.47428 72 8.15438
5.75863 1.69491 48 9.37469
5.79281 1.13738 48 6.29094
5.82679 1.28448 120 7.10455
5.89415 1.11802 24 6.18386
5.92755 1.18955 144 6.5795
5.96075 1.32347 120 7.32023
5.99378 1.36388 48 7.54376
6.05928 1.17732 48 6.51187
6.09177 1.23792 96 6.84705
6.15624 1.25843 24 6.96049
6.18822 1.2061 48 6.67105
6.22004 1.36875 108 7.57069
6.25169 1.42257 72 7.86833
6.28319 0.761318 30 4.21091
6.31452 1.29786 168 7.17856
6.34571 1.79875 48 9.94906
6.40762 1.22176 72 6.75765
6.43835 1.3417 96 7.42107
6.46894 1.07663 72 5.95493
6.49938 1.07816 72 5.96342
6.52968 0.834714 32 4.61687
6.55984 1.16228 72 6.42868
6.58986 1.07036 144 5.92023
6.67912 1.0974 96 6.06981
6.70861 1.12684 96 6.23265
6.73797 1.2682 48 7.01451
6.7672 1.26489 72 6.99621
6.7963 1.20016 120 6.63817
6.82529 0.989208 72 5.47139
6.88288 0.994429 48 5.50027
6.9115 0.957143 78 5.29404
6.94001 1.24704 120 6.8975
6.96839 1.19755 48 6.62376
7.02481 1.03741 144 5.73798
7.05286 1.20047 144 6.63992
7.10861 0.7126 12 3.94145
7.13633 0.972571 144 5.37937
7.16393 0.861308 48 4.76397
7.19926 0.978912 168 5.41445
7.24612 1.14899 48 6.35517
7.27331 1.04501 168 5.78001
7.34532 1.08878 144 6.02215
7.38107 1.04604 96 5.78571
7.40777 0.86163 72 4.76575
7.43437 0.95054 48 5.25752
7.46967 1.14427 144 6.32904
7.53982 0.969179 30 5.36061
7.58332 1.08474 288 5.99981
7.61796 1.32293 56 7.31722
7.66638 1.10573 192 6.11588
7.6953 1.24655 120 6.89475
7.76339 1.03047 216 5.69963
7.79723 1.08115 96 5.97992
7.8225 1.14445 96 6.33005
7.87281 0.861836 72 4.76689
7.89784 0.977716 96 5.40783
7.94767 0.920434 24 5.091
7.98137 0.87982 300 4.86636
8.02183 0.889721 24 4.92112
8.05865 1.02413 192 5.66456
8.09532 1.03091 120 5.70207
8.14394 0.864738 48 4.78294
8.18379 1.012 222 5.59745
8.21633 1.02196 120 5.65252
8.26125 0.934258 192 5.16746
8.28809 1.22372 144 6.76848
8.33559 0.779204 24 4.30984
8.37495 0.844846 144 4.67292
8.40633 0.916112 120 5.06709
8.44439 0.939381 192 5.19579
8.47648 0.865337 144 4.78625
8.52293 1.17559 48 6.50228
8.55594 0.874465 336 4.83674
8.59213 0.776012 48 4.29219
8.64252 0.781292 240 4.32139
8.70624 0.695589 8 3.84736
8.72888 0.769553 48 4.25646
8.7579 0.939201 336 5.1948
8.81192 0.919379 174 5.08516
8.84123 0.781585 120 4.32301
8.89978 0.846982 228 4.68473
8.9427 0.916334 168 5.06832
8.98883 0.863452 144 4.77583
9.01807 0.844463 240 4.6708
9.06174 0.800647 24 4.42845
9.0897 0.79632 336 4.40451
9.13765 0.797458 144 4.41081
9.17922 0.869573 168 4.80968
9.23436 0.752189 96 4.16042
9.26754 0.716563 216 3.96337
9.32651 0.725615 288 4.01344
9.36174 0.862636 144 4.77131
9.41969 0.991368 198 5.48334
9.4573 0.879214 216 4.86301
9.50225 0.751795 168 4.15824
9.52892 0.775276 240 4.28812
9.58792 0.881379 168 4.87498
9.62314 0.762498 336 4.21744
9.68099 0.688644 240 3.80895
9.7638 0.770717 276 4.2629
9.81837 0.790734 344 4.37361
9.85479 0.694322 144 3.84035
9.90673 0.804683 240 4.45077
9.94528 0.850488 312 4.70412
10.0098 0.646524 240 3.57598
10.0531 0.886552 6 4.90359
10.0874 0.688225 384 3.80663
10.1448 0.748234 312 4.13855
10.1924 0.655543 168 3.62586
10.2421 0.739425 336 4.08982
10.2983 0.70744 336 3.91291
10.3243 0.805136 192 4.45327
10.3879 0.764649 288 4.22934
10.4279 0.797482 216 4.41094
10.4705 0.781466 240 4.32235
10.5349 0.673248 384 3.72379
10.57 0.678997 72 3.75559
10.6152 0.759064 336 4.19845
10.6914 0.709382 378 3.92365
10.7244 0.587694 144 3.25058
10.7631 0.582863 384 3.22387
10.826 0.709961 384 3.92685
10.8777 0.702245 344 3.88417
10.919 0.800618 144 4.42828
10.9816 0.754721 456 4.17442
11.0311 0.683703 312 3.78162
11.0746 0.811136 144 4.48646
11.1354 0.573957 552 3.1746
11.1965 0.656106 264 3.62898
11.2557 0.679667 264 3.75929
11.2926 0.637258 294 3.52473
11.3378 0.667899 432 3.69421
11.3986 0.66919 432 3.70134
11.4516 0.638819 264 3.53336
11.4915 0.629415 192 3.48135
11.5567 0.650175 468 3.59617
11.6093 0.583473 552 3.22724
11.6705 0.619085 336 3.42421
11.7239 0.564742 288 3.12363
11.7777 0.564207 456 3.12068
11.8366 0.570396 432 3.15491
11.8788 0.609679 168 3.37219
11.9469 0.586569 566 3.24436
12.0077 0.628251 432 3.47491
12.0751 0.565102 432 3.12563
12.1153 0.610423 360 3.3763
12.1711 0.524606 624 2.90164
12.2203 0.572401 264 3.166
12.2718 0.547376 360 3.02758
12.3453 0.605719 456 3.35028
12.3969 0.555214 504 3.07093
12.467 0.586387 564 3.24335
12.526 0.560403 384 3.09964
12.5876 0.524978 462 2.9037
12.6429 0.536241 624 2.966
12.7121 0.565772 432 3.12933
12.7677 0.526532 624 2.91229
12.8318 0.547499 312 3.02826
12.8807 0.523304 552 2.89444
12.9504 0.496607 408 2.74678
12.9878 0.501053 600 2.77136
13.0701 0.527585 608 2.91811
13.1297 0.433461 504 2.39751
13.1933 0.502946 510 2.78184
13.258 0.435692 600 2.40985
13.3214 0.505499 492 2.79595
13.3672 0.488569 552 2.70232
13.4446 0.465085 696 2.57243
13.492 0.496778 504 2.74772
13.5589 0.49221 528 2.72245
13.6149 0.429275 624 2.37436
13.6788 0.423398 504 2.34185
13.7489 0.467925 552 2.58813
13.8157 0.457552 654 2.53076
13.8792 0.45288 840 2.50492
13.9482 0.45232 744 2.50182
14.0148 0.468528 456 2.59147
14.0735 0.43111 648 2.38451
14.1506 0.424994 896 2.35068
14.2105 0.458998 396 2.53876
14.2726 0.437689 816 2.42089
14.348 0.476785 672 2.63714
14.4008 0.40033 552 2.21426
14.474 0.435042 894 2.40625
14.5447 0.428148 672 2.36812
14.6112 0.389426 624 2.15395
14.6784 0.424153 888 2.34603
14.7376 0.421305 720 2.33028
14.8179 0.407322 936 2.25293
14.8977 0.364537 648 2.01629
14.9637 0.387463 936 2.14309
15.0285 0.39376 696 2.17792
15.1106 0.459521 618 2.54165
15.1697 0.406637 1008 2.24914
15.237 0.424604 872 2.34852
15.3147 0.374596 960 2.07192
15.3934 0.360198 888 1.99229
15.4569 0.338067 648 1.86987
15.5288 0.394324 840 2.18104
15.5941 0.392388 912 2.17033
15.6682 0.356614 774 1.97246
15.7451 0.371552 1272 2.05508
15.8249 0.371404 912 2.05427
15.9019 0.334134 864 1.84812
15.9745 0.337796 924 1.86838
16.0428 0.341774 1080 1.89038
16.1255 0.384565 1008 2.12706
16.1989 0.34174 1128 1.89019
16.2879 0.313846 768 1.73591
16.35 0.348798 1046 1.92923
16.4304 0.33232 1152 1.83809
16.512 0.337608 1272 1.86734
16.5918 0.323361 912 1.78853
16.6638 0.308437 1200 1.70599
16.7465 0.332277 1080 1.83785
16.81 0.318391 840 1.76105
16.9017 0.310389 1332 1.71679
16.9783 0.341604 1062 1.88944
17.0536 0.315582 1320 1.74551
17.142 0.312801 1248 1.73013
17.2167 0.301139 1104 1.66563
17.3001 0.306298 1392 1.69416
17.3739 0.304517 776 1.68431
17.4601 0.299803 1728 1.65823
17.5449 0.320905 1224 1.77495
17.633 0.295115 1254 1.63231
17.7179 0.289857 1368 1.60323
17.7982 0.267783 1236 1.48113
17.8748 0.275817 1608 1.52557
17.9662 0.283224 1008 1.56653
18.0329 0.279701 1488 1.54705
18.1298 0.26196 1440 1.44892
18.2161 0.271489 1158 1.50163
18.2962 0.273012 1824 1.51005
18.3819 0.264491 1464 1.46292
18.4763 0.257255 1448 1.4229
18.557 0.245567 1560 1.35825
18.6484 0.263715 1428 1.45863
18.7347 0.253623 1680 1.40281
18.8277 0.251632 1494 1.3918
18.9164 0.252464 1944 1.3964
19.0083 0.258162 1368 1.42792
19.0912 0.261709 1584 1.44753
19.1791 0.224123 1776 1.23964
19.2627 0.235379 1440 1.3019
19.355 0.234303 1968 1.29595
19.4476 0.240054 1374 1.32776
19.5383 0.231736 2100 1.28175
19.6314 0.234244 1640 1.29562
19.731 0.237312 2496 1.31259
19.8246 0.24775 1248 1.37033
19.8969 0.232688 1512 1.28702
20.0004 0.224713 2280 1.24291
20.0981 0.233213 1926 1.28992
20.1907 0.233818 2064 1.29327
20.2923 0.227705 1920 1.25946
20.3766 0.22137 1944 1.22441
20.4817 0.216911 2172 1.19975
20.5802 0.227656 2256 1.25918
20.6744 0.207548 1736 1.14797
20.7695 0.220829 2094 1.22142
20.8661 0.208751 2328 1.15462
20.9635 0.21253 2256 1.17552
21.0605 0.218003 1920 1.20579
21.1552 0.207803 2520 1.14938
21.2598 0.197253 2088 1.09102
21.3716 0.206573 2634 1.14257
21.4685 0.196983 2328 1.08953
21.5636 0.194762 2304 1.07724
21.67 0.200971 2568 1.11159
21.7712 0.200683 2024 1.11
21.856 0.208947 2352 1.1557
21.964 0.200538 2718 1.10919
22.0689 0.195499 2520 1.08132
22.1792 0.187124 2772 1.035
22.2806 0.195667 2640 1.08225
22.3891 0.184989 2880 1.02319
22.4992 0.185956 2448 1.02854
22.5967 0.183111 2478 1.0128
22.6978 0.178966 2904 0.989876
22.8073 0.173966 2816 0.962219
22.9091 0.172869 3024 0.956153
23.0305 0.165719 2952 0.916606
23.1358 0.175255 2796 0.969349
23.2405 0.170446 2982 0.942749
23.355 0.172321 3312 0.953121
23.4601 0.165936 2688 0.917806
23.5688 0.16375 3144 0.905718
23.6855 0.168442 3672 0.931665
23.7877 0.162324 2328 0.897826
23.9086 0.157863 4046 0.873154
24.0233 0.153229 2844 0.847523
24.1291 0.155707 3600 0.861228
24.2431 0.159584 3264 0.882672
24.3572 0.149298 3288 0.825779
24.4685 0.153229 3198 0.847523
24.5798 0.150918 3864 0.834738
24.6976 0.151919 3456 0.840275
24.8127 0.148939 3744 0.823793
24.936 0.150257 3876 0.831085
25.0523 0.145491 3392 0.804725
25.1669 0.146527 3918 0.81045
25.2872 0.141935 3864 0.785055
25.4083 0.141344 4104 0.781786
25.5199 0.147975 3480 0.818461
25.6387 0.136768 4080 0.756476
25.7664 0.138385 4170 0.765419
25.8855 0.137822 4176 0.762305
26.008 0.135326 4560 0.748499
26.1336 0.133582 3656 0.738856
26.2469 0.133544 4344 0.738643
26.3809 0.136094 4830 0.752748
26.5071 0.133796 4416 0.740035
26.6256 0.131661 3876 0.728229
26.7421 0.133006 4752 0.735669
26.8761 0.12674 4968 0.701011
27.01 0.127326 4494 0.704252
27.124 0.128755 4200 0.712152
27.2568 0.125731 5792 0.695429
27.3851 0.126232 4224 0.698202
27.5155 0.122003 5220 0.674806
27.6427 0.127363 4590 0.704456
27.7657 0.120096 5328 0.66426
27.902 0.120969 5304 0.669092
28.0352 0.118997 5040 0.658183
28.1565 0.119147 4920 0.659014
28.2918 0.120109 5750 0.664331
28.4302 0.116601 5388 0.644933
28.5589 0.114429 5784 0.632916
28.6971 0.115011 5400 0.636135
28.8304 0.115885 5640 0.640968
28.9695 0.111507 5934 0.616755
29.1035 0.113748 6120 0.629148
29.2425 0.111884 5544 0.61884
29.3779 0.111984 6164 0.619391
29.5153 0.112498 5838 0.622237
29.6461 0.105534 6144 0.583715
29.7907 0.106377 6288 0.588381
29.9258 0.107449 6576 0.594307
30.0748 0.103973 6504 0.575082
30.2188 0.10767 6594 0.595529
30.361 0.102629 7008 0.567652
30.5003 0.10034 6200 0.554987
30.6412 0.103979 6768 0.575114
30.7876 0.107347 7182 0.593743
30.9298 0.0994444 6864 0.550035
31.0761 0.09908 7308 0.54802
31.2204 0.0983557 6744 0.544014
31.3652 0.0980037 7686 0.542067
31.5175 0.0970469 7280 0.536775
31.662 0.0974664 7920 0.539095
31.8151 0.0979466 7560 0.541751
31.9599 0.0943002 6948 0.521582
32.1058 0.0983836 8430 0.544168
32.2645 0.0942104 8328 0.521086
32.4166 0.096826 7824 0.535553
32.568 0.0946726 8160 0.523642
32.7167 0.0939794 8030 0.519808
32.8774 0.0922282 9372 0.510122
33.0313 0.0933936 7968 0.516568
33.1826 0.0899486 8568 0.497513
33.3427 0.0896657 8934 0.495949
33.4947 0.0886578 8952 0.490373
33.6524 0.0869461 8880 0.480906
33.8146 0.0857078 9548 0.474057
33.9739 0.086919 9126 0.480757
34.1313 0.0839831 9384 0.464518
34.2874 0.0839944 9288 0.46458
34.4468 0.0830359 9792 0.459278
34.6116 0.0840817 9570 0.465063
34.771 0.0816795 10376 0.451776
34.9362 0.0815923 10152 0.451294
35.1033 0.0781833 9960 0.432438
35.2646 0.0793863 10782 0.439092
35.4377 0.0773381 10992 0.427763
35.6063 0.0760239 10452 0.420494
35.7696 0.0759285 10806 0.419967
35.9426 0.0780801 11312 0.431868
36.1079 0.0760432 11112 0.420601
36.2754 0.0751256 10848 0.415526
36.4449 0.0752059 11394 0.41597
36.6133 0.0743469 11952 0.411219
36.7846 0.0751949 11352 0.415909
36.9601 0.0728907 12584 0.403164
37.1397 0.0724313 12390 0.400623
37.3143 0.0717781 12252 0.397011
37.4848 0.0688758 12240 0.380958
37.663 0.070207 12486 0.388321
37.8363 0.0708501 13080 0.391878
38.0139 0.0692784 12968 0.383185
38.1916 0.0675305 12612 0.373517
38.369 0.0687401 13974 0.380207
38.5541 0.067544 13944 0.373592
38.7327 0.0674407 12840 0.37302
38.91 0.0662914 14358 0.366663
39.0994 0.0665113 14588 0.36788
39.2843 0.0657956 14688 0.363921
39.4661 0.0661764 13560 0.366027
39.6505 0.064096 15582 0.35452
39.8367 0.0637745 14544 0.352742
40.0233 0.064194 15420 0.355063
40.2152 0.0629113 15614 0.347968
40.399 0.0626468 14880 0.346505
40.5874 0.0626163 16728 0.346336
40.7843 0.0611 15690 0.337949
40.9716 0.0606075 16248 0.335225
41.1602 0.0614047 16584 0.339635
41.3596 0.0605251 16904 0.334769
41.5548 0.0595426 17430 0.329335
41.7499 0.0605616 16908 0.334971
41.9429 0.0586397 17640 0.324341
42.1439 0.0590041 17550 0.326357
42.34 0.0571751 18696 0.31624
42.5408 0.0556311 17792 0.3077
42.739 0.0558047 18138 0.308661
42.937 0.0547647 19392 0.302908
43.1414 0.0548817 18768 0.303556
43.3421 0.0534877 19038 0.295845
43.5438 0.0551147 19460 0.304844
43.7444 0.053217 19992 0.294348
43.96 0.0529649 21174 0.292953
44.1671 0.051602 20040 0.285415
44.3727 0.0508428 20628 0.281216
44.5802 0.0508643 20798 0.281335
44.7878 0.0497312 21480 0.275068
44.9991 0.0489372 21792 0.270676
45.2114 0.0487663 21414 0.269731
45.4235 0.0480303 23100 0.265659
45.6374 0.0487317 21992 0.269539
45.8534 0.0478057 23406 0.264417
46.0666 0.0470849 22536 0.26043
46.284 0.0466463 24348 0.258005
46.5042 0.0466989 23598 0.258295
46.7214 0.0465417 24224 0.257426
46.9406 0.045326 24648 0.250702
47.1626 0.0451128 24618 0.249523
47.3743 0.0453003 24192 0.25056
47.5977 0.0448896 26208 0.248288
47.8226 0.0448273 25790 0.247943
48.0485 0.0441876 26916 0.244405
48.2752 0.043284 26214 0.239407
48.5019 0.0429428 27528 0.23752
48.7306 0.0426901 27720 0.236123
48.961 0.0422242 27122 0.233546
49.1868 0.0422026 28632 0.233426
49.4198 0.0405417 28680 0.224239
49.6522 0.0418126 28722 0.231269
49.8833 0.0405082 30000 0.224054
50.1204 0.0396215 29408 0.21915
50.355 0.0401026 30678 0.221811
50.5916 0.0395207 30660 0.218592
50.8313 0.0391008 31494 0.21627
51.0704 0.0389545 31448 0.215461
51.3084 0.0385016 32160 0.212956
51.5543 0.0384418 33090 0.212625
51.795 0.0375923 32664 0.207926
52.0364 0.0372768 32718 0.206181
52.2793 0.0368188 34472 0.203648
52.526 0.0362802 34260 0.200669
52.7713 0.0362757 34302 0.200644
53.0156 0.0356466 35472 0.197164
53.2669 0.0351341 36020 0.19433
53.5188 0.0347639 36942 0.192282
53.77 0.034766 36360 0.192294
54.0241 0.0339946 38166 0.188027
54.2756 0.033597 36804 0.185828
54.5284 0.0327813 38864 0.181316
54.787 0.033301 39366 0.184191
55.0466 0.0330465 40068 0.182783
55.3028 0.032701 38910 0.180872
55.5606 0.0325226 41360 0.179885
55.8224 0.032404 40782 0.179229
56.083 0.0320589 42204 0.17732
56.345 0.0317186 41544 0.175438
56.6114 0.0315608 44510 0.174565
56.8794 0.0310824 42948 0.171919
57.145 0.0308972 44478 0.170895
57.4166 0.0306463 46032 0.169507
57.6877 0.0302606 44402 0.167374
57.954 0.0301501 46320 0.166763
58.2264 0.0294366 46848 0.162816
58.5017 0.0294697 47814 0.162999
58.7762 0.0289314 48260 0.160022
59.0569 0.0285558 49758 0.157945
59.3327 0.0284646 49032 0.15744
59.6104 0.0277498 49770 0.153487
59.8885 0.0277474 51056 0.153473
60.1688 0.0277383 51504 0.153423
60.453 0.027189 52866 0.150384
60.7362 0.0270624 52848 0.149685
61.0229 0.0268858 54542 0.148708
61.3094 0.0267065 54276 0.147716
61.5957 0.0265313 55062 0.146747
61.8839 0.0259073 56568 0.143295
62.177 0.02582 57266 0.142813
62.4688 0.0256459 58056 0.14185
62.7616 0.0252505 57750 0.139663
63.0554 0.0251843 60380 0.139296
63.3541 0.0250798 60390 0.138718
63.652 0.0248817 61608 0.137623
63.9512 0.0244905 61362 0.135459
64.251 0.0244079 63752 0.135002
64.554 0.0242134 63528 0.133926
64.8554 0.0242023 64050 0.133865
65.1549 0.0238867 64784 0.132119
65.4649 0.0237854 68814 0.131559
65.7741 0.02347 66156 0.129814
66.081 0.0233666 68718 0.129243
66.3899 0.0232368 69104 0.128524
66.7047 0.0226833 71682 0.125463
67.0183 0.022749 70512 0.125827
67.3306 0.0226016 72278 0.125011
67.6483 0.0224326 74532 0.124077
67.9687 0.0222884 74454 0.123279
68.2871 0.0221372 75540 0.122442
68.6079 0.0218589 76526 0.120903
68.9314 0.0215877 78648 0.119403
69.2548 0.0214794 77370 0.118804
69.5723 0.0213191 78272 0.117918
69.8997 0.0212053 82710 0.117288
70.2314 0.020995 82146 0.116125
70.5609 0.0206992 83712 0.114489
70.8938 0.0204725 84710 0.113235
71.2273 0.0202991 86172 0.112276
71.5624 0.0200283 86406 0.110778
71.8964 0.0199727 88244 0.110471
72.2353 0.0197127 89670 0.109033
72.5741 0.0194804 90792 0.107748
72.9184 0.0192097 93194 0.106251
73.2605 0.0191232 92352 0.105772
73.6035 0.018972 94914 0.104936
73.9481 0.0187567 95504 0.103745
74.2951 0.0184843 97230 0.102238
74.6441 0.0185084 98802 0.102371
74.9957 0.0183142 100952 0.101297
75.3469 0.0179083 99990 0.0990522
75.6983 0.0179142 103356 0.0990848
76.0565 0.0177116 105014 0.0979641
76.4149 0.017459 106548 0.0965673
76.7736 0.0174288 106302 0.0964002
77.1306 0.0173081 108002 0.0957325
77.4926 0.0171191 111696 0.0946872
77.8598 0.0169698 112158 0.0938612
78.2245 0.0167705 113300 0.092759
78.5923 0.0165248 115302 0.0914002
78.9616 0.0163093 117396 0.0902082
79.3312 0.0162667 117158 0.0899724
79.7042 0.0162069 121470 0.089642
80.0776 0.01602 120660 0.088608
80.4553 0.0159151 125030 0.0880277
80.8343 0.0157954 125388 0.0873659
81.2158 0.0155615 128094 0.0860719
81.5959 0.0153659 127058 0.0849898
81.9781 0.0153723 132336 0.0850256
82.3648 0.015192 132006 0.0840285
82.7505 0.0150989 134162 0.0835132
83.14 0.0150356 137760 0.0831633
83.5324 0.014886 137802 0.0823357
83.9214 0.0147986 139016 0.0818523
84.3171 0.0146762 144354 0.0811754
84.7141 0.0145096 142814 0.0802538
85.1084 0.0144556 145932 0.0799551
85.5081 0.0144003 148206 0.0796495
85.9091 0.0142482 150566 0.0788077
86.3128 0.0140214 152820 0.0775534
86.7194 0.0139655 155142 0.0772444
87.127 0.0137994 157220 0.0763257
87.5368 0.0137271 159198 0.0759256
87.9473 0.0135652 160994 0.0750301
88.3606 0.0135313 164544 0.0748427
88.7753 0.0133434 165282 0.0738032
89.1919 0.013284 168350 0.0734749
89.6109 0.0130891 171660 0.072397
90.0336 0.0129796 173622 0.0717913
90.4563 0.0128622 175034 0.071142
90.8805 0.0127436 178512 0.0704857
91.3051 0.012614 178646 0.0697688
91.7348 0.0125602 185466 0.0694714
92.1672 0.0124314 185382 0.068759
92.5992 0.0123375 188252 0.0682396
93.0354 0.0122546 192126 0.067781
93.473 0.0121869 193562 0.067407
93.9107 0.0120653 196176 0.0667342
94.3526 0.0120481 200130 0.0666388
94.7959 0.0118732 201326 0.0656719
95.2394 0.0118053 204972 0.0652963
95.6874 0.0117168 208406 0.0648064
96.1345 0.011604 208362 0.0641828
96.5874 0.0115102 217662 0.0636636
97.0451 0.0112836 217124 0.0624104
97.4982 0.0112432 217446 0.0621872
97.9556 0.0110921 224690 0.0613512
98.4147 0.0110726 224058 0.0612437
98.8771 0.0109872 231848 0.0607714
99.3453 0.0108455 233994 0.0599874
99.8112 0.0107124 234198 0.0592513
100.278 0.0106131 239708 0.0587018
100.751 0.0105334 243630 0.058261
101.226 0.0104314 247010 0.057697
101.699 0.0103336 246414 0.0571559
102.174 0.0102359 253772 0.0566156
102.654 0.0101797 256902 0.0563046
103.137 0.0100704 261066 0.0557005
103.624 0.0099781 265958 0.0551897
104.11 0.00979239 265098 0.0541625
104.596 0.00968524 271424 0.0535699
105.088 0.00959214 276858 0.0530549
105.585 0.00954684 281186 0.0528044
106.082 0.00943944 282918 0.0522104
106.577 0.00930466 285146 0.0514648
107.077 0.00929515 293280 0.0514123
107.581 0.00917545 294602 0.0507502
108.087 0.00910892 301278 0.0503822
108.595 0.00894296 302954 0.0494642
109.104 0.00890399 307674 0.0492487
109.614 0.00887006 310560 0.049061
110.13 0.00878439 320834 0.0485872
110.65 0.00871439 321582 0.0482
111.17 0.00863818 325226 0.0477785
111.691 0.00854423 331422 0.0472589
112.216 0.00844917 335066 0.0467331
112.744 0.00840609 341340 0.0464948
113.272 0.00832958 342038 0.0460716
113.803 0.00824468 351354 0.045602
114.339 0.00814483 355478 0.0450498
114.877 0.00812289 360066 0.0449284
115.416 0.00802895 364634 0.0444088
115.957 0.00797673 369072 0.04412
116.503 0.00789552 377642 0.0436708
117.053 0.00786086 382074 0.0434791
117.602 0.00774255 384014 0.0428247
118.154 0.00768347 393066 0.0424979
118.707 0.00762517 393950 0.0421755
119.264 0.00753959 404154 0.0417021
119.826 0.00743646 409178 0.0411317
120.388 0.00739947 413334 0.0409271
120.954 0.00734884 421196 0.040647
121.521 0.00728413 422658 0.0402891
122.091 0.007216 434990 0.0399123
122.666 0.00717779 437442 0.039701
123.241 0.00711653 443066 0.0393621
123.82 0.00708953 452150 0.0392128
124.401 0.0070206 455538 0.0388315
124.985 0.00695756 463382 0.0384829
125.571 0.00688091 468666 0.0380589
126.162 0.00682312 479642 0.0377392
126.756 0.00675748 482814 0.0373762
127.35 0.00669148 489386 0.0370111
127.948 0.00660368 498642 0.0365255
128.55 0.0065568 503450 0.0362662
129.154 0.00650266 512838 0.0359667
129.761 0.00645892 517586 0.0357248
130.369 0.00639677 524372 0.0353811
130.98 0.00633989 534270 0.0350664
131.596 0.00628252 540386 0.0347491
132.215 0.00625283 550938 0.0345849
132.836 0.0062065 554270 0.0343287
133.459 0.00612466 564978 0.033876
134.087 0.00609498 574370 0.0337119
134.718 0.00603014 579614 0.0333532
135.35 0.00596264 587778 0.0329799
135.985 0.00594502 596978 0.0328824
136.624 0.00587387 606570 0.0324889
137.267 0.00583745 613982 0.0322874
137.911 0.00579252 621200 0.0320389
138.558 0.00572004 631386 0.031638
139.208 0.00567598 640418 0.0313943
139.864 0.00563357 651870 0.0311597
140.521 0.00557189 657770 0.0308186
141.18 0.00552213 667082 0.0305434
141.842 0.00546469 675810 0.0302257
142.509 0.00544216 689318 0.030101
143.18 0.00535204 698754 0.0296026
143.854 0.0053135 706922 0.0293894
144.529 0.00526615 715562 0.0291275
145.208 0.00520926 727662 0.0288128
145.889 0.0051691 734426 0.0285907
146.572 0.0051471 745746 0.028469
147.26 0.00508404 759698 0.0281203
147.952 0.00502325 768140 0.027784
148.647 0.00498794 778770 0.0275887
149.347 0.00493499 795842 0.0272958
150.049 0.00489478 799442 0.0270734
150.754 0.0048387 816042 0.0267632
151.462 0.00479853 822038 0.0265411
152.173 0.00475939 837722 0.0263246
152.887 0.00469598 846330 0.0259739
153.605 0.00465163 860768 0.0257285
154.327 0.00462038 873722 0.0255557
155.052 0.00458448 885438 0.0253572
155.781 0.00454722 898730 0.025151
156.513 0.00449544 908402 0.0248646
157.247 0.00444782 923226 0.0246013
157.985 0.00438641 933944 0.0242616
158.727 0.0043484 949730 0.0240514
159.472 0.00430459 961278 0.023809
160.222 0.00425758 981218 0.023549
160.976 0.00422736 989186 0.0233819
161.73 0.00417797 1001016 0.0231087
162.489 0.00415059 1019138 0.0229572
163.253 0.00410989 1032842 0.0227322
164.019 0.0040629 1045394 0.0224722
164.79 0.00403577 1066230 0.0223222
165.565 0.00399374 1075496 0.0220897
166.341 0.00395827 1090154 0.0218935
167.122 0.0039221 1110378 0.0216935
167.908 0.00388654 1124666 0.0214968
168.697 0.0038544 1139624 0.021319
169.49 0.00380792 1157114 0.0210619
170.286 0.00378425 1171434 0.020931
171.085 0.00373933 1188494 0.0206825
171.889 0.00370554 1205504 0.0204956
172.697 0.00367712 1226594 0.0203385
173.508 0.00363731 1235562 0.0201183
174.322 0.00360925 1259120 0.0199631
175.141 0.00357555 1274498 0.0197767
175.964 0.00354467 1295594 0.0196059
176.791 0.00352164 1308312 0.0194785
177.621 0.00349436 1333922 0.0193276
178.456 0.0034644 1348418 0.0191619
179.294 0.00344138 1366112 0.0190346
180.136 0.00341355 1389738 0.0188806
180.982 0.00336857 1407458 0.0186318
181.832 0.00333373 1426520 0.0184391
182.687 0.00330331 1448810 0.0182709
183.545 0.00327786 1465802 0.0181301
184.406 0.00323755 1488456 0.0179071
185.272 0.00320536 1510766 0.0177291
186.142 0.00318287 1528298 0.0176047
187.016 0.00315321 1552784 0.0174407
187.895 0.00311344 1579538 0.0172207
188.779 0.00308567 1595784 0.0170671
189.665 0.00306106 1619930 0.016931
190.555 0.00303808 1637186 0.0168039
191.449 0.00300092 1669616 0.0165983
192.35 0.00297442 1691834 0.0164518
193.253 0.00295062 1706952 0.0163201
194.159 0.00291766 1739630 0.0161378
195.073 0.00288054 1765064 0.0159325
195.988 0.00284159 1783538 0.0157171
196.91 0.00281947 1817480 0.0155947
197.835 0.00279947 1837034 0.0154841
198.765 0.00276946 1866512 0.0153181
199.698 0.00274569 1888242 0.0151867
200.636 0.00271876 1917056 0.0150377
201.577 0.00270055 1941554 0.014937
202.525 0.00267023 1978040 0.0147692
203.477 0.00265276 1997426 0.0146726
204.433 0.00262918 2029256 0.0145422
205.393 0.00260461 2056370 0.0144063
206.357 0.00257282 2084000 0.0142305
207.326 0.0025443 2117778 0.0140727
208.3 0.00252025 2143952 0.0139397
209.278 0.00249238 2175614 0.0137855
210.261 0.00247133 2206400 0.0136691
211.248 0.00244831 2233970 0.0135418
212.241 0.00242185 2276456 0.0133955
213.239 0.00239256 2301848 0.0132334
214.24 0.00237007 2332922 0.013109
215.246 0.00234706 2366960 0.0129818
216.256 0.00232533 2397698 0.0128616
217.272 0.00230447 2436644 0.0127462
218.293 0.00227546 2472608 0.0125858
219.319 0.00225675 2503050 0.0124823
220.348 0.0022381 2535392 0.0123791
221.383 0.00221181 2581088 0.0122337
222.424 0.00219265 2612762 0.0121277
223.469 0.00217005 2647964 0.0120027
224.518 0.00215008 2687216 0.0118923
225.573 0.00213047 2724434 0.0117838
226.633 0.00210528 2765840 0.0116445
227.697 0.00209029 2798504 0.0115616
228.766 0.00206766 2841326 0.0114364
229.841 0.00204924 2886128 0.0113345
230.921 0.00202877 2920808 0.0112213
232.005 0.00201295 2967536 0.0111338
233.094 0.00199082 3000674 0.0110114
234.188 0.00197806 3050324 0.0109408
235.289 0.00195428 3094664 0.0108093
236.395 0.00193752 3136016 0.0107166
237.505 0.00191564 3179546 0.0105956
238.621 0.00189375 3227060 0.0104745
239.742 0.00188146 3271832 0.0104065
240.868 0.00185994 3315440 0.0102875
241.998 0.00184226 3363800 0.0101897
243.135 0.0018268 3414158 0.0101042
244.278 0.00181273 3459752 0.0100263
245.425 0.00179498 3508864 0.0099282
246.578 0.00178112 3560804 0.00985153
247.736 0.00176431 3608912 0.00975856
248.9 0.00174518 3660608 0.00965276
250.068 0.00172975 3707846 0.00956738
251.243 0.00170906 3769664 0.00945298
252.424 0.00169249 3822920 0.00936128
253.609 0.00167762 3863564 0.00927905
254.8 0.0016627 3930704 0.00919651
255.998 0.00165291 3986168 0.00914239
257.2 0.00163427 4034228 0.00903929
258.406 0.00161632 4090816 0.00894001
259.62 0.00160076 4160360 0.00885394
260.841 0.00158744 4213436 0.00878026
262.066 0.00157261 4270976 0.00869823
263.296 0.00155689 4332308 0.00861129
264.533 0.00154236 4395896 0.0085309
265.775 0.00152997 4454378 0.00846242
267.023 0.001521 4517036 0.00841275
268.278 0.00150536 4588552 0.00832626
269.539 0.0014867 4651316 0.00822305
270.805 0.00147059 4711190 0.00813393
272.076 0.00145515 4782704 0.00804858
273.355 0.00143991 4849964 0.00796425
274.639 0.0014299 4917080 0.0079089
275.928 0.00141634 4985260 0.0078339
277.224 0.00140198 5060456 0.00775448
278.527 0.00138819 5127788 0.00767821
279.835 0.00137184 5201672 0.00758775
281.149 0.00135922 5278196 0.00751798
282.47 0.00134747 5350384 0.00745295
283.797 0.0013352 5423492 0.00738511
285.13 0.00131988 5504720 0.00730034
286.469 0.00130507 5581268 0.00721848
287.815 0.00129353 5659270 0.00715464
289.166 0.00128317 5736332 0.00709732
290.524 0.00127144 5823104 0.00703246
291.889 0.00126202 5909900 0.00698033
293.261 0.00124871 5986168 0.00690673
294.637 0.00123699 6064034 0.00684192
296.021 0.0012225 6162248 0.00676175
297.412 0.00121008 6249932 0.00669307
298.81 0.00120007 6331588 0.0066377
300.213 0.00118916 6424736 0.00657737
301.623 0.00117672 6515066 0.00650855
303.04 0.00116531 6607552 0.00644545
304.463 0.00115435 6691412 0.00638479
305.892 0.00114389 6796676 0.00632693
307.33 0.00113157 6894838 0.00625881
308.773 0.00111946 6983324 0.00619182
310.224 0.00110746 7094120 0.00612548
311.681 0.00109609 7182634 0.00606259
313.145 0.00108634 7295588 0.00600862
314.616 0.00107678 7389992 0.00595579
316.094 0.00106675 7499434 0.00590026
317.579 0.00105434 7606244 0.00583165
319.07 0.00104333 7703654 0.00577073
320.568 0.00103216 7823908 0.00570895
322.074 0.00102423 7933148 0.00566508
323.587 0.00101466 8035210 0.00561216
325.107 0.0010069 8168648 0.00556923
326.635 0.000998714 8270402 0.00552397
328.169 0.000991458 8396284 0.00548384
329.71 0.000980603 8496608 0.0054238
331.258 0.000969857 8636482 0.00536436
332.814 0.000961105 8744780 0.00531595
334.377 0.000952493 8878274 0.00526832
335.948 0.000943424 8998288 0.00521816
337.526 0.000933453 9127058 0.00516301
339.111 0.000923016 9258676 0.00510528
340.704 0.00091399 9394994 0.00505536
342.305 0.00090473 9518530 0.00500414
343.912 0.00089705 9652352 0.00496166
345.528 0.00088726 9800506 0.00490751
347.151 0.000878658 9929156 0.00485993
348.782 0.000870309 10079002 0.00481375
350.42 0.00086092 10202930 0.00476182
352.065 0.000853008 10362148 0.00471806
353.719 0.000843147 10508450 0.00466352
355.38 0.000835822 10647784 0.004623
357.05 0.000828295 10817954 0.00458137
358.727 0.000819396 10950034 0.00453215
360.411 0.000811563 11116484 0.00448883
362.105 0.000804303 11277610 0.00444867
363.806 0.00079644 11430154 0.00440518
365.514 0.000788825 11580074 0.00436306
367.23 0.000782548 11759140 0.00432834
368.955 0.000774876 11924378 0.00428591
370.689 0.000767532 12099850 0.00424528
372.43 0.000760479 12260050 0.00420627
374.18 0.000753211 12439484 0.00416607
375.937 0.000746259 12606226 0.00412762
377.703 0.000739545 12800474 0.00409049
379.477 0.000732984 12964258 0.0040542
381.259 0.000726515 13155874 0.00401842
383.05 0.000720765 13345394 0.00398661
384.849 0.000713833 13525540 0.00394827
386.657 0.000707337 13730122 0.00391234
388.473 0.000702583 13917890 0.00388604
390.298 0.000696728 14114938 0.00385366
392.131 0.00068994 14316682 0.00381612
393.974 0.000684216 14520626 0.00378445
395.824 0.000678235 14708962 0.00375137
397.682 0.000671903 14936002 0.00371635
399.55 0.000665342 15141986 0.00368006
401.428 0.000659589 15366994 0.00364824
403.313 0.000653956 15563242 0.00361708
405.207 0.000648637 15794614 0.00358767
407.111 0.000644168 16021226 0.00356295
409.023 0.000638732 16238338 0.00353288
410.944 0.000633836 16476706 0.0035058
412.874 0.000628673 16717282 0.00347724
414.814 0.000623301 16935730 0.00344753
416.762 0.000618985 17183270 0.00342366
418.719 0.000614578 17431546 0.00339928
420.686 0.000610037 17672128 0.00337416
422.662 0.000605675 17929450 0.00335004
424.648 0.000601073 18181246 0.00332458
426.643 0.000596925 18436154 0.00330164
428.646 0.000592255 18688066 0.00327581
430.659 0.000587594 18966160 0.00325003
432.682 0.000583517 19228342 0.00322748
434.714 0.00058007 19497994 0.00320841
436.756 0.000577301 19789402 0.0031931
438.808 0.000574284 20048224 0.00317641
440.868 0.000569868 20340694 0.00315199
442.939 0.000567275 20631698 0.00313764
445.02 0.000564099 20920738 0.00312008
447.11 0.000561802 21224764 0.00310738
449.211 0.000559346 21524794 0.00309379
451.321 0.000556236 21819694 0.00307659
453.441 0.000553461 22136776 0.00306124
455.571 0.000552219 22446490 0.00305437
457.71 0.000550168 22753708 0.00304303
459.86 0.000547241 23092930 0.00302684
462.02 0.000544765 23405020 0.00301314
464.19 0.000542515 23744914 0.0030007
466.371 0.000540953 24090094 0.00299206
468.561 0.000539492 24416584 0.00298397
470.762 0.00053812 24763822 0.00297639
472.973 0.000537305 25116112 0.00297188
475.194 0.000536666 25474348 0.00296835
477.427 0.000536693 25839802 0.00296849
479.669 0.000536517 26191732 0.00296752
481.921 0.000535458 26563339 0.00296166
484.183 0.000532747 26678128 0.00294667
486.457 0.000528238 26655828 0.00292173
488.742 0.00052357 26675140 0.00289591
491.038 0.000518729 26644864 0.00286913
493.344 0.000514575 26631640 0.00284616
495.661 0.000510378 26619904 0.00282295
497.99 0.000506769 26596180 0.00280298
500.329 0.000502509 26557060 0.00277942
502.679 0.000498834 26532520 0.00275909
505.04 0.000495409 26493240 0.00274015
507.412 0.000491418 26453764 0.00271807
509.795 0.000487672 26412544 0.00269736
512.19 0.000483424 26360476 0.00267386
514.595 0.000479849 26299600 0.00265409
517.012 0.000475927 26254092 0.00263239
519.441 0.00047255 26178916 0.00261371
521.881 0.000468971 26116096 0.00259392
524.332 0.000465387 26040928 0.0025741
526.795 0.000461793 25967736 0.00255422
529.269 0.000458561 25862260 0.00253634
531.755 0.000455819 25796416 0.00252117
534.253 0.000452678 25689396 0.0025038
536.762 0.000449769 25577176 0.00248771
539.283 0.000446788 25489588 0.00247122
541.816 0.000443867 25373328 0.00245507
544.362 0.00044054 25250224 0.00243667
546.918 0.00043796 25122124 0.00242239
549.487 0.000435122 24990660 0.00240669
552.068 0.000432562 24856192 0.00239254
554.661 0.000430187 24706228 0.0023794
557.266 0.000428076 24558204 0.00236773
559.883 0.000425501 24392068 0.00235348
562.513 0.000423302 24237480 0.00234132
565.155 0.000421238 24064336 0.0023299
567.809 0.000419442 23876980 0.00231997
570.476 0.000417292 23697324 0.00230808
573.156 0.000415235 23498488 0.0022967
575.848 0.000413302 23292324 0.00228601
578.553 0.000411721 23100964 0.00227726
581.271 0.000410345 22862988 0.00226965
584 0.000409183 22634848 0.00226323
586.743 0.000407167 22410012 0.00225208
589.499 0.000405983 22160572 0.00224553
592.268 0.000405604 21915600 0.00224343
595.05 0.000404992 21645516 0.00224005
597.844 0.000404924 21372232 0.00223967
600.652 0.000404859 21101172 0.00223931
603.474 0.000404268 20815564 0.00223604
606.308 0.000403869 20504628 0.00223383
609.156 0.000404076 20204736 0.00223498
612.017 0.000403068 19883356 0.0022294
614.891 0.000402755 19552848 0.00222767
617.779 0.000403002 19217196 0.00222904
620.681 0.000403707 18861736 0.00223294
623.596 0.000403957 18502836 0.00223432
626.525 0.000405075 18135780 0.0022405
629.467 0.000405756 17749600 0.00224427
632.424 0.000406524 17354232 0.00224852
635.394 0.000406448 16953228 0.0022481
638.378 0.000407925 16529656 0.00225627
641.376 0.000408963 16099164 0.00226201
644.388 0.000410149 15659388 0.00226857
647.415 0.000412069 15207864 0.00227919
650.455 0.000413558 14736132 0.00228743
653.51 0.000415928 14255596 0.00230053
656.579 0.000417182 13762332 0.00230747
659.662 0.000419256 13252296 0.00231894
662.76 0.000420422 12731268 0.00232539
665.872 0.000420463 12198720 0.00232562
668.999 0.000420694 11649660 0.00232689
672.141 0.000420732 11081952 0.0023271
675.296 0.000420398 10500652 0.00232525
678.467 0.000419144 9911376 0.00231832
681.652 0.000416576 9301473 0.00230412
684.856 0.000413126 8737218 0.00228504
688.073 0.000410931 8239530 0.00227289
691.305 0.000408512 7788972 0.00225952
694.552 0.000406868 7357452 0.00225042
697.814 0.000404498 6958434 0.00223731
701.093 0.000403129 6572454 0.00222974
704.385 0.00040343 6204966 0.00223141
707.693 0.00040203 5851524 0.00222366
711.016 0.000403067 5518854 0.0022294
714.356 0.00040483 5192928 0.00223915
717.711 0.000406304 4883690 0.0022473
721.082 0.000406883 4585122 0.00225051
724.468 0.000409055 4294452 0.00226252
727.871 0.000409434 4020870 0.00226461
731.289 0.000410933 3750774 0.0022729
734.723 0.000413772 3496122 0.00228861
738.174 0.000416 3250038 0.00230093
741.641 0.000422092 3010904 0.00233462
745.123 0.000429635 2783520 0.00237635
748.622 0.000436432 2566482 0.00241394
752.138 0.000440804 2355504 0.00243812
755.668 0.000447777 2154350 0.00247669
759.215 0.000453998 1964322 0.0025111
762.781 0.00046093 1782180 0.00254944
766.364 0.000467222 1608354 0.00258424
769.963 0.000473713 1442012 0.00262015
773.577 0.000483471 1285878 0.00267412
777.208 0.000497405 1137636 0.00275119
780.856 0.000511707 999476 0.0028303
784.519 0.000521042 867846 0.00288193
788.195 0.000539413 746768 0.00298354
791.894 0.000556038 636276 0.0030755
795.615 0.000572947 532566 0.00316902
799.345 0.000597047 435044 0.00330232
803.087 0.000612855 351690 0.00338975
806.861 0.000645894 275630 0.00357249
810.63 0.000682923 204876 0.0037773
814.415 0.000718494 150770 0.00397405
818.252 0.000762717 100542 0.00421865
822.015 0.000798595 59294 0.00441709
825.771 0.000828186 32538 0.00458076
829.571 0.000866149 11726 0.00479074
832.962 0.000970498 1560 0.0053679
835.799 0.00038746 1 0.00214308
