# in Mpc/h Units 
# D1 = 0.321902 
# k P N P(z=0)
0.628319 21.9228 6 211.567
0.888577 11.7819 12 113.701
1.08828 7.71166 8 74.4217
1.25664 6.34229 6 61.2066
1.40496 3.95163 24 38.1354
1.53906 3.78424 24 36.5199
1.77715 1.91189 12 18.4508
1.88496 3.03194 30 29.2599
1.98692 1.82624 24 17.6242
2.0839 2.42611 24 23.4132
2.17656 1.85282 8 17.8807
2.26543 2.01808 24 19.4755
2.35095 2.1137 48 20.3983
2.51327 1.59544 6 15.3969
2.59062 1.55646 48 15.0207
2.66573 1.20196 36 11.5996
2.73878 0.99568 24 9.60885
2.80993 1.41421 24 13.6479
2.87932 1.10858 48 10.6984
2.94708 1.94744 24 18.7938
3.07812 1.13504 24 10.9538
3.14159 1.61683 30 15.6033
3.20381 0.924934 72 8.92612
3.26484 0.96216 32 9.28537
3.3836 0.817404 72 7.88839
3.44144 1.08873 48 10.5068
3.55431 1.20988 12 11.676
3.60942 0.647317 48 6.24696
3.6637 0.903271 48 8.71706
3.71718 0.877658 48 8.46988
3.76991 0.534645 30 5.15961
3.82191 0.50717 24 4.89447
3.87322 0.72539 72 7.00041
3.97384 0.773809 24 7.46768
4.0232 0.811822 96 7.83452
4.07197 0.890906 48 8.59773
4.12016 0.774331 24 7.47272
4.16779 0.675269 24 6.51672
4.21489 0.603916 72 5.82812
4.26146 0.728682 48 7.03218
4.35312 0.909728 8 8.77937
4.39823 0.734701 54 7.09027
4.44288 0.821053 84 7.92361
4.48709 0.539691 48 5.20831
4.53087 0.833435 24 8.0431
4.57423 0.603852 72 5.8275
4.61718 0.481811 96 4.64974
4.70191 0.521601 48 5.03374
4.7437 0.65447 48 6.31599
4.78513 0.995195 24 9.60417
4.82621 0.73128 72 7.05725
4.90732 0.563701 72 5.44002
4.94739 0.541839 96 5.22904
5.02655 0.331989 6 3.20387
5.06567 0.470816 96 4.54364
5.10448 0.589 96 5.68417
5.14301 0.467808 24 4.5146
5.18125 0.552166 48 5.3287
5.21921 0.630653 96 6.08614
5.25689 0.419578 48 4.04916
5.33146 0.468523 36 4.5215
5.36836 0.581939 48 5.61603
5.405 0.45009 120 4.34361
5.4414 0.489217 56 4.72121
5.47755 0.792476 24 7.64783
5.51347 0.496652 96 4.79296
5.54916 0.432426 48 4.17315
5.61985 0.5502 24 5.30973
5.65487 0.538524 102 5.19705
5.68967 0.321172 48 3.09948
5.72425 0.464046 72 4.4783
5.75863 0.392591 48 3.78872
5.79281 0.395032 48 3.81228
5.82679 0.45916 120 4.43114
5.89415 0.513285 24 4.95348
5.92755 0.529771 144 5.11258
5.96075 0.40982 120 3.95499
5.99378 0.261713 48 2.52568
6.05928 0.458243 48 4.4223
6.09177 0.456763 96 4.40801
6.15624 0.322677 24 3.11401
6.18822 0.525166 48 5.06814
6.22004 0.41622 108 4.01675
6.25169 0.349419 72 3.37208
6.28319 0.474189 30 4.57618
6.31452 0.392699 168 3.78976
6.34571 0.406889 48 3.9267
6.40762 0.403875 72 3.89761
6.43835 0.408377 96 3.94106
6.46894 0.445439 72 4.29873
6.49938 0.384498 72 3.71062
6.52968 0.338482 32 3.26653
6.55984 0.358064 72 3.45551
6.58986 0.440555 144 4.2516
6.67912 0.334534 96 3.22843
6.70861 0.462942 96 4.46764
6.73797 0.513254 48 4.95318
6.7672 0.314539 72 3.03547
6.7963 0.427374 120 4.12439
6.82529 0.307464 72 2.9672
6.88288 0.439541 48 4.24181
6.9115 0.371631 78 3.58644
6.94001 0.296586 120 2.86222
6.96839 0.355296 48 3.4288
7.02481 0.361152 144 3.48531
7.05286 0.394654 144 3.80862
7.10861 0.269832 12 2.60403
7.13633 0.328132 144 3.16665
7.16393 0.371397 48 3.58418
7.19926 0.374096 168 3.61023
7.24612 0.281027 48 2.71206
7.27331 0.411133 168 3.96766
7.34532 0.381645 144 3.68308
7.38107 0.328423 96 3.16946
7.40777 0.309605 72 2.98786
7.43437 0.354243 48 3.41864
7.46967 0.377492 144 3.643
7.53982 0.233403 30 2.25246
7.58332 0.326339 288 3.14935
7.61796 0.409864 56 3.95541
7.66638 0.302294 192 2.9173
7.6953 0.300389 120 2.89892
7.76339 0.300994 216 2.90476
7.79723 0.311202 96 3.00327
7.8225 0.273883 96 2.64312
7.87281 0.353614 72 3.41256
7.89784 0.292478 96 2.82257
7.94767 0.397217 24 3.83336
7.98137 0.312971 300 3.02034
8.02183 0.333558 24 3.21902
8.05865 0.301927 192 2.91376
8.09532 0.295181 120 2.84866
8.14394 0.349792 48 3.37569
8.18379 0.326709 222 3.15292
8.21633 0.346688 120 3.34573
8.26125 0.310495 192 2.99645
8.28809 0.336448 144 3.24691
8.33559 0.241914 24 2.3346
8.37495 0.290095 144 2.79957
8.40633 0.340235 120 3.28345
8.44439 0.319241 192 3.08085
8.47648 0.266399 144 2.5709
8.52293 0.290652 48 2.80495
8.55594 0.270296 336 2.6085
8.59213 0.359278 48 3.46723
8.64252 0.25937 240 2.50307
8.70624 0.252428 8 2.43606
8.72888 0.264544 48 2.553
8.7579 0.331909 336 3.2031
8.81192 0.263377 174 2.54173
8.84123 0.216498 120 2.08932
8.89978 0.257025 228 2.48043
8.9427 0.218979 168 2.11327
8.98883 0.258922 144 2.49873
9.01807 0.26327 240 2.54069
9.06174 0.221981 24 2.14224
9.0897 0.292611 336 2.82386
9.13765 0.333597 144 3.2194
9.17922 0.288057 168 2.7799
9.23436 0.252259 96 2.43444
9.26754 0.26767 216 2.58316
9.32651 0.241901 288 2.33448
9.36174 0.239741 144 2.31363
9.41969 0.261291 198 2.52161
9.4573 0.312102 216 3.01195
9.50225 0.293923 168 2.83652
9.52892 0.268115 240 2.58745
9.58792 0.242619 168 2.34141
9.62314 0.239569 336 2.31197
9.68099 0.224878 240 2.1702
9.7638 0.26767 276 2.58316
9.81837 0.297921 344 2.8751
9.85479 0.275786 144 2.66148
9.90673 0.255391 240 2.46466
9.94528 0.273122 312 2.63577
10.0098 0.285274 240 2.75305
10.0531 0.125329 6 1.20949
10.0874 0.276256 384 2.66602
10.1448 0.292775 312 2.82544
10.1924 0.23974 168 2.31362
10.2421 0.23677 336 2.28496
10.2983 0.255953 336 2.47009
10.3243 0.215344 192 2.07819
10.3879 0.268216 288 2.58843
10.4279 0.249379 216 2.40664
10.4705 0.286806 240 2.76783
10.5349 0.23522 384 2.27
10.57 0.247042 72 2.38409
10.6152 0.232405 336 2.24283
10.6914 0.243861 378 2.35339
10.7244 0.248754 144 2.40061
10.7631 0.264852 384 2.55597
10.826 0.246115 384 2.37515
10.8777 0.230007 344 2.21969
10.919 0.22089 144 2.13171
10.9816 0.220469 456 2.12765
11.0311 0.218444 312 2.1081
11.0746 0.235923 144 2.27679
11.1354 0.245186 552 2.36617
11.1965 0.181371 264 1.75033
11.2557 0.215584 264 2.0805
11.2926 0.214517 294 2.07021
11.3378 0.212976 432 2.05534
11.3986 0.233264 432 2.25112
11.4516 0.215777 264 2.08237
11.4915 0.20614 192 1.98936
11.5567 0.205142 468 1.97973
11.6093 0.22299 552 2.15198
11.6705 0.205208 336 1.98037
11.7239 0.196284 288 1.89425
11.7777 0.213166 456 2.05717
11.8366 0.205932 432 1.98736
11.8788 0.175058 168 1.68941
11.9469 0.207173 566 1.99934
12.0077 0.206399 432 1.99187
12.0751 0.189158 432 1.82548
12.1153 0.220644 360 2.12933
12.1711 0.211584 624 2.0419
12.2203 0.18396 264 1.77531
12.2718 0.204795 360 1.97638
12.3453 0.187408 456 1.80859
12.3969 0.196764 504 1.89888
12.467 0.197502 564 1.906
12.526 0.196973 384 1.90089
12.5876 0.182231 462 1.75863
12.6429 0.21463 624 2.0713
12.7121 0.16363 432 1.57912
12.7677 0.206025 624 1.98825
12.8318 0.203184 312 1.96083
12.8807 0.201532 552 1.94489
12.9504 0.194904 408 1.88093
12.9878 0.194945 600 1.88133
13.0701 0.178832 608 1.72583
13.1297 0.18478 504 1.78322
13.1933 0.165246 510 1.59471
13.258 0.181032 600 1.74706
13.3214 0.180079 492 1.73786
13.3672 0.169398 552 1.63478
13.4446 0.167215 696 1.61372
13.492 0.162585 504 1.56904
13.5589 0.182729 528 1.76343
13.6149 0.187312 624 1.80766
13.6788 0.172904 504 1.66862
13.7489 0.179387 552 1.73119
13.8157 0.154347 654 1.48953
13.8792 0.161982 840 1.56322
13.9482 0.17058 744 1.64619
14.0148 0.154374 456 1.48979
14.0735 0.177876 648 1.7166
14.1506 0.166884 896 1.61052
14.2105 0.155259 396 1.49834
14.2726 0.157572 816 1.52066
14.348 0.155292 672 1.49865
14.4008 0.14488 552 1.39817
14.474 0.162842 894 1.57151
14.5447 0.145462 672 1.40379
14.6112 0.158773 624 1.53225
14.6784 0.150398 888 1.45142
14.7376 0.171139 720 1.65158
14.8179 0.150795 936 1.45525
14.8977 0.155122 648 1.49701
14.9637 0.140575 936 1.35662
15.0285 0.151419 696 1.46128
15.1106 0.152093 618 1.46778
15.1697 0.140915 1008 1.3599
15.237 0.137807 872 1.32991
15.3147 0.147139 960 1.41997
15.3934 0.151225 888 1.45941
15.4569 0.142931 648 1.37937
15.5288 0.147209 840 1.42065
15.5941 0.148012 912 1.42839
15.6682 0.145529 774 1.40443
15.7451 0.142035 1272 1.37071
15.8249 0.136051 912 1.31296
15.9019 0.138143 864 1.33315
15.9745 0.144723 924 1.39665
16.0428 0.145073 1080 1.40003
16.1255 0.136724 1008 1.31946
16.1989 0.133461 1128 1.28797
16.2879 0.129406 768 1.24884
16.35 0.141029 1046 1.36101
16.4304 0.130161 1152 1.25612
16.512 0.134483 1272 1.29783
16.5918 0.137458 912 1.32654
16.6638 0.124314 1200 1.19969
16.7465 0.141368 1080 1.36428
16.81 0.14349 840 1.38475
16.9017 0.12761 1332 1.2315
16.9783 0.125706 1062 1.21313
17.0536 0.131214 1320 1.26628
17.142 0.135924 1248 1.31174
17.2167 0.125314 1104 1.20935
17.3001 0.128557 1392 1.24065
17.3739 0.116599 776 1.12524
17.4601 0.123431 1728 1.19118
17.5449 0.125836 1224 1.21439
17.633 0.126568 1254 1.22145
17.7179 0.121418 1368 1.17175
17.7982 0.124877 1236 1.20513
17.8748 0.125292 1608 1.20914
17.9662 0.122165 1008 1.17896
18.0329 0.117974 1488 1.13851
18.1298 0.115658 1440 1.11616
18.2161 0.1117 1158 1.07796
18.2962 0.119373 1824 1.15202
18.3819 0.112173 1464 1.08253
18.4763 0.116377 1448 1.1231
18.557 0.113507 1560 1.0954
18.6484 0.109625 1428 1.05795
18.7347 0.112793 1680 1.08852
18.8277 0.10941 1494 1.05586
18.9164 0.104664 1944 1.01007
19.0083 0.108256 1368 1.04473
19.0912 0.110185 1584 1.06335
19.1791 0.106399 1776 1.0268
19.2627 0.0997339 1440 0.962487
19.355 0.107171 1968 1.03426
19.4476 0.103662 1374 1.00039
19.5383 0.108501 2100 1.0471
19.6314 0.106898 1640 1.03162
19.731 0.100815 2496 0.972918
19.8246 0.0982536 1248 0.948201
19.8969 0.0930434 1512 0.897919
20.0004 0.0942657 2280 0.909715
20.0981 0.10197 1926 0.984069
20.1907 0.0971436 2064 0.937489
20.2923 0.101483 1920 0.97937
20.3766 0.0997475 1944 0.962618
20.4817 0.0972891 2172 0.938893
20.5802 0.0942164 2256 0.90924
20.6744 0.0953156 1736 0.919848
20.7695 0.0995324 2094 0.960542
20.8661 0.0906332 2328 0.87466
20.9635 0.0955383 2256 0.921997
21.0605 0.0931833 1920 0.89927
21.1552 0.0935191 2520 0.90251
21.2598 0.0882533 2088 0.851692
21.3716 0.0930273 2634 0.897764
21.4685 0.0905952 2328 0.874293
21.5636 0.0835908 2304 0.806696
21.67 0.0896304 2568 0.864982
21.7712 0.0926642 2024 0.89426
21.856 0.0911893 2352 0.880027
21.964 0.0861971 2718 0.831849
22.0689 0.0847186 2520 0.81758
22.1792 0.0874849 2772 0.844277
22.2806 0.0813337 2640 0.784915
22.3891 0.0818461 2880 0.789859
22.4992 0.0824612 2448 0.795795
22.5967 0.0828314 2478 0.799368
22.6978 0.0775546 2904 0.748444
22.8073 0.0794605 2816 0.766837
22.9091 0.0770702 3024 0.74377
23.0305 0.0770976 2952 0.744034
23.1358 0.0773825 2796 0.746783
23.2405 0.0745588 2982 0.719533
23.355 0.0770831 3312 0.743894
23.4601 0.0713155 2688 0.688234
23.5688 0.0772143 3144 0.74516
23.6855 0.0700957 3672 0.676461
23.7877 0.0733882 2328 0.708237
23.9086 0.0729114 4046 0.703634
24.0233 0.0766363 2844 0.739583
24.1291 0.0711822 3600 0.686947
24.2431 0.0734591 3264 0.708921
24.3572 0.071932 3288 0.694183
24.4685 0.0697586 3198 0.673209
24.5798 0.0695478 3864 0.671175
24.6976 0.0708728 3456 0.683961
24.8127 0.073082 3744 0.705281
24.936 0.0698099 3876 0.673704
25.0523 0.0675092 3392 0.6515
25.1669 0.067715 3918 0.653487
25.2872 0.0649609 3864 0.626908
25.4083 0.0663121 4104 0.639948
25.5199 0.0650033 3480 0.627317
25.6387 0.064008 4080 0.617712
25.7664 0.0657191 4170 0.634225
25.8855 0.0653536 4176 0.630698
26.008 0.0640888 4560 0.618492
26.1336 0.0629074 3656 0.607091
26.2469 0.0620093 4344 0.598423
26.3809 0.0622339 4830 0.600591
26.5071 0.0630478 4416 0.608446
26.6256 0.0620322 3876 0.598644
26.7421 0.0606807 4752 0.585602
26.8761 0.062066 4968 0.598971
27.01 0.0594443 4494 0.57367
27.124 0.0604069 4200 0.58296
27.2568 0.058206 5792 0.56172
27.3851 0.0593863 4224 0.57311
27.5155 0.0568007 5220 0.548158
27.6427 0.0578763 4590 0.558538
27.7657 0.0585748 5328 0.565279
27.902 0.0570768 5304 0.550823
28.0352 0.0573731 5040 0.553682
28.1565 0.0573041 4920 0.553016
28.2918 0.0541344 5750 0.522426
28.4302 0.0539672 5388 0.520813
28.5589 0.0550732 5784 0.531487
28.6971 0.0548593 5400 0.529422
28.8304 0.05293 5640 0.510804
28.9695 0.0524142 5934 0.505825
29.1035 0.0520726 6120 0.502529
29.2425 0.0524438 5544 0.506111
29.3779 0.0508918 6164 0.491134
29.5153 0.052366 5838 0.50536
29.6461 0.0502001 6144 0.484458
29.7907 0.0496467 6288 0.479118
29.9258 0.0512307 6576 0.494404
30.0748 0.0488727 6504 0.471648
30.2188 0.0494206 6594 0.476936
30.361 0.0478647 7008 0.461921
30.5003 0.0488636 6200 0.47156
30.6412 0.0478719 6768 0.46199
30.7876 0.0481804 7182 0.464968
30.9298 0.0458672 6864 0.442643
31.0761 0.0472918 7308 0.456392
31.2204 0.04673 6744 0.45097
31.3652 0.0470834 7686 0.45438
31.5175 0.0446184 7280 0.430592
31.662 0.0453642 7920 0.43779
31.8151 0.0430598 7560 0.41555
31.9599 0.0450444 6948 0.434703
32.1058 0.0447515 8430 0.431876
32.2645 0.0422526 8328 0.407761
32.4166 0.0432394 7824 0.417284
32.568 0.0436114 8160 0.420874
32.7167 0.0422743 8030 0.40797
32.8774 0.041497 9372 0.400469
33.0313 0.0414705 7968 0.400213
33.1826 0.041625 8568 0.401704
33.3427 0.0418136 8934 0.403524
33.4947 0.0403138 8952 0.389051
33.6524 0.0401995 8880 0.387948
33.8146 0.0408307 9548 0.394039
33.9739 0.0403082 9126 0.388996
34.1313 0.0396174 9384 0.38233
34.2874 0.0392264 9288 0.378556
34.4468 0.0380943 9792 0.367631
34.6116 0.0379896 9570 0.36662
34.771 0.0381606 10376 0.368271
34.9362 0.0368152 10152 0.355287
35.1033 0.0377219 9960 0.364037
35.2646 0.0364909 10782 0.352157
35.4377 0.0371619 10992 0.358633
35.6063 0.0362569 10452 0.349899
35.7696 0.0353473 10806 0.341121
35.9426 0.0355414 11312 0.342994
36.1079 0.0349306 11112 0.3371
36.2754 0.0353746 10848 0.341384
36.4449 0.0355474 11394 0.343052
36.6133 0.0344692 11952 0.332647
36.7846 0.0344732 11352 0.332685
36.9601 0.035147 12584 0.339188
37.1397 0.0341856 12390 0.32991
37.3143 0.033068 12252 0.319124
37.4848 0.0320814 12240 0.309603
37.663 0.0333075 12486 0.321436
37.8363 0.0325465 13080 0.314091
38.0139 0.0322666 12968 0.31139
38.1916 0.0326524 12612 0.315114
38.369 0.0314892 13974 0.303888
38.5541 0.0312506 13944 0.301586
38.7327 0.0301605 12840 0.291065
38.91 0.0307927 14358 0.297166
39.0994 0.0303372 14588 0.29277
39.2843 0.0306182 14688 0.295482
39.4661 0.0305548 13560 0.29487
39.6505 0.0302548 15582 0.291975
39.8367 0.0297538 14544 0.28714
40.0233 0.0301466 15420 0.290931
40.2152 0.0292573 15614 0.282349
40.399 0.0291891 14880 0.281691
40.5874 0.02932 16728 0.282954
40.7843 0.028631 15690 0.276305
40.9716 0.0283109 16248 0.273216
41.1602 0.0284255 16584 0.274321
41.3596 0.02786 16904 0.268864
41.5548 0.0275273 17430 0.265653
41.7499 0.02764 16908 0.266741
41.9429 0.0271102 17640 0.261629
42.1439 0.0273593 17550 0.264032
42.34 0.0269098 18696 0.259695
42.5408 0.0267319 17792 0.257977
42.739 0.026144 18138 0.252304
42.937 0.026595 19392 0.256656
43.1414 0.0259241 18768 0.250181
43.3421 0.0253783 19038 0.244914
43.5438 0.0255543 19460 0.246613
43.7444 0.0253583 19992 0.244722
43.96 0.0252801 21174 0.243967
44.1671 0.0250338 20040 0.24159
44.3727 0.0249236 20628 0.240526
44.5802 0.0249811 20798 0.241081
44.7878 0.0244668 21480 0.236118
44.9991 0.0244388 21792 0.235847
45.2114 0.0243379 21414 0.234874
45.4235 0.0240624 23100 0.232216
45.6374 0.0236262 21992 0.228006
45.8534 0.024137 23406 0.232936
46.0666 0.0232921 22536 0.224781
46.284 0.0231121 24348 0.223045
46.5042 0.0226491 23598 0.218576
46.7214 0.0230276 24224 0.222229
46.9406 0.0225541 24648 0.217659
47.1626 0.0223358 24618 0.215553
47.3743 0.0222937 24192 0.215146
47.5977 0.0224412 26208 0.21657
47.8226 0.0216519 25790 0.208952
48.0485 0.0215439 26916 0.20791
48.2752 0.0217413 26214 0.209815
48.5019 0.0208801 27528 0.201505
48.7306 0.0212101 27720 0.204689
48.961 0.0211018 27122 0.203644
49.1868 0.0207163 28632 0.199924
49.4198 0.0208017 28680 0.200747
49.6522 0.020789 28722 0.200625
49.8833 0.0201051 30000 0.194025
50.1204 0.0206956 29408 0.199724
50.355 0.0199415 30678 0.192446
50.5916 0.0197113 30660 0.190225
50.8313 0.0196844 31494 0.189966
51.0704 0.0195925 31448 0.189079
51.3084 0.0192565 32160 0.185836
51.5543 0.0193077 33090 0.18633
51.795 0.0191835 32664 0.185131
52.0364 0.0187383 32718 0.180835
52.2793 0.0187322 34472 0.180776
52.526 0.018437 34260 0.177928
52.7713 0.0183082 34302 0.176684
53.0156 0.0179114 35472 0.172855
53.2669 0.0177908 36020 0.171691
53.5188 0.0177262 36942 0.171068
53.77 0.0177896 36360 0.171679
54.0241 0.0174665 38166 0.168561
54.2756 0.0171232 36804 0.165248
54.5284 0.0170074 38864 0.164131
54.787 0.0169664 39366 0.163735
55.0466 0.016891 40068 0.163007
55.3028 0.0166031 38910 0.160229
55.5606 0.0164797 41360 0.159038
55.8224 0.0164028 40782 0.158296
56.083 0.0163911 42204 0.158183
56.345 0.0160946 41544 0.155322
56.6114 0.016104 44510 0.155413
56.8794 0.0161728 42948 0.156077
57.145 0.0157949 44478 0.152429
57.4166 0.0155239 46032 0.149814
57.6877 0.0154943 44402 0.149529
57.954 0.0152245 46320 0.146925
58.2264 0.0149978 46848 0.144737
58.5017 0.0150235 47814 0.144985
58.7762 0.0148346 48260 0.143162
59.0569 0.0148074 49758 0.1429
59.3327 0.0146227 49032 0.141117
59.6104 0.0143591 49770 0.138573
59.8885 0.0142888 51056 0.137895
60.1688 0.0139973 51504 0.135082
60.453 0.0140937 52866 0.136012
60.7362 0.013926 52848 0.134394
61.0229 0.0137893 54542 0.133074
61.3094 0.0135374 54276 0.130643
61.5957 0.0135855 55062 0.131107
61.8839 0.0133857 56568 0.12918
62.177 0.0131346 57266 0.126756
62.4688 0.0130709 58056 0.126141
62.7616 0.0128504 57750 0.124014
63.0554 0.0128458 60380 0.123969
63.3541 0.0127426 60390 0.122973
63.652 0.0126882 61608 0.122448
63.9512 0.0125365 61362 0.120985
64.251 0.0124771 63752 0.120411
64.554 0.0123722 63528 0.119398
64.8554 0.0122305 64050 0.118031
65.1549 0.0120125 64784 0.115927
65.4649 0.012035 68814 0.116144
65.7741 0.0117806 66156 0.113689
66.081 0.0117766 68718 0.11365
66.3899 0.0117405 69104 0.113303
66.7047 0.0116982 71682 0.112894
67.0183 0.011606 70512 0.112004
67.3306 0.0114166 72278 0.110176
67.6483 0.0112987 74532 0.109039
67.9687 0.0110492 74454 0.10663
68.2871 0.0110562 75540 0.106698
68.6079 0.0110061 76526 0.106215
68.9314 0.0108894 78648 0.105089
69.2548 0.010799 77370 0.104216
69.5723 0.0106975 78272 0.103237
69.8997 0.0104734 82710 0.101074
70.2314 0.0104365 82146 0.100718
70.5609 0.0102615 83712 0.0990293
70.8938 0.0102526 84710 0.0989431
71.2273 0.010144 86172 0.097895
71.5624 0.0100665 86406 0.0971468
71.8964 0.00998867 88244 0.0963961
72.2353 0.00973028 89670 0.0939025
72.5741 0.00973065 90792 0.093906
72.9184 0.00968599 93194 0.0934751
73.2605 0.0096559 92352 0.0931847
73.6035 0.00951731 94914 0.0918473
73.9481 0.00949009 95504 0.0915845
74.2951 0.00935787 97230 0.0903086
74.6441 0.00923389 98802 0.0891121
74.9957 0.00913891 100952 0.0881955
75.3469 0.00911622 99990 0.0879765
75.6983 0.00908049 103356 0.0876316
76.0565 0.00899953 105014 0.0868504
76.4149 0.00889281 106548 0.0858205
76.7736 0.00870938 106302 0.0840503
77.1306 0.00862988 108002 0.083283
77.4926 0.00865437 111696 0.0835193
77.8598 0.00854271 112158 0.0824418
78.2245 0.00845086 113300 0.0815554
78.5923 0.00841905 115302 0.0812484
78.9616 0.00833305 117396 0.0804185
79.3312 0.00825159 117158 0.0796323
79.7042 0.00820962 121470 0.0792274
80.0776 0.00812248 120660 0.0783864
80.4553 0.0080089 125030 0.0772903
80.8343 0.00793589 125388 0.0765857
81.2158 0.00790166 128094 0.0762553
81.5959 0.00782463 127058 0.075512
81.9781 0.00768442 132336 0.0741588
82.3648 0.00766175 132006 0.0739401
82.7505 0.0076333 134162 0.0736655
83.14 0.00759197 137760 0.0732667
83.5324 0.00750629 137802 0.0724398
83.9214 0.00742839 139016 0.071688
84.3171 0.00734105 144354 0.0708452
84.7141 0.0072373 142814 0.0698439
85.1084 0.00723343 145932 0.0698065
85.5081 0.00718116 148206 0.0693021
85.9091 0.00718644 150566 0.0693531
86.3128 0.00708852 152820 0.0684081
86.7194 0.00708336 155142 0.0683583
87.127 0.00694173 157220 0.0669915
87.5368 0.00687186 159198 0.0663172
87.9473 0.00682326 160994 0.0658482
88.3606 0.0068161 164544 0.0657791
88.7753 0.00670653 165282 0.0647217
89.1919 0.00668437 168350 0.0645079
89.6109 0.00657815 171660 0.0634828
90.0336 0.00651282 173622 0.0628522
90.4563 0.006443 175034 0.0621785
90.8805 0.00641239 178512 0.061883
91.3051 0.00636109 178646 0.061388
91.7348 0.0063077 185466 0.0608728
92.1672 0.00622752 185382 0.060099
92.5992 0.00614978 188252 0.0593487
93.0354 0.00612235 192126 0.059084
93.473 0.00605861 193562 0.0584689
93.9107 0.00602717 196176 0.0581655
94.3526 0.00598906 200130 0.0577977
94.7959 0.00592663 201326 0.0571952
95.2394 0.00590861 204972 0.0570213
95.6874 0.00586367 208406 0.0565876
96.1345 0.00577262 208362 0.0557089
96.5874 0.00573102 217662 0.0553075
97.0451 0.00562126 217124 0.0542482
97.4982 0.00569731 217446 0.0549821
97.9556 0.00558666 224690 0.0539143
98.4147 0.0055419 224058 0.0534824
98.8771 0.00549903 231848 0.0530687
99.3453 0.00544429 233994 0.0525403
99.8112 0.00538082 234198 0.0519279
100.278 0.00538841 239708 0.0520011
100.751 0.00532693 243630 0.0514078
101.226 0.0052706 247010 0.0508642
101.699 0.00524463 246414 0.0506136
102.174 0.00517706 253772 0.0499614
102.654 0.00515268 256902 0.0497262
103.137 0.00509866 261066 0.0492049
103.624 0.0050314 265958 0.0485557
104.11 0.00498573 265098 0.0481151
104.596 0.00493841 271424 0.0476584
105.088 0.00491583 276858 0.0474405
105.585 0.00486011 281186 0.0469027
106.082 0.00483223 282918 0.0466337
106.577 0.00477452 285146 0.0460767
107.077 0.00474048 293280 0.0457482
107.581 0.00469219 294602 0.0452822
108.087 0.00463909 301278 0.0447697
108.595 0.00459366 302954 0.0443314
109.104 0.0045361 307674 0.0437758
109.614 0.00451998 310560 0.0436202
110.13 0.00447078 320834 0.0431455
110.65 0.00443307 321582 0.0427815
111.17 0.00437491 325226 0.0422203
111.691 0.00436591 331422 0.0421334
112.216 0.00431672 335066 0.0416587
112.744 0.0042819 341340 0.0413226
113.272 0.00425687 342038 0.0410811
113.803 0.00422654 351354 0.0407884
114.339 0.0041877 355478 0.0404136
114.877 0.00416662 360066 0.0402101
115.416 0.00410063 364634 0.0395733
115.957 0.00409547 369072 0.0395235
116.503 0.00403762 377642 0.0389653
117.053 0.00400045 382074 0.0386065
117.602 0.00397002 384014 0.0383129
118.154 0.00390248 393066 0.0376611
118.707 0.00386128 393950 0.0372635
119.264 0.00380982 404154 0.0367668
119.826 0.00380972 409178 0.0367659
120.388 0.00377864 413334 0.036466
120.954 0.00374746 421196 0.0361651
121.521 0.0037131 422658 0.0358334
122.091 0.00367522 434990 0.0354679
122.666 0.00364515 437442 0.0351777
123.241 0.00360206 443066 0.0347618
123.82 0.00357014 452150 0.0344538
124.401 0.00354045 455538 0.0341673
124.985 0.00352049 463382 0.0339746
125.571 0.0034996 468666 0.033773
126.162 0.00345107 479642 0.0333047
126.756 0.00340296 482814 0.0328404
127.35 0.00338368 489386 0.0326544
127.948 0.003351 498642 0.032339
128.55 0.00332152 503450 0.0320545
129.154 0.0032979 512838 0.0318266
129.761 0.00328253 517586 0.0316782
130.369 0.00325759 524372 0.0314376
130.98 0.00321287 534270 0.031006
131.596 0.00318122 540386 0.0307005
132.215 0.00316253 550938 0.0305201
132.836 0.00311662 554270 0.0300771
133.459 0.00310892 564978 0.0300028
134.087 0.00308086 574370 0.029732
134.718 0.00304963 579614 0.0294306
135.35 0.00301518 587778 0.0290982
135.985 0.00298336 596978 0.0287911
136.624 0.00295392 606570 0.0285069
137.267 0.00294746 613982 0.0284446
137.911 0.00290272 621200 0.0280128
138.558 0.00288096 631386 0.0278029
139.208 0.00285535 640418 0.0275557
139.864 0.00283793 651870 0.0273875
140.521 0.00281023 657770 0.0271202
141.18 0.00278857 667082 0.0269112
141.842 0.00276111 675810 0.0266462
142.509 0.00274769 689318 0.0265167
143.18 0.00271105 698754 0.0261631
143.854 0.00268932 706922 0.0259534
144.529 0.0026655 715562 0.0257235
145.208 0.0026377 727662 0.0254552
145.889 0.00261155 734426 0.0252029
146.572 0.0025797 745746 0.0248955
147.26 0.00256304 759698 0.0247347
147.952 0.00254109 768140 0.0245229
148.647 0.00251267 778770 0.0242486
149.347 0.00250173 795842 0.0241431
150.049 0.00247751 799442 0.0239093
150.754 0.00245414 816042 0.0236838
151.462 0.00243061 822038 0.0234567
152.173 0.00239955 837722 0.023157
152.887 0.00238729 846330 0.0230387
153.605 0.00236942 860768 0.0228662
154.327 0.00234907 873722 0.0226698
155.052 0.00232558 885438 0.0224431
155.781 0.00229795 898730 0.0221765
156.513 0.00228187 908402 0.0220213
157.247 0.00225842 923226 0.021795
157.985 0.00224143 933944 0.021631
158.727 0.00222553 949730 0.0214775
159.472 0.00219795 961278 0.0212114
160.222 0.00217517 981218 0.0209916
160.976 0.00215712 989186 0.0208174
161.73 0.00213661 1001016 0.0206194
162.489 0.00212216 1019138 0.02048
163.253 0.00209397 1032842 0.0202079
164.019 0.00208474 1045394 0.0201189
164.79 0.00207155 1066230 0.0199916
165.565 0.002054 1075496 0.0198222
166.341 0.00202463 1090154 0.0195388
167.122 0.00201084 1110378 0.0194057
167.908 0.00199652 1124666 0.0192675
168.697 0.00197368 1139624 0.0190471
169.49 0.0019526 1157114 0.0188436
170.286 0.00193588 1171434 0.0186823
171.085 0.00191853 1188494 0.0185149
171.889 0.00189422 1205504 0.0182802
172.697 0.00188033 1226594 0.0181462
173.508 0.00186098 1235562 0.0179594
174.322 0.00184621 1259120 0.017817
175.141 0.00182001 1274498 0.0175641
175.964 0.00180781 1295594 0.0174464
176.791 0.00179246 1308312 0.0172983
177.621 0.00177337 1333922 0.017114
178.456 0.00175577 1348418 0.0169441
179.294 0.00174043 1366112 0.0167961
180.136 0.00172486 1389738 0.0166459
180.982 0.00170464 1407458 0.0164507
181.832 0.00168852 1426520 0.0162951
182.687 0.00167523 1448810 0.0161668
183.545 0.00165798 1465802 0.0160004
184.406 0.00163842 1488456 0.0158117
185.272 0.00162328 1510766 0.0156655
186.142 0.00160868 1528298 0.0155247
187.016 0.00159742 1552784 0.0154159
187.895 0.00158037 1579538 0.0152514
188.779 0.00156279 1595784 0.0150818
189.665 0.00154582 1619930 0.014918
190.555 0.00153185 1637186 0.0147832
191.449 0.00152045 1669616 0.0146732
192.35 0.00150571 1691834 0.0145309
193.253 0.00149149 1706952 0.0143937
194.159 0.00147504 1739630 0.0142349
195.073 0.00146106 1765064 0.0141
195.988 0.00145276 1783538 0.0140199
196.91 0.00143226 1817480 0.0138221
197.835 0.00142446 1837034 0.0137468
198.765 0.00141475 1866512 0.0136531
199.698 0.00139908 1888242 0.0135019
200.636 0.00138985 1917056 0.0134128
201.577 0.00137716 1941554 0.0132903
202.525 0.00136516 1978040 0.0131746
203.477 0.00135325 1997426 0.0130596
204.433 0.00134046 2029256 0.0129361
205.393 0.00132956 2056370 0.012831
206.357 0.00131976 2084000 0.0127364
207.326 0.00130641 2117778 0.0126076
208.3 0.0012922 2143952 0.0124704
209.278 0.00128135 2175614 0.0123658
210.261 0.00126898 2206400 0.0122464
211.248 0.001256 2233970 0.0121211
212.241 0.00124533 2276456 0.0120182
213.239 0.00123477 2301848 0.0119162
214.24 0.00122119 2332922 0.0117851
215.246 0.00121005 2366960 0.0116777
216.256 0.00119627 2397698 0.0115446
217.272 0.0011842 2436644 0.0114281
218.293 0.00117354 2472608 0.0113253
219.319 0.00116176 2503050 0.0112116
220.348 0.00115171 2535392 0.0111146
221.383 0.00113814 2581088 0.0109837
222.424 0.00112571 2612762 0.0108637
223.469 0.00111504 2647964 0.0107608
224.518 0.00110551 2687216 0.0106688
225.573 0.00109696 2724434 0.0105863
226.633 0.0010842 2765840 0.0104631
227.697 0.00107359 2798504 0.0103607
228.766 0.00106481 2841326 0.010276
229.841 0.00105365 2886128 0.0101683
230.921 0.00104478 2920808 0.0100827
232.005 0.00103631 2967536 0.010001
233.094 0.00102483 3000674 0.00989014
234.188 0.00101678 3050324 0.00981252
235.289 0.00100464 3094664 0.0096953
236.395 0.000994941 3136016 0.00960173
237.505 0.000987964 3179546 0.0095344
238.621 0.000976807 3227060 0.00942672
239.742 0.000966967 3271832 0.00933176
240.868 0.000958887 3315440 0.00925379
241.998 0.000951221 3363800 0.0091798
243.135 0.000943579 3414158 0.00910605
244.278 0.000930399 3459752 0.00897885
245.425 0.000922866 3508864 0.00890616
246.578 0.000915352 3560804 0.00883364
247.736 0.000906674 3608912 0.0087499
248.9 0.000897028 3660608 0.00865681
250.068 0.000889366 3707846 0.00858287
251.243 0.000882064 3769664 0.0085124
252.424 0.000873322 3822920 0.00842803
253.609 0.000866541 3863564 0.0083626
254.8 0.000857619 3930704 0.00827649
255.998 0.000849029 3986168 0.0081936
257.2 0.00084023 4034228 0.00810868
258.406 0.000832903 4090816 0.00803797
259.62 0.000825416 4160360 0.00796571
260.841 0.000817711 4213436 0.00789136
262.066 0.000811315 4270976 0.00782963
263.296 0.00080097 4332308 0.0077298
264.533 0.000793241 4395896 0.00765521
265.775 0.000787254 4454378 0.00759743
267.023 0.000780549 4517036 0.00753272
268.278 0.000772057 4588552 0.00745077
269.539 0.000764609 4651316 0.00737889
270.805 0.000758588 4711190 0.00732079
272.076 0.000749398 4782704 0.0072321
273.355 0.000743514 4849964 0.00717531
274.639 0.000735256 4917080 0.00709562
275.928 0.000726627 4985260 0.00701235
277.224 0.000719188 5060456 0.00694056
278.527 0.000712713 5127788 0.00687807
279.835 0.000706831 5201672 0.00682131
281.149 0.000699226 5278196 0.00674791
282.47 0.000693021 5350384 0.00668803
283.797 0.000685531 5423492 0.00661575
285.13 0.00067841 5504720 0.00654702
286.469 0.000673308 5581268 0.00649779
287.815 0.000666802 5659270 0.006435
289.166 0.000659681 5736332 0.00636628
290.524 0.000653953 5823104 0.006311
291.889 0.000646924 5909900 0.00624317
293.261 0.000642993 5986168 0.00620523
294.637 0.000636904 6064034 0.00614647
296.021 0.00063096 6162248 0.00608911
297.412 0.000623874 6249932 0.00602073
298.81 0.000618047 6331588 0.00596449
300.213 0.000612663 6424736 0.00591253
301.623 0.000606784 6515066 0.0058558
303.04 0.000600657 6607552 0.00579667
304.463 0.000596382 6691412 0.00575542
305.892 0.000589976 6796676 0.00569359
307.33 0.000584827 6894838 0.0056439
308.773 0.000578835 6983324 0.00558607
310.224 0.000572949 7094120 0.00552927
311.681 0.000567508 7182634 0.00547676
313.145 0.000562555 7295588 0.00542896
314.616 0.0005572 7389992 0.00537728
316.094 0.000552284 7499434 0.00532984
317.579 0.000547121 7606244 0.00528001
319.07 0.00054206 7703654 0.00523118
320.568 0.000537647 7823908 0.00518858
322.074 0.000531234 7933148 0.00512669
323.587 0.000526382 8035210 0.00507987
325.107 0.000521493 8168648 0.00503269
326.635 0.000516731 8270402 0.00498673
328.169 0.000510902 8396284 0.00493048
329.71 0.000506779 8496608 0.00489069
331.258 0.000502749 8636482 0.0048518
332.814 0.000497288 8744780 0.0047991
334.377 0.00049261 8878274 0.00475396
335.948 0.000488019 8998288 0.00470965
337.526 0.000484264 9127058 0.00467341
339.111 0.000479693 9258676 0.0046293
340.704 0.000475023 9394994 0.00458424
342.305 0.000470345 9518530 0.00453908
343.912 0.000466246 9652352 0.00449953
345.528 0.000461881 9800506 0.0044574
347.151 0.000457558 9929156 0.00441568
348.782 0.000452691 10079002 0.00436872
350.42 0.000448266 10202930 0.00432601
352.065 0.000444885 10362148 0.00429338
353.719 0.000440475 10508450 0.00425083
355.38 0.000436258 10647784 0.00421013
357.05 0.000432415 10817954 0.00417304
358.727 0.000429168 10950034 0.00414171
360.411 0.00042518 11116484 0.00410322
362.105 0.000421661 11277610 0.00406926
363.806 0.000416998 11430154 0.00402426
365.514 0.000412735 11580074 0.00398312
367.23 0.000409597 11759140 0.00395283
368.955 0.000405306 11924378 0.00391142
370.689 0.000401567 12099850 0.00387534
372.43 0.000398249 12260050 0.00384332
374.18 0.000394311 12439484 0.00380531
375.937 0.000390767 12606226 0.00377111
377.703 0.000386609 12800474 0.00373099
379.477 0.000384103 12964258 0.0037068
381.259 0.000380113 13155874 0.0036683
383.05 0.000376554 13345394 0.00363395
384.849 0.000373046 13525540 0.00360009
386.657 0.000369985 13730122 0.00357056
388.473 0.000366611 13917890 0.00353799
390.298 0.000363861 14114938 0.00351146
392.131 0.000360492 14316682 0.00347894
393.974 0.00035719 14520626 0.00344708
395.824 0.000354253 14708962 0.00341873
397.682 0.000351269 14936002 0.00338994
399.55 0.000348426 15141986 0.0033625
401.428 0.000345362 15366994 0.00333294
403.313 0.000342425 15563242 0.00330459
405.207 0.000339379 15794614 0.0032752
407.111 0.000336918 16021226 0.00325144
409.023 0.000333667 16238338 0.00322006
410.944 0.000330908 16476706 0.00319344
412.874 0.000328338 16717282 0.00316864
414.814 0.000326192 16935730 0.00314793
416.762 0.000323781 17183270 0.00312466
418.719 0.000321483 17431546 0.00310249
420.686 0.0003191 17672128 0.00307949
422.662 0.000316411 17929450 0.00305354
424.648 0.000314609 18181246 0.00303615
426.643 0.000312528 18436154 0.00301606
428.646 0.000310366 18688066 0.0029952
430.659 0.000308592 18966160 0.00297808
432.682 0.000306446 19228342 0.00295737
434.714 0.00030476 19497994 0.0029411
436.756 0.000302856 19789402 0.00292272
438.808 0.000300756 20048224 0.00290246
440.868 0.000299392 20340694 0.00288929
442.939 0.000297608 20631698 0.00287208
445.02 0.000295848 20920738 0.0028551
447.11 0.000294284 21224764 0.00284
449.211 0.000292761 21524794 0.0028253
451.321 0.000291706 21819694 0.00281512
453.441 0.000290645 22136776 0.00280488
455.571 0.000289513 22446490 0.00279396
457.71 0.000288133 22753708 0.00278064
459.86 0.000287585 23092930 0.00277535
462.02 0.000286674 23405020 0.00276656
464.19 0.000285934 23744914 0.00275942
466.371 0.000285526 24090094 0.00275548
468.561 0.000284989 24416584 0.0027503
470.762 0.000284104 24763822 0.00274176
472.973 0.000283931 25116112 0.00274009
475.194 0.000283123 25474348 0.00273229
477.427 0.000283247 25839802 0.00273349
479.669 0.000283694 26191732 0.0027378
481.921 0.000283615 26563339 0.00273704
484.183 0.000282585 26678128 0.0027271
486.457 0.000280355 26655828 0.00270558
488.742 0.000278177 26675140 0.00268456
491.038 0.000276182 26644864 0.00266531
493.344 0.000274332 26631640 0.00264746
495.661 0.000272015 26619904 0.00262509
497.99 0.000270012 26596180 0.00260576
500.329 0.000268181 26557060 0.00258809
502.679 0.000266403 26532520 0.00257093
505.04 0.000264179 26493240 0.00254947
507.412 0.000262169 26453764 0.00253007
509.795 0.000260259 26412544 0.00251164
512.19 0.000258395 26360476 0.00249365
514.595 0.000256505 26299600 0.00247541
517.012 0.000254824 26254092 0.0024592
519.441 0.000253561 26178916 0.002447
521.881 0.00025193 26116096 0.00243127
524.332 0.000250123 26040928 0.00241383
526.795 0.000248447 25967736 0.00239765
529.269 0.000246891 25862260 0.00238263
531.755 0.000245635 25796416 0.00237051
534.253 0.000244228 25689396 0.00235694
536.762 0.00024277 25577176 0.00234286
539.283 0.000241415 25489588 0.00232979
541.816 0.000240131 25373328 0.00231739
544.362 0.000238612 25250224 0.00230273
546.918 0.000236879 25122124 0.00228601
549.487 0.000235735 24990660 0.00227497
552.068 0.000234519 24856192 0.00226323
554.661 0.000233594 24706228 0.00225431
557.266 0.00023275 24558204 0.00224616
559.883 0.00023188 24392068 0.00223777
562.513 0.000230984 24237480 0.00222913
565.155 0.000230396 24064336 0.00222344
567.809 0.000229452 23876980 0.00221433
570.476 0.000228459 23697324 0.00220475
573.156 0.000227394 23498488 0.00219448
575.848 0.000226555 23292324 0.00218638
578.553 0.000225507 23100964 0.00217626
581.271 0.000224706 22862988 0.00216854
584 0.000224462 22634848 0.00216618
586.743 0.000223853 22410012 0.00216031
589.499 0.000223469 22160572 0.0021566
592.268 0.000223146 21915600 0.00215348
595.05 0.000223018 21645516 0.00215225
597.844 0.000222775 21372232 0.0021499
600.652 0.000222582 21101172 0.00214803
603.474 0.000222734 20815564 0.0021495
606.308 0.000222385 20504628 0.00214614
609.156 0.000222355 20204736 0.00214585
612.017 0.000222447 19883356 0.00214674
614.891 0.000222555 19552848 0.00214778
617.779 0.000222647 19217196 0.00214867
620.681 0.000223104 18861736 0.00215307
623.596 0.000223358 18502836 0.00215553
626.525 0.000223901 18135780 0.00216076
629.467 0.000224575 17749600 0.00216728
632.424 0.000225027 17354232 0.00217163
635.394 0.000226088 16953228 0.00218187
638.378 0.000226955 16529656 0.00219024
641.376 0.000227757 16099164 0.00219798
644.388 0.000229293 15659388 0.0022128
647.415 0.000230279 15207864 0.00222231
650.455 0.000231086 14736132 0.00223011
653.51 0.000231856 14255596 0.00223754
656.579 0.000232935 13762332 0.00224795
659.662 0.000234078 13252296 0.00225899
662.76 0.000235021 12731268 0.00226808
665.872 0.000235558 12198720 0.00227327
668.999 0.000236079 11649660 0.00227829
672.141 0.000235815 11081952 0.00227575
675.296 0.000235608 10500652 0.00227375
678.467 0.000234941 9911376 0.00226731
681.652 0.0002334 9301473 0.00225244
684.856 0.000232243 8737218 0.00224128
688.073 0.000231321 8239530 0.00223238
691.305 0.000229973 7788972 0.00221936
694.552 0.000230209 7357452 0.00222164
697.814 0.000230361 6958434 0.00222311
701.093 0.000231211 6572454 0.00223131
704.385 0.000231536 6204966 0.00223445
707.693 0.000232125 5851524 0.00224013
711.016 0.00023317 5518854 0.00225022
714.356 0.000233575 5192928 0.00225412
717.711 0.000235357 4883690 0.00227132
721.082 0.000236813 4585122 0.00228537
724.468 0.000238259 4294452 0.00229933
727.871 0.000240957 4020870 0.00232537
731.289 0.000241857 3750774 0.00233405
734.723 0.000243961 3496122 0.00235436
738.174 0.00024756 3250038 0.00238909
741.641 0.000250418 3010904 0.00241667
745.123 0.000254316 2783520 0.00245429
748.622 0.000258871 2566482 0.00249825
752.138 0.000262818 2355504 0.00253634
755.668 0.000267945 2154350 0.00258581
759.215 0.00027207 1964322 0.00262562
762.781 0.000277617 1782180 0.00267916
766.364 0.000282547 1608354 0.00272674
769.963 0.000287156 1442012 0.00277121
773.577 0.000296082 1285878 0.00285735
777.208 0.000301317 1137636 0.00290788
780.856 0.0003096 999476 0.00298781
784.519 0.000316541 867846 0.00305479
788.195 0.000324634 746768 0.0031329
791.894 0.000335058 636276 0.00323349
795.615 0.000345319 532566 0.00333251
799.345 0.000360848 435044 0.00348238
803.087 0.000373372 351690 0.00360325
806.861 0.000395657 275630 0.0038183
810.63 0.000413613 204876 0.00399159
814.415 0.000425254 150770 0.00410394
818.252 0.00043688 100542 0.00421613
822.015 0.000452636 59294 0.00436818
825.771 0.000488682 32538 0.00471605
829.571 0.000504154 11726 0.00486536
832.962 0.000502281 1560 0.00484728
835.799 0.000897993 1 0.00866612
