# in Mpc/h Units 
# D1 = 0.215728 
# k P N P(z=0)
0.314159 41.7785 6 897.72
0.444288 22.1627 12 476.224
0.54414 14.6601 8 315.01
0.628319 10.1478 6 218.051
0.702481 7.05348 24 151.562
0.76953 6.72569 24 144.519
0.888577 4.62116 12 99.2978
0.942478 4.92285 30 105.78
0.993459 3.15659 24 67.8276
1.04195 3.50104 24 75.2289
1.08828 3.4616 8 74.3815
1.13272 2.49276 24 53.5635
1.17548 2.76182 48 59.3449
1.25664 2.28083 6 49.0096
1.29531 2.18971 48 47.0516
1.33286 1.7087 36 36.7159
1.36939 1.94335 24 41.758
1.40496 2.5524 24 54.845
1.43966 1.51252 48 32.5004
1.47354 1.80597 24 38.8061
1.53906 1.72637 24 37.0957
1.5708 1.60105 30 34.4027
1.6019 1.4032 72 30.1513
1.63242 1.2459 32 26.7714
1.6918 0.998922 72 21.4645
1.72072 1.7988 48 38.652
1.77715 1.67042 12 35.8933
1.80471 1.29191 48 27.76
1.83185 1.04796 48 22.5181
1.85859 1.03737 48 22.2907
1.88496 0.67577 30 14.5207
1.91096 0.60273 24 12.9512
1.93661 0.974663 72 20.9432
1.98692 0.800364 24 17.1979
2.0116 1.06003 96 22.7774
2.03598 0.923277 48 19.839
2.06008 0.813355 24 17.4771
2.0839 0.675851 24 14.5224
2.10744 0.849265 72 18.2487
2.13073 0.85573 48 18.3876
2.17656 0.465807 8 10.0091
2.19911 0.681854 54 14.6514
2.22144 0.651272 84 13.9943
2.24355 0.653083 48 14.0332
2.26543 0.771912 24 16.5866
2.28711 0.716664 72 15.3994
2.30859 0.810924 96 17.4248
2.35095 0.501036 48 10.7661
2.37185 0.848955 48 18.242
2.39257 0.777475 24 16.7061
2.4131 0.493131 72 10.5962
2.45366 0.647894 72 13.9217
2.47369 0.606575 96 13.0339
2.51327 0.51658 6 11.1001
2.53283 0.589326 96 12.6632
2.55224 0.693245 96 14.8962
2.5715 0.555785 24 11.9425
2.59062 0.618266 48 13.2851
2.6096 0.60764 96 13.0567
2.62844 0.677887 48 14.5662
2.66573 0.596 36 12.8066
2.68418 0.579085 48 12.4431
2.7025 0.532497 120 11.4421
2.7207 0.424657 56 9.12486
2.73878 0.572275 24 12.2968
2.75674 0.39138 96 8.40983
2.77458 0.522949 48 11.2369
2.80993 0.589225 24 12.661
2.82743 0.475499 102 10.2173
2.84483 0.504725 48 10.8453
2.86213 0.42141 72 9.0551
2.87932 0.463994 48 9.97013
2.89641 0.353004 48 7.58521
2.91339 0.489342 120 10.5148
2.94708 0.334137 24 7.17981
2.96377 0.432922 144 9.30245
2.98038 0.481565 120 10.3477
2.99689 0.407372 48 8.75345
3.02964 0.421428 48 9.05549
3.04589 0.407244 96 8.75071
3.07812 0.367139 24 7.88893
3.09411 0.421534 48 9.05777
3.11002 0.44518 108 9.56586
3.12585 0.337625 72 7.25476
3.14159 0.331764 30 7.12881
3.15726 0.441823 168 9.49373
3.17285 0.531954 48 11.4304
3.20381 0.381602 72 8.19971
3.21917 0.346757 96 7.45099
3.23447 0.39752 72 8.54176
3.24969 0.389699 72 8.3737
3.26484 0.368479 32 7.91773
3.27992 0.322003 72 6.91907
3.29493 0.396628 144 8.5226
3.33956 0.401387 96 8.62484
3.3543 0.281266 96 6.04374
3.36898 0.258975 48 5.56475
3.3836 0.403499 72 8.67022
3.39815 0.420099 120 9.02693
3.41264 0.403205 72 8.66392
3.44144 0.292441 48 6.28385
3.45575 0.330811 78 7.10834
3.47 0.298515 120 6.41437
3.48419 0.351961 48 7.56279
3.51241 0.262123 144 5.6324
3.52643 0.306108 144 6.57753
3.55431 0.257084 12 5.52412
3.56816 0.373454 144 8.02463
3.58197 0.452224 48 9.71721
3.59963 0.31346 168 6.73551
3.62306 0.322145 48 6.92213
3.63666 0.317422 168 6.82063
3.67266 0.315541 144 6.78023
3.69054 0.32548 96 6.99379
3.70388 0.276842 72 5.94868
3.71718 0.24615 48 5.28917
3.73484 0.298949 144 6.4237
3.76991 0.279799 30 6.01222
3.79166 0.273377 288 5.87421
3.80898 0.35255 56 7.57546
3.83319 0.275314 192 5.91585
3.84765 0.313231 120 6.7306
3.8817 0.299106 216 6.42708
3.89861 0.273359 96 5.87384
3.91125 0.224746 96 4.82925
3.9364 0.336404 72 7.22853
3.94892 0.326833 96 7.02286
3.97384 0.253222 24 5.44114
3.99068 0.256521 300 5.51202
4.01092 0.258649 24 5.55774
4.02933 0.301164 192 6.4713
4.04766 0.292512 120 6.28539
4.07197 0.189218 48 4.06585
4.0919 0.237561 222 5.10462
4.10817 0.227109 120 4.88004
4.13063 0.299665 192 6.43908
4.14405 0.247876 144 5.32626
4.16779 0.218398 24 4.69285
4.18748 0.232977 144 5.00611
4.20316 0.281188 120 6.04205
4.2222 0.274716 192 5.903
4.23824 0.225106 144 4.83699
4.26146 0.217204 48 4.66719
4.27797 0.246182 336 5.28987
4.29606 0.211321 48 4.54079
4.32126 0.235176 240 5.05337
4.35312 0.185786 8 3.9921
4.36444 0.217037 48 4.6636
4.37895 0.219797 336 4.72291
4.40596 0.224033 174 4.81394
4.42061 0.254779 120 5.4746
4.44989 0.222287 228 4.77641
4.47135 0.252354 168 5.42249
4.49441 0.262646 144 5.64363
4.50903 0.212727 240 4.57101
4.53087 0.274816 24 5.90513
4.54485 0.241441 336 5.18798
4.56883 0.209419 144 4.49991
4.58961 0.21385 168 4.59512
4.61718 0.205052 96 4.40608
4.63377 0.205218 216 4.40965
4.66325 0.205857 288 4.42338
4.68087 0.254036 144 5.45862
4.70985 0.209588 198 4.50354
4.72865 0.178148 216 3.82797
4.75112 0.236454 168 5.08083
4.76446 0.210121 240 4.515
4.79396 0.239171 168 5.13921
4.81157 0.184272 336 3.95957
4.8405 0.216812 240 4.65878
4.8819 0.191613 276 4.11731
4.90919 0.220555 344 4.7392
4.9274 0.173881 144 3.73628
4.95336 0.221359 240 4.75649
4.97264 0.213976 312 4.59783
5.0049 0.203478 240 4.37227
5.02655 0.104045 6 2.23567
5.04369 0.215065 384 4.62123
5.0724 0.185362 312 3.98299
5.09618 0.182147 168 3.91391
5.12103 0.226754 336 4.87241
5.14917 0.186639 336 4.01042
5.16216 0.203037 192 4.36278
5.19393 0.18676 288 4.01303
5.21395 0.179469 216 3.85637
5.23525 0.164246 240 3.52925
5.26744 0.169806 384 3.64872
5.28498 0.235224 72 5.0544
5.3076 0.181697 336 3.90423
5.34569 0.166284 378 3.57304
5.36222 0.161327 144 3.46653
5.38155 0.164185 384 3.52795
5.41298 0.156273 384 3.35794
5.43886 0.180499 344 3.87849
5.45951 0.165829 144 3.56326
5.49081 0.161651 456 3.4735
5.51553 0.153064 312 3.28898
5.53728 0.16801 144 3.61013
5.56768 0.181832 552 3.90714
5.59826 0.169956 264 3.65195
5.62783 0.163424 264 3.5116
5.64631 0.161551 294 3.47135
5.66891 0.170235 432 3.65794
5.69929 0.141319 432 3.03662
5.72582 0.141026 264 3.03032
5.74576 0.131173 192 2.81858
5.77837 0.141486 468 3.04019
5.80465 0.16761 552 3.60154
5.83524 0.140085 336 3.01009
5.86196 0.133485 288 2.86827
5.88885 0.147562 456 3.17076
5.91828 0.155981 432 3.35165
5.93942 0.14914 168 3.20466
5.97346 0.138387 566 2.9736
6.00383 0.137797 432 2.96093
6.03753 0.141133 432 3.03262
6.05765 0.148036 360 3.18094
6.08553 0.153754 624 3.30381
6.11016 0.123273 264 2.64884
6.1359 0.137142 360 2.94685
6.17267 0.133651 456 2.87185
6.19846 0.154185 504 3.31308
6.23352 0.128914 564 2.77006
6.26302 0.122012 384 2.62174
6.29378 0.146473 462 3.14735
6.32143 0.138859 624 2.98375
6.35606 0.127574 432 2.74126
6.38387 0.139729 624 3.00245
6.4159 0.145221 312 3.12045
6.44034 0.141591 552 3.04245
6.47521 0.126704 408 2.72257
6.4939 0.142608 600 3.06431
6.53503 0.126766 608 2.72389
6.56485 0.117903 504 2.53346
6.59664 0.11832 510 2.5424
6.62898 0.120778 600 2.59522
6.66071 0.132732 492 2.85209
6.68361 0.118637 552 2.54923
6.72229 0.122302 696 2.62797
6.74598 0.113786 504 2.44499
6.77945 0.117774 528 2.53069
6.80746 0.119855 624 2.5754
6.83939 0.125311 504 2.69263
6.87445 0.108164 552 2.32419
6.90783 0.114907 654 2.46908
6.93959 0.119631 840 2.57059
6.97409 0.11794 744 2.53425
7.00741 0.102832 456 2.20961
7.03677 0.115629 648 2.4846
7.0753 0.105914 896 2.27583
7.10524 0.11622 396 2.49729
7.13632 0.111787 816 2.40205
7.17401 0.0985042 672 2.11662
7.20038 0.116891 552 2.51172
7.23702 0.109921 894 2.36193
7.27234 0.117374 672 2.52208
7.30559 0.102216 624 2.19638
7.33921 0.107983 888 2.3203
7.3688 0.107767 720 2.31565
7.40895 0.109682 936 2.3568
7.44885 0.109843 648 2.36026
7.48186 0.105829 936 2.27402
7.51427 0.10648 696 2.28801
7.55531 0.116689 618 2.50737
7.58487 0.100221 1008 2.1535
7.61849 0.107142 872 2.30222
7.65737 0.105509 960 2.26713
7.69668 0.101861 888 2.18875
7.72847 0.103061 648 2.21453
7.76442 0.0984685 840 2.11585
7.79705 0.101722 912 2.18576
7.83408 0.0970362 774 2.08508
7.87257 0.099904 1272 2.1467
7.91246 0.101408 912 2.17901
7.95094 0.0998476 864 2.14549
7.98724 0.0914151 924 1.96429
8.02142 0.0974772 1080 2.09455
8.06273 0.0967743 1008 2.07945
8.09946 0.0891922 1128 1.91653
8.14393 0.0883491 768 1.89841
8.17502 0.0967234 1046 2.07835
8.2152 0.0945422 1152 2.03149
8.25601 0.0928093 1272 1.99425
8.29592 0.0927873 912 1.99378
8.33191 0.0895673 1200 1.92459
8.37325 0.0861736 1080 1.85166
8.40498 0.0950082 840 2.0415
8.45084 0.0878268 1332 1.88719
8.48913 0.0925095 1062 1.98781
8.52681 0.0818514 1320 1.75879
8.571 0.0859234 1248 1.84629
8.60833 0.0857659 1104 1.84291
8.65005 0.0881861 1392 1.89491
8.68693 0.0869208 776 1.86772
8.73005 0.0792361 1728 1.7026
8.77244 0.0822954 1224 1.76833
8.81651 0.0806168 1254 1.73226
8.85893 0.0814576 1368 1.75033
8.89912 0.0786206 1236 1.68937
8.93741 0.0797995 1608 1.7147
8.98308 0.0803669 1008 1.72689
9.01647 0.079104 1488 1.69976
9.0649 0.0815901 1440 1.75318
9.10803 0.0731757 1158 1.57237
9.14809 0.0770826 1824 1.65632
9.19097 0.0760368 1464 1.63385
9.23816 0.0742168 1448 1.59474
9.27848 0.0794165 1560 1.70647
9.32418 0.0702498 1428 1.5095
9.36737 0.079365 1680 1.70536
9.41383 0.0710909 1494 1.52757
9.45819 0.0772514 1944 1.65995
9.50417 0.0772664 1368 1.66027
9.54561 0.0711889 1584 1.52968
9.58954 0.0742219 1776 1.59485
9.63134 0.0739335 1440 1.58865
9.67749 0.0727926 1968 1.56414
9.72378 0.074812 1374 1.60753
9.76914 0.0734301 2100 1.57784
9.81572 0.0723493 1640 1.55461
9.86551 0.0718004 2496 1.54282
9.9123 0.0704942 1248 1.51475
9.94845 0.0680266 1512 1.46173
10.0002 0.0701078 2280 1.50645
10.0491 0.0698301 1926 1.50048
10.0953 0.0678808 2064 1.4586
10.1462 0.0664384 1920 1.4276
10.1883 0.0661858 1944 1.42217
10.2408 0.0671332 2172 1.44253
10.2901 0.0685584 2256 1.47316
10.3372 0.0664048 1736 1.42688
10.3847 0.0682227 2094 1.46594
10.433 0.0690488 2328 1.48369
10.4818 0.067091 2256 1.44163
10.5302 0.0683647 1920 1.46899
10.5776 0.0620979 2520 1.33434
10.6299 0.0668057 2088 1.4355
10.6858 0.0629304 2634 1.35222
10.7342 0.0618028 2328 1.328
10.7818 0.0664597 2304 1.42806
10.835 0.064728 2568 1.39085
10.8856 0.0686531 2024 1.47519
10.928 0.0624814 2352 1.34258
10.982 0.0616546 2718 1.32481
11.0344 0.061553 2520 1.32263
11.0896 0.0616816 2772 1.32539
11.1403 0.0601494 2640 1.29247
11.1945 0.0592496 2880 1.27313
11.2496 0.063013 2448 1.354
11.2983 0.0612117 2478 1.31529
11.3489 0.0599745 2904 1.28871
11.4036 0.0591405 2816 1.27079
11.4546 0.0606939 3024 1.30417
11.5153 0.0600205 2952 1.2897
11.5679 0.0552636 2796 1.18748
11.6203 0.0567803 2982 1.22007
11.6775 0.0551576 3312 1.1852
11.7301 0.0582193 2688 1.25099
11.7844 0.0561981 3144 1.20756
11.8428 0.0556116 3672 1.19496
11.8939 0.0544135 2328 1.16922
11.9543 0.0562237 4046 1.20811
12.0117 0.0557495 2844 1.19792
12.0645 0.0564927 3600 1.21389
12.1216 0.0554856 3264 1.19225
12.1786 0.0534849 3288 1.14926
12.2342 0.0552922 3198 1.1881
12.2899 0.0550138 3864 1.18212
12.3488 0.0562444 3456 1.20856
12.4064 0.0530492 3744 1.1399
12.468 0.0530016 3876 1.13888
12.5262 0.0525896 3392 1.13002
12.5835 0.0530127 3918 1.13912
12.6436 0.0534587 3864 1.1487
12.7041 0.050872 4104 1.09312
12.76 0.0506738 3480 1.08886
12.8193 0.050543 4080 1.08605
12.8832 0.0497424 4170 1.06885
12.9428 0.0505482 4176 1.08616
13.004 0.0487535 4560 1.0476
13.0668 0.0499165 3656 1.07259
13.1234 0.0495403 4344 1.0645
13.1905 0.0493195 4830 1.05976
13.2535 0.0480931 4416 1.03341
13.3128 0.0485823 3876 1.04392
13.3711 0.0483398 4752 1.03871
13.438 0.0481856 4968 1.03539
13.505 0.0479412 4494 1.03014
13.562 0.0482339 4200 1.03643
13.6284 0.0465755 5792 1.0008
13.6925 0.0483166 4224 1.03821
13.7578 0.0473233 5220 1.01687
13.8214 0.0456278 4590 0.980434
13.8828 0.0472174 5328 1.01459
13.951 0.046385 5304 0.996704
14.0176 0.0458297 5040 0.984772
14.0783 0.0450326 4920 0.967644
14.1459 0.0462992 5750 0.994858
14.2151 0.0437976 5388 0.941106
14.2795 0.0431943 5784 0.928143
14.3486 0.0430562 5400 0.925175
14.4152 0.0430039 5640 0.924051
14.4848 0.0452597 5934 0.972523
14.5518 0.043578 6120 0.936387
14.6213 0.0430073 5544 0.924124
14.6889 0.0419062 6164 0.900463
14.7577 0.0421421 5838 0.905532
14.823 0.04291 6144 0.922033
14.8954 0.0420616 6288 0.903804
14.9629 0.0404587 6576 0.86936
15.0374 0.040133 6504 0.862362
15.1094 0.0410176 6594 0.881371
15.1805 0.0409674 7008 0.880291
15.2501 0.0414372 6200 0.890386
15.3206 0.0398997 6768 0.85735
15.3938 0.0394249 7182 0.847148
15.4649 0.0399549 6864 0.858536
15.5381 0.0391 7308 0.840166
15.6102 0.0377865 6744 0.811943
15.6826 0.0387804 7686 0.833297
15.7587 0.0389962 7280 0.837936
15.831 0.0384253 7920 0.825668
15.9075 0.0383229 7560 0.823467
15.9799 0.0372543 6948 0.800507
16.0529 0.0375535 8430 0.806936
16.1323 0.0375198 8328 0.80621
16.2083 0.0382363 7824 0.821607
16.284 0.0371215 8160 0.797652
16.3583 0.0368434 8030 0.791677
16.4387 0.0362811 9372 0.779595
16.5156 0.0364199 7968 0.782576
16.5913 0.0355345 8568 0.763551
16.6713 0.0359585 8934 0.772661
16.7473 0.0343764 8952 0.738667
16.8262 0.0359567 8880 0.772623
16.9073 0.0348944 9548 0.749798
16.987 0.0347184 9126 0.746015
17.0656 0.035054 9384 0.753226
17.1437 0.0342828 9288 0.736656
17.2234 0.0344147 9792 0.739489
17.3058 0.0336282 9570 0.72259
17.3855 0.034462 10376 0.740506
17.4681 0.0332563 10152 0.714599
17.5516 0.0333592 9960 0.71681
17.6323 0.0335985 10782 0.721951
17.7188 0.0323377 10992 0.694861
17.8032 0.0314245 10452 0.675237
17.8848 0.0324047 10806 0.6963
17.9713 0.0316544 11312 0.680178
18.0539 0.0313615 11112 0.673884
18.1377 0.0315704 10848 0.678372
18.2224 0.0318566 11394 0.684522
18.3067 0.0309787 11952 0.665658
18.3923 0.0318332 11352 0.684019
18.4801 0.0307582 12584 0.660921
18.5699 0.0303356 12390 0.651841
18.6572 0.0308053 12252 0.661932
18.7424 0.0307174 12240 0.660043
18.8315 0.0297182 12486 0.638573
18.9182 0.0300327 13080 0.645332
19.007 0.0294966 12968 0.633811
19.0958 0.0289692 12612 0.622479
19.1845 0.0288712 13974 0.620372
19.2771 0.0288431 13944 0.61977
19.3664 0.0287309 12840 0.617359
19.455 0.028418 14358 0.610634
19.5497 0.0279028 14588 0.599565
19.6422 0.0278339 14688 0.598084
19.733 0.0284929 13560 0.612245
19.8252 0.0276242 15582 0.593578
19.9184 0.0278488 14544 0.598404
20.0117 0.027273 15420 0.586032
20.1076 0.0271634 15614 0.583677
20.1995 0.0269673 14880 0.579463
20.2937 0.0271307 16728 0.582975
20.3922 0.0270817 15690 0.581922
20.4858 0.0262381 16248 0.563794
20.5801 0.0266816 16584 0.573324
20.6798 0.0263166 16904 0.565481
20.7774 0.0258631 17430 0.555737
20.875 0.0260838 16908 0.560479
20.9715 0.0263926 17640 0.567114
21.072 0.0253985 17550 0.545754
21.17 0.0253897 18696 0.545563
21.2704 0.0253065 17792 0.543777
21.3695 0.0250871 18138 0.539061
21.4685 0.0248385 19392 0.533721
21.5707 0.0249615 18768 0.536363
21.671 0.0245993 19038 0.52858
21.7719 0.0244018 19460 0.524336
21.8722 0.0240944 19992 0.517731
21.98 0.0243843 21174 0.52396
22.0835 0.0236377 20040 0.507919
22.1864 0.0238169 20628 0.511768
22.2901 0.023865 20798 0.512801
22.3939 0.0234429 21480 0.503731
22.4995 0.0234758 21792 0.504438
22.6057 0.0232543 21414 0.49968
22.7118 0.0229137 23100 0.492361
22.8187 0.022674 21992 0.487211
22.9267 0.0227807 23406 0.489504
23.0333 0.0223497 22536 0.480242
23.142 0.0221636 24348 0.476242
23.2521 0.021794 23598 0.468301
23.3607 0.0222547 24224 0.4782
23.4703 0.021567 24648 0.463423
23.5813 0.021906 24618 0.470708
23.6872 0.0211681 24192 0.454852
23.7989 0.0212333 26208 0.456254
23.9113 0.0209647 25790 0.450482
24.0243 0.0208226 26916 0.447428
24.1376 0.0207081 26214 0.444969
24.251 0.0206471 27528 0.443658
24.3653 0.0204794 27720 0.440053
24.4805 0.0205483 27122 0.441534
24.5934 0.0201469 28632 0.432908
24.7099 0.020229 28680 0.434673
24.8261 0.0200661 28722 0.431172
24.9416 0.0198494 30000 0.426516
25.0602 0.0198605 29408 0.426754
25.1775 0.0196537 30678 0.422312
25.2958 0.019368 30660 0.416172
25.4157 0.0192721 31494 0.41411
25.5352 0.0192885 31448 0.414463
25.6542 0.0190034 32160 0.408337
25.7771 0.0186597 33090 0.400953
25.8975 0.0185989 32664 0.399647
26.0182 0.018201 32718 0.391095
26.1396 0.0185406 34472 0.398393
26.263 0.0182688 34260 0.392552
26.3857 0.0180574 34302 0.38801
26.5078 0.0179695 35472 0.386122
26.6335 0.0177188 36020 0.380734
26.7594 0.017724 36942 0.380846
26.885 0.0175263 36360 0.376599
27.0121 0.0174203 38166 0.37432
27.1378 0.0170922 36804 0.367271
27.2642 0.017546 38864 0.377023
27.3935 0.0170137 39366 0.365584
27.5233 0.0168467 40068 0.361996
27.6514 0.0166604 38910 0.357992
27.7803 0.0167006 41360 0.358855
27.9112 0.0166403 40782 0.35756
28.0415 0.0163817 42204 0.352003
28.1725 0.0162335 41544 0.34882
28.3057 0.016105 44510 0.346058
28.4397 0.0160773 42948 0.345462
28.5725 0.0159677 44478 0.343107
28.7083 0.0157266 46032 0.337926
28.8439 0.0159655 44402 0.343061
28.977 0.0156103 46320 0.335429
29.1132 0.0155944 46848 0.335086
29.2508 0.0153461 47814 0.329751
29.3881 0.0151827 48260 0.326241
29.5284 0.0152181 49758 0.327
29.6664 0.0149987 49032 0.322287
29.8052 0.0148561 49770 0.319221
29.9443 0.0149073 51056 0.320323
30.0844 0.0146709 51504 0.315243
30.2265 0.014573 52866 0.31314
30.3681 0.0145798 52848 0.313286
30.5114 0.0143846 54542 0.30909
30.6547 0.0145051 54276 0.311679
30.7979 0.0140772 55062 0.302485
30.9419 0.0141205 56568 0.303415
31.0885 0.0139346 57266 0.29942
31.2344 0.0138369 58056 0.297323
31.3808 0.0136349 57750 0.292982
31.5277 0.0137257 60380 0.294932
31.6771 0.0135102 60390 0.290303
31.826 0.0133319 61608 0.28647
31.9756 0.0132968 61362 0.285716
32.1255 0.013043 63752 0.280263
32.277 0.013029 63528 0.279962
32.4277 0.0130244 64050 0.279863
32.5774 0.0130053 64784 0.279453
32.7324 0.0128351 68814 0.275797
32.8871 0.0127141 66156 0.273195
33.0405 0.0125996 68718 0.270735
33.1949 0.012622 69104 0.271217
33.3524 0.0124159 71682 0.266787
33.5091 0.012346 70512 0.265285
33.6653 0.0122053 72278 0.262263
33.8241 0.0121176 74532 0.260378
33.9843 0.0118951 74454 0.255597
34.1435 0.0118736 75540 0.255135
34.3039 0.0118807 76526 0.255287
34.4657 0.0117907 78648 0.253353
34.6274 0.0116177 77370 0.249637
34.7862 0.0113692 78272 0.244297
34.9499 0.0114663 82710 0.246384
35.1157 0.0112747 82146 0.242267
35.2805 0.0111903 83712 0.240453
35.4469 0.0111229 84710 0.239005
35.6137 0.0111313 86172 0.239185
35.7812 0.0109438 86406 0.235156
35.9482 0.0109193 88244 0.23463
36.1176 0.010776 89670 0.23155
36.2871 0.0107982 90792 0.232027
36.4592 0.0107147 93194 0.230233
36.6302 0.0106354 92352 0.228529
36.8018 0.0105387 94914 0.226452
36.9741 0.0103308 95504 0.221984
37.1476 0.0104671 97230 0.224912
37.3221 0.0104282 98802 0.224076
37.4979 0.0102616 100952 0.220497
37.6734 0.0101784 99990 0.21871
37.8491 0.0101553 103356 0.218214
38.0283 0.0100213 105014 0.215335
38.2074 0.00994642 106548 0.213725
38.3868 0.0097946 106302 0.210463
38.5653 0.00979399 108002 0.210449
38.7463 0.00966086 111696 0.207589
38.9299 0.00965199 112158 0.207398
39.1123 0.00951566 113300 0.204469
39.2962 0.00950873 115302 0.20432
39.4808 0.00946049 117396 0.203283
39.6656 0.00927038 117158 0.199198
39.8521 0.00917638 121470 0.197179
40.0388 0.00911798 120660 0.195924
40.2277 0.00910532 125030 0.195652
40.4172 0.00898771 125388 0.193125
40.6079 0.00893758 128094 0.192047
40.798 0.0089583 127058 0.192493
40.9891 0.00881412 132336 0.189394
41.1824 0.00878151 132006 0.188694
41.3752 0.0086507 134162 0.185883
41.57 0.00857419 137760 0.184239
41.7662 0.00853128 137802 0.183317
41.9607 0.00849682 139016 0.182576
42.1586 0.00841875 144354 0.180899
42.357 0.00833317 142814 0.17906
42.5542 0.00827219 145932 0.17775
42.7541 0.00816928 148206 0.175538
42.9546 0.00807342 150566 0.173478
43.1564 0.0079915 152820 0.171718
43.3597 0.00798329 155142 0.171542
43.5635 0.00786992 157220 0.169106
43.7684 0.00785551 159198 0.168796
43.9736 0.00775153 160994 0.166562
44.1803 0.00766839 164544 0.164775
44.3876 0.00759249 165282 0.163145
44.5959 0.00752703 168350 0.161738
44.8055 0.00747567 171660 0.160634
45.0168 0.00747735 173622 0.16067
45.2281 0.00734626 175034 0.157854
45.4403 0.00735516 178512 0.158045
45.6526 0.00729497 178646 0.156751
45.8674 0.00721022 185466 0.15493
46.0836 0.00710684 185382 0.152709
46.2996 0.00707829 188252 0.152096
46.5177 0.00700883 192126 0.150603
46.7365 0.0069778 193562 0.149936
46.9554 0.0069284 196176 0.148875
47.1763 0.00689621 200130 0.148183
47.3979 0.00681694 201326 0.14648
47.6197 0.00675122 204972 0.145068
47.8437 0.00667739 208406 0.143481
48.0672 0.00661513 208362 0.142143
48.2937 0.00659564 217662 0.141725
48.5225 0.00652685 217124 0.140246
48.7491 0.00648461 217446 0.139339
48.9778 0.00643124 224690 0.138192
49.2073 0.00636153 224058 0.136694
49.4385 0.00633768 231848 0.136182
49.6727 0.00623268 233994 0.133925
49.9056 0.00617433 234198 0.132672
50.1391 0.00614639 239708 0.132071
50.3754 0.00608421 243630 0.130735
50.6128 0.00602892 247010 0.129547
50.8493 0.00599481 246414 0.128814
51.0868 0.00592793 253772 0.127377
51.327 0.00585909 256902 0.125898
51.5685 0.00583266 261066 0.12533
51.8119 0.00579233 265958 0.124463
52.0548 0.00574778 265098 0.123506
52.2978 0.00570112 271424 0.122503
52.5441 0.00562243 276858 0.120813
52.7923 0.00559142 281186 0.120146
53.0408 0.00554249 282918 0.119095
53.2887 0.0054964 285146 0.118105
53.5387 0.00545241 293280 0.117159
53.7907 0.00539979 294602 0.116029
54.0436 0.00536104 301278 0.115196
54.2977 0.00531978 302954 0.114309
54.5519 0.0052408 307674 0.112612
54.8068 0.00525901 310560 0.113004
55.0651 0.00516469 320834 0.110977
55.3252 0.00515453 321582 0.110759
55.5848 0.00509729 325226 0.109529
55.8457 0.00506419 331422 0.108817
56.1082 0.00501373 335066 0.107733
56.3718 0.00497791 341340 0.106963
56.636 0.00494834 342038 0.106328
56.9014 0.00488324 351354 0.104929
57.1695 0.00483928 355478 0.103985
57.4384 0.00479324 360066 0.102995
57.7081 0.00474519 364634 0.101963
57.9785 0.00470531 369072 0.101106
58.2513 0.00468778 377642 0.100729
58.5263 0.00465513 382074 0.100028
58.8009 0.00460675 384014 0.098988
59.0769 0.00455841 393066 0.0979493
59.3537 0.0045093 393950 0.0968942
59.632 0.00447407 404154 0.096137
59.9128 0.00444968 409178 0.0956131
60.1941 0.004413 413334 0.0948248
60.4769 0.00435743 421196 0.0936309
60.7603 0.00432814 422658 0.0930013
61.0455 0.0043059 434990 0.0925236
61.333 0.00425006 437442 0.0913238
61.6205 0.0042013 443066 0.0902758
61.91 0.00417618 452150 0.0897362
62.2007 0.00415223 455538 0.0892215
62.4924 0.00412408 463382 0.0886166
62.7855 0.00409072 468666 0.0878998
63.0808 0.00405236 479642 0.0870756
63.3779 0.00400519 482814 0.086062
63.675 0.00398288 489386 0.0855825
63.9742 0.00394519 498642 0.0847728
64.275 0.00390624 503450 0.0839359
64.5769 0.00388022 512838 0.0833766
64.8803 0.00384916 517586 0.0827092
65.1844 0.00379995 524372 0.0816519
65.4902 0.00377009 534270 0.0810103
65.7979 0.00374106 540386 0.0803865
66.1075 0.00370277 550938 0.0795638
66.418 0.00367456 554270 0.0789574
66.7296 0.0036435 564978 0.0782901
67.0437 0.0036127 574370 0.0776284
67.359 0.00356897 579614 0.0766886
67.6749 0.00355815 587778 0.0764562
67.9926 0.00351433 596978 0.0755145
68.3122 0.00347992 606570 0.0747752
68.6334 0.00346292 613982 0.0744098
68.9554 0.00344544 621200 0.0740344
69.2789 0.00340493 631386 0.0731638
69.6042 0.00337799 640418 0.0725849
69.9318 0.00335413 651870 0.0720722
70.2607 0.00332682 657770 0.0714855
70.5901 0.00328803 667082 0.0706519
70.9211 0.00326227 675810 0.0700984
71.2543 0.00322648 689318 0.0693294
71.59 0.00321388 698754 0.0690586
71.9268 0.00317628 706922 0.0682507
72.2644 0.00315465 715562 0.0677859
72.6038 0.00311244 727662 0.0668789
72.9444 0.00309029 734426 0.0664031
73.2859 0.0030608 745746 0.0657692
73.6302 0.00304341 759698 0.0653956
73.9762 0.00301137 768140 0.0647072
74.3233 0.00298058 778770 0.0640455
74.6733 0.00296056 795842 0.0636154
75.0246 0.00293211 799442 0.063004
75.377 0.00290835 816042 0.0624936
75.731 0.00287586 822038 0.0617953
76.0864 0.00286376 837722 0.0615354
76.4436 0.00283511 846330 0.0609197
76.8023 0.00281126 860768 0.0604074
77.1634 0.00279088 873722 0.0599694
77.5261 0.00276529 885438 0.0594195
77.8907 0.00274661 898730 0.0590182
78.2565 0.00271824 908402 0.0584084
78.6236 0.00269456 923226 0.0578996
78.9927 0.00267457 933944 0.0574701
79.3633 0.00264435 949730 0.0568207
79.7358 0.00263041 961278 0.0565212
80.111 0.00260727 981218 0.0560239
80.488 0.00259082 989186 0.0556705
80.8652 0.0025633 1001016 0.0550792
81.2446 0.00253697 1019138 0.0545135
81.6263 0.00251731 1032842 0.054091
82.0093 0.00249049 1045394 0.0535148
82.3948 0.00246878 1066230 0.0530482
82.7823 0.00245026 1075496 0.0526503
83.1703 0.00242776 1090154 0.0521669
83.5609 0.00241061 1110378 0.0517982
83.9539 0.00238515 1124666 0.0512513
84.3485 0.00236809 1139624 0.0508847
84.7448 0.00234688 1157114 0.0504287
85.1429 0.00232513 1171434 0.0499616
85.5426 0.00230105 1188494 0.0494441
85.9444 0.00227971 1205504 0.0489856
86.3487 0.00226156 1226594 0.0485956
86.7542 0.00224237 1235562 0.0481832
87.1612 0.00222063 1259120 0.0477161
87.5707 0.00219998 1274498 0.0472723
87.9822 0.00218855 1295594 0.0470268
88.3953 0.0021619 1308312 0.046454
88.8105 0.00215044 1333922 0.0462078
89.2281 0.00212776 1348418 0.0457205
89.6468 0.00211097 1366112 0.0453598
90.0678 0.00209145 1389738 0.0449403
90.4912 0.00206922 1407458 0.0444627
90.9162 0.00205838 1426520 0.0442297
91.3433 0.00204681 1448810 0.0439811
91.7723 0.0020296 1465802 0.0436112
92.203 0.00200944 1488456 0.0431781
92.6362 0.00198892 1510766 0.0427372
93.0711 0.00196535 1528298 0.0422307
93.5078 0.00195047 1552784 0.041911
93.9477 0.00193612 1579538 0.0416027
94.3895 0.00191999 1595784 0.041256
94.8326 0.00190344 1619930 0.0409005
95.2774 0.00188701 1637186 0.0405473
95.7247 0.00187076 1669616 0.0401981
96.1751 0.00185153 1691834 0.0397849
96.6264 0.00183695 1706952 0.0394716
97.0796 0.00181778 1739630 0.0390598
97.5363 0.00180417 1765064 0.0387674
97.9942 0.00178825 1783538 0.0384251
98.4548 0.00177158 1817480 0.038067
98.9176 0.00175725 1837034 0.0377591
99.3825 0.00174086 1866512 0.037407
99.8492 0.00173084 1888242 0.0371916
100.318 0.00171476 1917056 0.036846
100.789 0.00169703 1941554 0.0364652
101.263 0.00168284 1978040 0.0361602
101.739 0.00166524 1997426 0.035782
102.216 0.00164928 2029256 0.0354392
102.696 0.00163522 2056370 0.035137
103.179 0.00162147 2084000 0.0348416
103.663 0.00160818 2117778 0.034556
104.15 0.00159202 2143952 0.0342086
104.639 0.00157956 2175614 0.0339409
105.131 0.00156694 2206400 0.0336698
105.624 0.00155432 2233970 0.0333987
106.12 0.00154143 2276456 0.0331216
106.619 0.00152664 2301848 0.0328039
107.12 0.00151233 2332922 0.0324964
107.623 0.00150006 2366960 0.0322327
108.128 0.00148637 2397698 0.0319386
108.636 0.00147392 2436644 0.031671
109.147 0.00146195 2472608 0.0314138
109.659 0.00144856 2503050 0.0311261
110.174 0.00143433 2535392 0.0308204
110.692 0.00142156 2581088 0.0305459
111.212 0.00140747 2612762 0.0302432
111.734 0.00139588 2647964 0.0299941
112.259 0.00138603 2687216 0.0297826
112.786 0.00137203 2724434 0.0294817
113.316 0.00136443 2765840 0.0293183
113.849 0.0013532 2798504 0.0290771
114.383 0.0013388 2841326 0.0287675
114.92 0.00132723 2886128 0.028519
115.46 0.00131655 2920808 0.0282896
116.003 0.00130391 2967536 0.0280179
116.547 0.00129472 3000674 0.0278204
117.094 0.00128171 3050324 0.027541
117.645 0.00126966 3094664 0.0272819
118.197 0.00125911 3136016 0.0270553
118.752 0.00124788 3179546 0.026814
119.31 0.00123655 3227060 0.0265705
119.871 0.00122562 3271832 0.0263357
120.434 0.00121366 3315440 0.0260787
120.999 0.00120595 3363800 0.0259129
121.568 0.0011953 3414158 0.0256841
122.139 0.00118429 3459752 0.0254476
122.712 0.00117508 3508864 0.0252496
123.289 0.00116482 3560804 0.0250292
123.868 0.00115289 3608912 0.0247729
124.45 0.00114278 3660608 0.0245556
125.034 0.0011346 3707846 0.0243798
125.621 0.00112292 3769664 0.0241288
126.212 0.001112 3822920 0.0238942
126.805 0.00110444 3863564 0.0237318
127.4 0.00109341 3930704 0.0234948
127.999 0.00108429 3986168 0.0232988
128.6 0.0010735 4034228 0.023067
129.203 0.00106434 4090816 0.0228702
129.81 0.00105486 4160360 0.0226664
130.42 0.00104531 4213436 0.0224612
131.033 0.00103656 4270976 0.0222731
131.648 0.00102527 4332308 0.0220305
132.267 0.00101851 4395896 0.0218853
132.888 0.00100836 4454378 0.0216673
133.512 0.000998967 4517036 0.0214654
134.139 0.000991498 4588552 0.0213049
134.769 0.000981458 4651316 0.0210892
135.402 0.000974185 4711190 0.0209329
136.038 0.000966384 4782704 0.0207653
136.677 0.000958553 4849964 0.020597
137.319 0.000948825 4917080 0.020388
137.964 0.000941928 4985260 0.0202398
138.612 0.000932371 5060456 0.0200344
139.263 0.000924054 5127788 0.0198557
139.917 0.000917347 5201672 0.0197116
140.575 0.000909367 5278196 0.0195401
141.235 0.000901727 5350384 0.019376
141.898 0.000894488 5423492 0.0192204
142.565 0.00088614 5504720 0.019041
143.235 0.000879962 5581268 0.0189083
143.907 0.000871579 5659270 0.0187281
144.583 0.000862914 5736332 0.018542
145.262 0.000857332 5823104 0.018422
145.945 0.000848699 5909900 0.0182365
146.631 0.000842524 5986168 0.0181038
147.319 0.000835975 6064034 0.0179631
148.01 0.000828358 6162248 0.0177994
148.706 0.000821315 6249932 0.0176481
149.405 0.000813975 6331588 0.0174904
150.107 0.000805879 6424736 0.0173164
150.812 0.000799345 6515066 0.017176
151.52 0.00079202 6607552 0.0170186
152.231 0.000785803 6691412 0.016885
152.946 0.000779466 6796676 0.0167489
153.665 0.00077265 6894838 0.0166024
154.387 0.0007656 6983324 0.0164509
155.112 0.000759029 7094120 0.0163097
155.84 0.000752818 7182634 0.0161763
156.572 0.000747187 7295588 0.0160553
157.308 0.000739152 7389992 0.0158826
158.047 0.000733568 7499434 0.0157626
158.789 0.000727094 7606244 0.0156235
159.535 0.000721738 7703654 0.0155084
160.284 0.000715639 7823908 0.0153774
161.037 0.000709234 7933148 0.0152397
161.793 0.000702427 8035210 0.0150935
162.553 0.000695989 8168648 0.0149551
163.317 0.000690089 8270402 0.0148284
164.085 0.000684575 8396284 0.0147099
164.855 0.000677922 8496608 0.0145669
165.629 0.000672662 8636482 0.0144539
166.407 0.000667649 8744780 0.0143462
167.189 0.000663455 8878274 0.0142561
167.974 0.000656886 8998288 0.0141149
168.763 0.000652175 9127058 0.0140137
169.555 0.000646383 9258676 0.0138892
170.352 0.000640042 9394994 0.013753
171.152 0.000634997 9518530 0.0136446
171.956 0.000629672 9652352 0.0135301
172.764 0.000623698 9800506 0.0134018
173.576 0.000618688 9929156 0.0132941
174.391 0.000613452 10079002 0.0131816
175.21 0.000609273 10202930 0.0130918
176.032 0.000603808 10362148 0.0129744
176.86 0.000600239 10508450 0.0128977
177.69 0.000594912 10647784 0.0127832
178.525 0.000590922 10817954 0.0126975
179.364 0.00058569 10950034 0.0125851
180.206 0.00058101 11116484 0.0124845
181.053 0.000575864 11277610 0.012374
181.903 0.000571588 11430154 0.0122821
182.757 0.000566372 11580074 0.01217
183.615 0.000561536 11759140 0.0120661
184.478 0.00055743 11924378 0.0119778
185.344 0.00055354 12099850 0.0118943
186.215 0.000549415 12260050 0.0118056
187.09 0.000544398 12439484 0.0116978
187.968 0.000540322 12606226 0.0116102
188.851 0.000535797 12800474 0.011513
189.739 0.000532001 12964258 0.0114314
190.629 0.000528378 13155874 0.0113536
191.525 0.000523748 13345394 0.0112541
192.424 0.000519337 13525540 0.0111593
193.328 0.000515382 13730122 0.0110743
194.237 0.000511966 13917890 0.0110009
195.149 0.000507437 14114938 0.0109036
196.066 0.000504497 14316682 0.0108404
196.987 0.000500377 14520626 0.0107519
197.912 0.000497104 14708962 0.0106816
198.841 0.00049306 14936002 0.0105947
199.775 0.000489971 15141986 0.0105283
200.714 0.000486495 15366994 0.0104536
201.657 0.000483332 15563242 0.0103857
202.604 0.000479715 15794614 0.0103079
203.555 0.000476438 16021226 0.0102375
204.511 0.000473024 16238338 0.0101642
205.472 0.000469864 16476706 0.0100963
206.437 0.00046695 16717282 0.0100336
207.407 0.000464081 16935730 0.009972
208.381 0.000461099 17183270 0.00990793
209.36 0.000458216 17431546 0.00984597
210.343 0.000455442 17672128 0.00978637
211.331 0.000453324 17929450 0.00974086
212.324 0.000450689 18181246 0.00968424
213.321 0.00044785 18436154 0.00962323
214.323 0.00044528 18688066 0.009568
215.33 0.000443223 18966160 0.0095238
216.341 0.000440248 19228342 0.00945988
217.357 0.000438538 19497994 0.00942313
218.378 0.000436759 19789402 0.0093849
219.404 0.000434529 20048224 0.00933699
220.434 0.000432759 20340694 0.00929895
221.47 0.000430917 20631698 0.00925939
222.51 0.000428835 20920738 0.00921463
223.555 0.000427274 21224764 0.0091811
224.605 0.000425657 21524794 0.00914636
225.66 0.000423871 21819694 0.00910799
226.72 0.000422929 22136776 0.00908773
227.785 0.000421582 22446490 0.0090588
228.855 0.000420327 22753708 0.00903183
229.93 0.000420034 23092930 0.00902553
231.01 0.000418881 23405020 0.00900076
232.095 0.000418103 23744914 0.00898404
233.185 0.00041735 24090094 0.00896785
234.281 0.000416458 24416584 0.00894869
235.381 0.000416443 24763822 0.00894837
236.486 0.000416178 25116112 0.00894267
237.597 0.000416276 25474348 0.00894477
238.713 0.000416586 25839802 0.00895144
239.835 0.000416887 26191732 0.00895791
240.961 0.000417174 26563339 0.00896407
242.092 0.000415255 26678128 0.00892284
243.229 0.000412794 26655828 0.00886996
244.371 0.000409895 26675140 0.00880766
245.519 0.000406987 26644864 0.00874519
246.672 0.000404641 26631640 0.00869478
247.831 0.000401718 26619904 0.00863196
248.995 0.00039915 26596180 0.00857679
250.164 0.000396686 26557060 0.00852383
251.339 0.000394024 26532520 0.00846664
252.52 0.000391721 26493240 0.00841714
253.706 0.000389245 26453764 0.00836395
254.898 0.000387037 26412544 0.00831651
256.095 0.000384688 26360476 0.00826603
257.298 0.000383115 26299600 0.00823222
258.506 0.000380887 26254092 0.00818436
259.72 0.000378728 26178916 0.00813796
260.94 0.000376877 26116096 0.0080982
262.166 0.000374944 26040928 0.00805664
263.398 0.000373121 25967736 0.00801749
264.635 0.000371288 25862260 0.0079781
265.878 0.000369696 25796416 0.00794389
267.127 0.000367958 25689396 0.00790654
268.381 0.000366092 25577176 0.00786644
269.641 0.00036466 25489588 0.00783567
270.908 0.000363056 25373328 0.00780121
272.181 0.000361783 25250224 0.00777386
273.459 0.000360575 25122124 0.0077479
274.744 0.000358678 24990660 0.00770714
276.034 0.000357681 24856192 0.0076857
277.331 0.000356426 24706228 0.00765874
278.633 0.000355192 24558204 0.00763222
279.942 0.00035428 24392068 0.00761264
281.256 0.0003531 24237480 0.00758727
282.578 0.000351951 24064336 0.00756258
283.905 0.000351271 23876980 0.00754797
285.238 0.000350074 23697324 0.00752225
286.578 0.0003493 23498488 0.00750563
287.924 0.000348962 23292324 0.00749836
289.276 0.000348226 23100964 0.00748255
290.635 0.000347476 22862988 0.00746643
292 0.000347085 22634848 0.00745803
293.371 0.000347182 22410012 0.00746011
294.749 0.000346736 22160572 0.00745053
296.134 0.000346823 21915600 0.00745241
297.525 0.000346415 21645516 0.00744364
298.922 0.000346289 21372232 0.00744092
300.326 0.000346464 21101172 0.00744469
301.737 0.000346787 20815564 0.00745163
303.154 0.000346705 20504628 0.00744986
304.578 0.000347238 20204736 0.00746132
306.008 0.000348097 19883356 0.00747978
307.446 0.000348722 19552848 0.00749321
308.89 0.000349882 19217196 0.00751813
310.34 0.000350774 18861736 0.00753729
311.798 0.000351761 18502836 0.00755851
313.262 0.000352954 18135780 0.00758413
314.734 0.000354383 17749600 0.00761485
316.212 0.000356104 17354232 0.00765183
317.697 0.000357847 16953228 0.00768928
319.189 0.000359935 16529656 0.00773414
320.688 0.000361725 16099164 0.0077726
322.194 0.000364105 15659388 0.00782374
323.707 0.000366046 15207864 0.00786545
325.228 0.000368654 14736132 0.0079215
326.755 0.00037074 14255596 0.00796632
328.29 0.000372928 13762332 0.00801332
329.831 0.000374932 13252296 0.0080564
331.38 0.00037736 12731268 0.00810857
332.936 0.000379328 12198720 0.00815085
334.5 0.000380685 11649660 0.00818002
336.07 0.00038164 11081952 0.00820053
337.648 0.000380924 10500652 0.00818516
339.233 0.000379959 9911376 0.00816441
340.826 0.000377583 9301473 0.00811336
342.428 0.000374507 8737218 0.00804727
344.037 0.000373808 8239530 0.00803223
345.653 0.000373298 7788972 0.00802128
347.276 0.000372767 7357452 0.00800987
348.907 0.000373133 6958434 0.00801775
350.546 0.000373533 6572454 0.00802634
352.193 0.000374199 6204966 0.00804064
353.846 0.000376101 5851524 0.00808151
355.508 0.000377871 5518854 0.00811955
357.178 0.000379677 5192928 0.00815835
358.855 0.000381272 4883690 0.00819263
360.541 0.000384159 4585122 0.00825465
362.234 0.000386966 4294452 0.00831497
363.936 0.000390647 4020870 0.00839408
365.645 0.000395158 3750774 0.008491
367.362 0.000398778 3496122 0.00856879
369.087 0.000403729 3250038 0.00867518
370.821 0.000407805 3010904 0.00876276
372.561 0.000414199 2783520 0.00890014
374.311 0.000420262 2566482 0.00903042
376.069 0.000426734 2355504 0.00916949
377.834 0.000433478 2154350 0.00931442
379.608 0.000442046 1964322 0.0094985
381.39 0.000451106 1782180 0.00969319
383.182 0.00046164 1608354 0.00991954
384.981 0.000472007 1442012 0.0101423
386.789 0.000484582 1285878 0.0104125
388.604 0.000494872 1137636 0.0106336
390.428 0.000511116 999476 0.0109827
392.259 0.000526662 867846 0.0113167
394.098 0.000542137 746768 0.0116492
395.947 0.000559702 636276 0.0120267
397.808 0.000581496 532566 0.012495
399.672 0.000598711 435044 0.0128649
401.544 0.000626327 351690 0.0134583
403.43 0.000651704 275630 0.0140036
405.315 0.000684338 204876 0.0147048
407.208 0.000713516 150770 0.0153318
409.126 0.000740975 100542 0.0159218
411.007 0.000783142 59294 0.0168279
412.885 0.000825282 32538 0.0177333
414.786 0.000850304 11726 0.018271
416.481 0.000965684 1560 0.0207502
417.899 0.00598749 1 0.128657
