# in Mpc/h Units 
# D1 = 0.185087 
# k P N P(z=0)
0.314159 30.6311 6 894.15
0.444288 16.0845 12 469.522
0.54414 10.6118 8 309.769
0.628319 7.30298 6 213.181
0.702481 5.14959 24 150.321
0.76953 4.83591 24 141.165
0.888577 3.41207 12 99.6014
0.942478 3.44487 30 100.559
0.993459 2.30514 24 67.2893
1.04195 2.47519 24 72.253
1.08828 2.48856 8 72.6435
1.13272 1.70185 24 49.6787
1.17548 1.9004 48 55.4745
1.25664 1.72399 6 50.3248
1.29531 1.51555 48 44.2404
1.33286 1.20584 36 35.1995
1.36939 1.41314 24 41.2507
1.40496 1.82851 24 53.3759
1.43966 1.10818 48 32.3488
1.47354 1.20174 24 35.08
1.53906 1.23654 24 36.0956
1.5708 1.0609 30 30.9686
1.6019 0.952327 72 27.7993
1.63242 0.851293 32 24.85
1.6918 0.722824 72 21.0999
1.72072 1.15048 48 33.5837
1.77715 1.09339 12 31.917
1.80471 0.900379 48 26.2829
1.83185 0.720066 48 21.0194
1.85859 0.687219 48 20.0606
1.88496 0.484352 30 14.1387
1.91096 0.460098 24 13.4307
1.93661 0.627624 72 18.3209
1.98692 0.488776 24 14.2678
2.0116 0.711366 96 20.7654
2.03598 0.617138 48 18.0149
2.06008 0.526519 24 15.3696
2.0839 0.521832 24 15.2328
2.10744 0.548949 72 16.0243
2.13073 0.5676 48 16.5688
2.17656 0.237378 8 6.92928
2.19911 0.447296 54 13.057
2.22144 0.431873 84 12.6068
2.24355 0.466601 48 13.6205
2.26543 0.521343 24 15.2185
2.28711 0.490328 72 14.3131
2.30859 0.523566 96 15.2834
2.35095 0.335481 48 9.79299
2.37185 0.520948 48 15.207
2.39257 0.529527 24 15.4574
2.4131 0.339114 72 9.89904
2.45366 0.474571 72 13.8532
2.47369 0.39925 96 11.6545
2.51327 0.369034 6 10.7724
2.53283 0.364817 96 10.6493
2.55224 0.458579 96 13.3863
2.5715 0.38901 24 11.3556
2.59062 0.397708 48 11.6095
2.6096 0.407976 96 11.9092
2.62844 0.434568 48 12.6854
2.66573 0.433007 36 12.6399
2.68418 0.342082 48 9.9857
2.7025 0.336095 120 9.81093
2.7207 0.285007 56 8.31961
2.73878 0.300544 24 8.77315
2.75674 0.232424 96 6.78467
2.77458 0.356915 48 10.4187
2.80993 0.330576 24 9.64983
2.82743 0.314338 102 9.17582
2.84483 0.315289 48 9.20357
2.86213 0.272906 72 7.96639
2.87932 0.287982 48 8.40646
2.89641 0.238575 48 6.96422
2.91339 0.321084 120 9.37274
2.94708 0.206329 24 6.02294
2.96377 0.284944 144 8.31777
2.98038 0.313654 120 9.15584
2.99689 0.259704 48 7.58102
3.02964 0.267199 48 7.79979
3.04589 0.252235 96 7.36298
3.07812 0.214453 24 6.2601
3.09411 0.280832 48 8.19776
3.11002 0.269483 108 7.86646
3.12585 0.211348 72 6.16944
3.14159 0.214742 30 6.26851
3.15726 0.288837 168 8.43143
3.17285 0.382074 48 11.1531
3.20381 0.237167 72 6.92314
3.21917 0.214359 96 6.25735
3.23447 0.236229 72 6.89576
3.24969 0.250095 72 7.3005
3.26484 0.236015 32 6.88949
3.27992 0.190513 72 5.56125
3.29493 0.28031 144 8.18252
3.33956 0.24847 96 7.25308
3.3543 0.15868 96 4.63201
3.36898 0.18342 48 5.3542
3.3836 0.240382 72 7.01698
3.39815 0.254195 120 7.42018
3.41264 0.286201 72 8.35447
3.44144 0.196933 48 5.74866
3.45575 0.225757 78 6.59006
3.47 0.190942 120 5.57378
3.48419 0.221321 48 6.46056
3.51241 0.165294 144 4.82508
3.52643 0.194878 144 5.68866
3.55431 0.162934 12 4.75618
3.56816 0.23632 144 6.8984
3.58197 0.287425 48 8.39021
3.59963 0.190383 168 5.55746
3.62306 0.202303 48 5.90543
3.63666 0.203075 168 5.92796
3.67266 0.195068 144 5.69421
3.69054 0.20247 96 5.9103
3.70388 0.158373 72 4.62306
3.71718 0.149307 48 4.3584
3.73484 0.196323 144 5.73086
3.76991 0.184071 30 5.37322
3.79166 0.183873 288 5.36742
3.80898 0.203226 56 5.93237
3.83319 0.176063 192 5.13944
3.84765 0.199 120 5.80898
3.8817 0.194148 216 5.66736
3.89861 0.172479 96 5.03483
3.91125 0.12813 96 3.74023
3.9364 0.183523 72 5.35721
3.94892 0.19689 96 5.74739
3.97384 0.170015 24 4.96291
3.99068 0.15785 300 4.60778
4.01092 0.140387 24 4.09802
4.02933 0.171301 192 5.00045
4.04766 0.194088 120 5.66562
4.07197 0.102778 48 3.00018
4.0919 0.156542 222 4.56962
4.10817 0.147505 120 4.30581
4.13063 0.168174 192 4.90915
4.14405 0.163492 144 4.7725
4.16779 0.134705 24 3.93216
4.18748 0.143168 144 4.17921
4.20316 0.172415 120 5.03296
4.2222 0.170284 192 4.97075
4.23824 0.151037 144 4.4089
4.26146 0.135242 48 3.94784
4.27797 0.154778 336 4.51813
4.29606 0.119159 48 3.47836
4.32126 0.140267 240 4.09452
4.35312 0.156102 8 4.55677
4.36444 0.14833 48 4.32989
4.37895 0.135007 336 3.94097
4.40596 0.140329 174 4.09632
4.42061 0.134081 120 3.91394
4.44989 0.140528 228 4.10214
4.47135 0.150558 168 4.39492
4.49441 0.156755 144 4.57584
4.50903 0.131977 240 3.85253
4.53087 0.149271 24 4.35737
4.54485 0.147407 336 4.30294
4.56883 0.109681 144 3.2017
4.58961 0.123209 168 3.59658
4.61718 0.134172 96 3.91661
4.63377 0.130611 216 3.81266
4.66325 0.127723 288 3.72836
4.68087 0.145111 144 4.23594
4.70985 0.140731 198 4.10808
4.72865 0.0997997 216 2.91325
4.75112 0.138656 168 4.04749
4.76446 0.119172 240 3.47874
4.79396 0.143442 168 4.18719
4.81157 0.110867 336 3.23633
4.8405 0.129532 240 3.78115
4.8819 0.111712 276 3.26099
4.90919 0.136511 344 3.98487
4.9274 0.102109 144 2.98066
4.95336 0.12242 240 3.57355
4.97264 0.118804 312 3.468
5.0049 0.122296 240 3.56992
5.02655 0.0741445 6 2.16435
5.04369 0.125186 384 3.6543
5.0724 0.106156 312 3.0988
5.09618 0.116035 168 3.38718
5.12103 0.129197 336 3.77137
5.14917 0.10611 336 3.09746
5.16216 0.119443 192 3.48665
5.19393 0.110261 288 3.21863
5.21395 0.0928497 216 2.71037
5.23525 0.0967073 240 2.82298
5.26744 0.10179 384 2.97133
5.28498 0.107159 72 3.12807
5.3076 0.112327 336 3.27894
5.34569 0.103323 378 3.01609
5.36222 0.0840853 144 2.45453
5.38155 0.0941226 384 2.74753
5.41298 0.0904709 384 2.64093
5.43886 0.102455 344 2.99077
5.45951 0.0874844 144 2.55375
5.49081 0.0964073 456 2.81422
5.51553 0.0879395 312 2.56704
5.53728 0.0890081 144 2.59823
5.56768 0.10145 552 2.96143
5.59826 0.103209 264 3.01278
5.62783 0.091495 264 2.67083
5.64631 0.092452 294 2.69876
5.66891 0.0981115 432 2.86397
5.69929 0.0859706 432 2.50956
5.72582 0.0767128 264 2.23932
5.74576 0.0772585 192 2.25525
5.77837 0.0837398 468 2.44444
5.80465 0.0909493 552 2.65489
5.83524 0.0792502 336 2.31339
5.86196 0.0790502 288 2.30755
5.88885 0.0835199 456 2.43802
5.91828 0.0877036 432 2.56015
5.93942 0.0843013 168 2.46083
5.97346 0.0794616 566 2.31956
6.00383 0.0790854 432 2.30858
6.03753 0.0782678 432 2.28471
6.05765 0.0805134 360 2.35026
6.08553 0.0862029 624 2.51634
6.11016 0.0703608 264 2.0539
6.1359 0.0807789 360 2.35801
6.17267 0.0749898 456 2.18902
6.19846 0.0845037 504 2.46674
6.23352 0.0726574 564 2.12094
6.26302 0.072215 384 2.10802
6.29378 0.0832066 462 2.42888
6.32143 0.0788073 624 2.30046
6.35606 0.0739694 432 2.15924
6.38387 0.0775117 624 2.26264
6.4159 0.079592 312 2.32336
6.44034 0.0758368 552 2.21375
6.47521 0.0721285 408 2.1055
6.4939 0.0813837 600 2.37567
6.53503 0.0711482 608 2.07688
6.56485 0.0672703 504 1.96368
6.59664 0.0682924 510 1.99352
6.62898 0.0661692 600 1.93154
6.66071 0.0669102 492 1.95317
6.68361 0.0672441 552 1.96292
6.72229 0.0660775 696 1.92886
6.74598 0.0621455 504 1.81409
6.77945 0.0617432 528 1.80234
6.80746 0.0656929 624 1.91764
6.83939 0.0657716 504 1.91994
6.87445 0.0623822 552 1.82099
6.90783 0.0610871 654 1.78319
6.93959 0.0647884 840 1.89123
6.97409 0.0687032 744 2.00551
7.00741 0.064294 456 1.8768
7.03677 0.0628574 648 1.83487
7.0753 0.064531 896 1.88372
7.10524 0.06557 396 1.91405
7.13632 0.0612327 816 1.78744
7.17401 0.0538293 672 1.57133
7.20038 0.0622911 552 1.81834
7.23702 0.0643736 894 1.87913
7.27234 0.0665757 672 1.94341
7.30559 0.0540035 624 1.57641
7.33921 0.0600889 888 1.75405
7.3688 0.0583348 720 1.70285
7.40895 0.0556726 936 1.62513
7.44885 0.0556127 648 1.62339
7.48186 0.0585032 936 1.70776
7.51427 0.0626581 696 1.82905
7.55531 0.0614848 618 1.7948
7.58487 0.0534602 1008 1.56055
7.61849 0.0612645 872 1.78837
7.65737 0.0591188 960 1.72573
7.69668 0.0546312 888 1.59474
7.72847 0.0547277 648 1.59755
7.76442 0.0559041 840 1.63189
7.79705 0.0516986 912 1.50913
7.83408 0.0544773 774 1.59024
7.87257 0.0556329 1272 1.62398
7.91246 0.0539502 912 1.57486
7.95094 0.0551907 864 1.61107
7.98724 0.0509242 924 1.48653
8.02142 0.0525358 1080 1.53357
8.06273 0.0540244 1008 1.57702
8.09946 0.0481027 1128 1.40416
8.14393 0.0469836 768 1.37149
8.17502 0.0502249 1046 1.46611
8.2152 0.0516434 1152 1.50752
8.25601 0.0493676 1272 1.44109
8.29592 0.048783 912 1.42402
8.33191 0.0494557 1200 1.44366
8.37325 0.0466283 1080 1.36112
8.40498 0.0510823 840 1.49114
8.45084 0.0467763 1332 1.36544
8.48913 0.047932 1062 1.39918
8.52681 0.0455576 1320 1.32987
8.571 0.0449148 1248 1.31111
8.60833 0.0498618 1104 1.45551
8.65005 0.0454472 1392 1.32665
8.68693 0.0458908 776 1.3396
8.73005 0.0428096 1728 1.24965
8.77244 0.0455385 1224 1.32931
8.81651 0.0391955 1254 1.14415
8.85893 0.0421701 1368 1.23098
8.89912 0.0408993 1236 1.19389
8.93741 0.0420623 1608 1.22784
8.98308 0.0436045 1008 1.27286
9.01647 0.0428339 1488 1.25036
9.0649 0.0445015 1440 1.29904
9.10803 0.043859 1158 1.28028
9.14809 0.0406514 1824 1.18665
9.19097 0.0426629 1464 1.24537
9.23816 0.0381169 1448 1.11267
9.27848 0.0416282 1560 1.21517
9.32418 0.0405052 1428 1.18238
9.36737 0.0414878 1680 1.21107
9.41383 0.0383049 1494 1.11816
9.45819 0.0396462 1944 1.15731
9.50417 0.0408938 1368 1.19373
9.54561 0.0402176 1584 1.17399
9.58954 0.040148 1776 1.17196
9.63134 0.040747 1440 1.18944
9.67749 0.041126 1968 1.20051
9.72378 0.0388642 1374 1.13448
9.76914 0.0378217 2100 1.10405
9.81572 0.0389263 1640 1.1363
9.86551 0.0380191 2496 1.10981
9.9123 0.0383417 1248 1.11923
9.94845 0.037483 1512 1.09416
10.0002 0.0382136 2280 1.11549
10.0491 0.0378211 1926 1.10403
10.0953 0.0358786 2064 1.04733
10.1462 0.0379272 1920 1.10713
10.1883 0.0346194 1944 1.01057
10.2408 0.0354589 2172 1.03508
10.2901 0.0367234 2256 1.07199
10.3372 0.0358227 1736 1.0457
10.3847 0.0333704 2094 0.974112
10.433 0.0352639 2328 1.02939
10.4818 0.0356328 2256 1.04016
10.5302 0.0364475 1920 1.06394
10.5776 0.0329132 2520 0.960766
10.6299 0.0343069 2088 1.00145
10.6858 0.032631 2634 0.952531
10.7342 0.0349519 2328 1.02028
10.7818 0.0340768 2304 0.994733
10.835 0.0314384 2568 0.917716
10.8856 0.0349916 2024 1.02144
10.928 0.0324197 2352 0.946361
10.982 0.0323858 2718 0.945372
11.0344 0.0321799 2520 0.939361
11.0896 0.0325302 2772 0.949587
11.1403 0.0308103 2640 0.899381
11.1945 0.0312259 2880 0.911514
11.2496 0.0321807 2448 0.939385
11.2983 0.0306146 2478 0.893669
11.3489 0.0315183 2904 0.920048
11.4036 0.0299429 2816 0.87406
11.4546 0.0310171 3024 0.905417
11.5153 0.0311872 2952 0.910382
11.5679 0.0304182 2796 0.887935
11.6203 0.0288856 2982 0.843197
11.6775 0.0287538 3312 0.83935
11.7301 0.0284122 2688 0.829378
11.7844 0.0291852 3144 0.851944
11.8428 0.0292744 3672 0.854547
11.8939 0.0281904 2328 0.822904
11.9543 0.029085 4046 0.849019
12.0117 0.0291446 2844 0.850758
12.0645 0.0292926 3600 0.85508
12.1216 0.0288095 3264 0.840976
12.1786 0.0282734 3288 0.825327
12.2342 0.0280405 3198 0.818528
12.2899 0.0271171 3864 0.791574
12.3488 0.0265519 3456 0.775074
12.4064 0.026697 3744 0.779311
12.468 0.0270437 3876 0.78943
12.5262 0.0261604 3392 0.763646
12.5835 0.0260721 3918 0.761068
12.6436 0.0274108 3864 0.800147
12.7041 0.0257043 4104 0.750331
12.76 0.026218 3480 0.765327
12.8193 0.0262145 4080 0.765224
12.8832 0.0253078 4170 0.73876
12.9428 0.0255055 4176 0.74453
13.004 0.0258235 4560 0.753811
13.0668 0.0247812 3656 0.723385
13.1234 0.0250627 4344 0.731605
13.1905 0.0246929 4830 0.720809
13.2535 0.0245983 4416 0.718046
13.3128 0.024943 3876 0.72811
13.3711 0.0249349 4752 0.727873
13.438 0.0239659 4968 0.699588
13.505 0.0233786 4494 0.682442
13.562 0.0240608 4200 0.702359
13.6284 0.0236775 5792 0.691169
13.6925 0.0240911 4224 0.70324
13.7578 0.0240545 5220 0.702172
13.8214 0.0232908 4590 0.679879
13.8828 0.0242914 5328 0.709088
13.951 0.0239185 5304 0.698202
14.0176 0.0223239 5040 0.651657
14.0783 0.0229656 4920 0.670387
14.1459 0.0225078 5750 0.657024
14.2151 0.021755 5388 0.635049
14.2795 0.022093 5784 0.644915
14.3486 0.0221334 5400 0.646094
14.4152 0.0221349 5640 0.646137
14.4848 0.0220574 5934 0.643877
14.5518 0.0212328 6120 0.619805
14.6213 0.0215059 5544 0.627776
14.6889 0.0211536 6164 0.617495
14.7577 0.0215426 5838 0.628849
14.823 0.0209391 6144 0.611232
14.8954 0.0208993 6288 0.610069
14.9629 0.0207419 6576 0.605476
15.0374 0.0200787 6504 0.586117
15.1094 0.0205013 6594 0.598453
15.1805 0.0205434 7008 0.59968
15.2501 0.0203768 6200 0.594817
15.3206 0.0202694 6768 0.591682
15.3938 0.020039 7182 0.584957
15.4649 0.0201534 6864 0.588296
15.5381 0.0195681 7308 0.57121
15.6102 0.019691 6744 0.574798
15.6826 0.0194509 7686 0.56779
15.7587 0.0195305 7280 0.570114
15.831 0.0196562 7920 0.573784
15.9075 0.0193858 7560 0.565889
15.9799 0.0192329 6948 0.561426
16.0529 0.0189737 8430 0.553859
16.1323 0.0186945 8328 0.545711
16.2083 0.0188556 7824 0.550414
16.284 0.0186306 8160 0.543845
16.3583 0.0183058 8030 0.534365
16.4387 0.018455 9372 0.538718
16.5156 0.0182154 7968 0.531723
16.5913 0.0179087 8568 0.522771
16.6713 0.0181415 8934 0.529568
16.7473 0.0175046 8952 0.510975
16.8262 0.0175368 8880 0.511914
16.9073 0.017465 9548 0.509819
16.987 0.0174616 9126 0.50972
17.0656 0.0174163 9384 0.508399
17.1437 0.0170491 9288 0.49768
17.2234 0.0177053 9792 0.516835
17.3058 0.017002 9570 0.496304
17.3855 0.0174387 10376 0.509053
17.4681 0.016999 10152 0.496216
17.5516 0.0161413 9960 0.471181
17.6323 0.0169841 10782 0.495781
17.7188 0.0165585 10992 0.483359
17.8032 0.0163573 10452 0.477485
17.8848 0.0167485 10806 0.488904
17.9713 0.016051 11312 0.468543
18.0539 0.0164411 11112 0.47993
18.1377 0.0163301 10848 0.476691
18.2224 0.0156403 11394 0.456555
18.3067 0.01568 11952 0.457715
18.3923 0.0159817 11352 0.46652
18.4801 0.0154865 12584 0.452065
18.5699 0.015584 12390 0.454911
18.6572 0.0152878 12252 0.446265
18.7424 0.0152707 12240 0.445767
18.8315 0.0152748 12486 0.445887
18.9182 0.0149191 13080 0.435504
19.007 0.0150401 12968 0.439034
19.0958 0.0145386 12612 0.424396
19.1845 0.0150972 13974 0.4407
19.2771 0.0143957 13944 0.420224
19.3664 0.0144203 12840 0.420941
19.455 0.0143686 14358 0.419431
19.5497 0.0144084 14588 0.420594
19.6422 0.0142799 14688 0.416844
19.733 0.0142648 13560 0.416403
19.8252 0.0139748 15582 0.407937
19.9184 0.0138525 14544 0.404368
20.0117 0.0138029 15420 0.402921
20.1076 0.013969 15614 0.407768
20.1995 0.0137331 14880 0.400883
20.2937 0.0132893 16728 0.387926
20.3922 0.0134009 15690 0.391185
20.4858 0.0134854 16248 0.393652
20.5801 0.013287 16584 0.387861
20.6798 0.013001 16904 0.37951
20.7774 0.0131142 17430 0.382815
20.875 0.0131451 16908 0.383718
20.9715 0.0131023 17640 0.382468
21.072 0.0128366 17550 0.374711
21.17 0.012926 18696 0.377321
21.2704 0.0126977 17792 0.370659
21.3695 0.0128439 18138 0.374927
21.4685 0.0126976 19392 0.370656
21.5707 0.0122729 18768 0.358256
21.671 0.0123992 19038 0.361945
21.7719 0.0122645 19460 0.358013
21.8722 0.012381 19992 0.361413
21.98 0.0120869 21174 0.352827
22.0835 0.0119033 20040 0.347469
22.1864 0.0119588 20628 0.34909
22.2901 0.0119408 20798 0.348563
22.3939 0.0114337 21480 0.333761
22.4995 0.0117099 21792 0.341824
22.6057 0.0114395 21414 0.333931
22.7118 0.0115178 23100 0.336217
22.8187 0.0113242 21992 0.330565
22.9267 0.0113139 23406 0.330262
23.0333 0.0111869 22536 0.326557
23.142 0.0113333 24348 0.330831
23.2521 0.0111486 23598 0.325437
23.3607 0.0111532 24224 0.325573
23.4703 0.0109395 24648 0.319333
23.5813 0.0109977 24618 0.321033
23.6872 0.0108214 24192 0.315887
23.7989 0.0107936 26208 0.315074
23.9113 0.0106211 25790 0.310039
24.0243 0.0105069 26916 0.306706
24.1376 0.0104487 26214 0.305007
24.251 0.0105047 27528 0.306642
24.3653 0.0103256 27720 0.301413
24.4805 0.0104268 27122 0.304368
24.5934 0.010254 28632 0.299324
24.7099 0.0101342 28680 0.295828
24.8261 0.0102955 28722 0.300536
24.9416 0.00996969 30000 0.291025
25.0602 0.0099753 29408 0.291188
25.1775 0.00996014 30678 0.290746
25.2958 0.00982727 30660 0.286867
25.4157 0.00975259 31494 0.284687
25.5352 0.00978982 31448 0.285774
25.6542 0.00962296 32160 0.280903
25.7771 0.00953666 33090 0.278384
25.8975 0.00943017 32664 0.275275
26.0182 0.00941141 32718 0.274728
26.1396 0.00939558 34472 0.274266
26.263 0.00930531 34260 0.271631
26.3857 0.00930254 34302 0.27155
26.5078 0.00911229 35472 0.265996
26.6335 0.00909389 36020 0.265459
26.7594 0.00907905 36942 0.265026
26.885 0.00894331 36360 0.261064
27.0121 0.00879972 38166 0.256872
27.1378 0.00894665 36804 0.261161
27.2642 0.00882669 38864 0.257659
27.3935 0.00874304 39366 0.255217
27.5233 0.00875121 40068 0.255456
27.6514 0.00868462 38910 0.253512
27.7803 0.00867098 41360 0.253114
27.9112 0.00857458 40782 0.2503
28.0415 0.00842795 42204 0.24602
28.1725 0.00843681 41544 0.246278
28.3057 0.00833338 44510 0.243259
28.4397 0.00826314 42948 0.241209
28.5725 0.00830796 44478 0.242517
28.7083 0.00819618 46032 0.239254
28.8439 0.00802218 44402 0.234175
28.977 0.0080658 46320 0.235448
29.1132 0.00797393 46848 0.232767
29.2508 0.00786654 47814 0.229632
29.3881 0.00785547 48260 0.229309
29.5284 0.00787506 49758 0.22988
29.6664 0.00770879 49032 0.225027
29.8052 0.00763057 49770 0.222743
29.9443 0.00759782 51056 0.221787
30.0844 0.00759736 51504 0.221774
30.2265 0.00755429 52866 0.220517
30.3681 0.00755119 52848 0.220426
30.5114 0.00736918 54542 0.215113
30.6547 0.00740566 54276 0.216178
30.7979 0.00733683 55062 0.214169
30.9419 0.00721075 56568 0.210489
31.0885 0.00723172 57266 0.211101
31.2344 0.00713814 58056 0.208369
31.3808 0.00709563 57750 0.207128
31.5277 0.00698242 60380 0.203823
31.6771 0.00697385 60390 0.203573
31.826 0.00690274 61608 0.201497
31.9756 0.0068928 61362 0.201207
32.1255 0.0068152 63752 0.198942
32.277 0.00687967 63528 0.200824
32.4277 0.00679561 64050 0.19837
32.5774 0.0067387 64784 0.196709
32.7324 0.00670174 68814 0.19563
32.8871 0.00663514 66156 0.193686
33.0405 0.00656649 68718 0.191682
33.1949 0.00652608 69104 0.190502
33.3524 0.0064655 71682 0.188734
33.5091 0.00646001 70512 0.188574
33.6653 0.00648866 72278 0.18941
33.8241 0.00642107 74532 0.187437
33.9843 0.00626346 74454 0.182836
34.1435 0.00629173 75540 0.183661
34.3039 0.00628059 76526 0.183336
34.4657 0.00620104 78648 0.181014
34.6274 0.00618217 77370 0.180463
34.7862 0.0061063 78272 0.178249
34.9499 0.00606482 82710 0.177038
35.1157 0.00604297 82146 0.1764
35.2805 0.00599488 83712 0.174996
35.4469 0.00596377 84710 0.174088
35.6137 0.0059104 86172 0.17253
35.7812 0.00580243 86406 0.169378
35.9482 0.00576687 88244 0.16834
36.1176 0.00572495 89670 0.167117
36.2871 0.0057246 90792 0.167107
36.4592 0.00561742 93194 0.163978
36.6302 0.00562699 92352 0.164257
36.8018 0.00557346 94914 0.162695
36.9741 0.00555626 95504 0.162192
37.1476 0.00551393 97230 0.160957
37.3221 0.00546774 98802 0.159608
37.4979 0.00542463 100952 0.15835
37.6734 0.00538241 99990 0.157118
37.8491 0.00535033 103356 0.156181
38.0283 0.00530198 105014 0.15477
38.2074 0.00526452 106548 0.153676
38.3868 0.00521179 106302 0.152137
38.5653 0.00519988 108002 0.151789
38.7463 0.00514188 111696 0.150096
38.9299 0.00514917 112158 0.150309
39.1123 0.00506116 113300 0.14774
39.2962 0.00502879 115302 0.146795
39.4808 0.00495526 117396 0.144649
39.6656 0.00491031 117158 0.143337
39.8521 0.00486388 121470 0.141981
40.0388 0.0048885 120660 0.1427
40.2277 0.00486144 125030 0.14191
40.4172 0.00478481 125388 0.139673
40.6079 0.00475248 128094 0.138729
40.798 0.00474932 127058 0.138637
40.9891 0.00475937 132336 0.13893
41.1824 0.00468888 132006 0.136873
41.3752 0.00465813 134162 0.135975
41.57 0.00461077 137760 0.134593
41.7662 0.00456153 137802 0.133155
41.9607 0.0045293 139016 0.132214
42.1586 0.00451385 144354 0.131763
42.357 0.00445954 142814 0.130178
42.5542 0.00441789 145932 0.128962
42.7541 0.00440082 148206 0.128464
42.9546 0.00437917 150566 0.127832
43.1564 0.00431972 152820 0.126097
43.3597 0.00428665 155142 0.125131
43.5635 0.00425678 157220 0.124259
43.7684 0.00420977 159198 0.122887
43.9736 0.00419107 160994 0.122341
44.1803 0.00416843 164544 0.12168
44.3876 0.00412151 165282 0.120311
44.5959 0.0040796 168350 0.119087
44.8055 0.00407392 171660 0.118921
45.0168 0.00400566 173622 0.116929
45.2281 0.0039904 175034 0.116483
45.4403 0.00398993 178512 0.11647
45.6526 0.00392672 178646 0.114625
45.8674 0.0038966 185466 0.113746
46.0836 0.00389608 185382 0.11373
46.2996 0.00385305 188252 0.112474
46.5177 0.00381439 192126 0.111346
46.7365 0.00377875 193562 0.110305
46.9554 0.00374763 196176 0.109397
47.1763 0.00369894 200130 0.107976
47.3979 0.00369286 201326 0.107798
47.6197 0.00366509 204972 0.106988
47.8437 0.00363221 208406 0.106028
48.0672 0.00362086 208362 0.105696
48.2937 0.00361044 217662 0.105392
48.5225 0.00356077 217124 0.103942
48.7491 0.00353814 217446 0.103282
48.9778 0.00349272 224690 0.101956
49.2073 0.00347765 224058 0.101516
49.4385 0.00342475 231848 0.0999716
49.6727 0.00339832 233994 0.0992001
49.9056 0.00338302 234198 0.0987535
50.1391 0.00336124 239708 0.0981177
50.3754 0.00331658 243630 0.0968142
50.6128 0.00329806 247010 0.0962734
50.8493 0.00327891 246414 0.0957145
51.0868 0.00325009 253772 0.0948733
51.327 0.00322115 256902 0.0940283
51.5685 0.00319477 261066 0.0932585
51.8119 0.00317905 265958 0.0927994
52.0548 0.00313124 265098 0.0914039
52.2978 0.00311196 271424 0.0908412
52.5441 0.0030751 276858 0.089765
52.7923 0.00306604 281186 0.0895006
53.0408 0.00304618 282918 0.0889208
53.2887 0.00301636 285146 0.0880503
53.5387 0.00298963 293280 0.0872701
53.7907 0.00296199 294602 0.0864633
54.0436 0.00295115 301278 0.0861469
54.2977 0.00293443 302954 0.0856588
54.5519 0.00290095 307674 0.0846815
54.8068 0.00288438 310560 0.0841978
55.0651 0.00284425 320834 0.0830262
55.3252 0.00282351 321582 0.0824209
55.5848 0.00279934 325226 0.0817154
55.8457 0.00279304 331422 0.0815313
56.1082 0.00276807 335066 0.0808027
56.3718 0.00273853 341340 0.0799403
56.636 0.00269914 342038 0.0787904
56.9014 0.00270032 351354 0.078825
57.1695 0.00268009 355478 0.0782344
57.4384 0.00264641 360066 0.0772513
57.7081 0.00262207 364634 0.0765408
57.9785 0.00260227 369072 0.0759628
58.2513 0.00258919 377642 0.0755808
58.5263 0.00256996 382074 0.0750197
58.8009 0.00252779 384014 0.0737886
59.0769 0.00250635 393066 0.0731628
59.3537 0.00248858 393950 0.072644
59.632 0.00246321 404154 0.0719035
59.9128 0.00245018 409178 0.071523
60.1941 0.00243403 413334 0.0710516
60.4769 0.00240877 421196 0.0703142
60.7603 0.00238794 422658 0.0697061
61.0455 0.00238363 434990 0.0695804
61.333 0.00235355 437442 0.0687023
61.6205 0.00233652 443066 0.0682051
61.91 0.00231326 452150 0.0675263
62.2007 0.00228912 455538 0.0668217
62.4924 0.00227757 463382 0.0664843
62.7855 0.00225283 468666 0.0657622
63.0808 0.0022343 479642 0.0652214
63.3779 0.00222253 482814 0.0648778
63.675 0.00220523 489386 0.0643727
63.9742 0.00218353 498642 0.0637392
64.275 0.00216429 503450 0.0631778
64.5769 0.00214621 512838 0.0626497
64.8803 0.00212776 517586 0.0621112
65.1844 0.00210888 524372 0.0615603
65.4902 0.00208502 534270 0.0608636
65.7979 0.00206405 540386 0.0602517
66.1075 0.00206101 550938 0.0601629
66.418 0.0020426 554270 0.0596253
66.7296 0.00202208 564978 0.0590263
67.0437 0.0020027 574370 0.0584608
67.359 0.00198628 579614 0.0579815
67.6749 0.0019729 587778 0.0575908
67.9926 0.00195228 596978 0.0569888
68.3122 0.00193226 606570 0.0564044
68.6334 0.00191362 613982 0.0558603
68.9554 0.0019087 621200 0.0557169
69.2789 0.00188987 631386 0.0551672
69.6042 0.0018796 640418 0.0548674
69.9318 0.00186692 651870 0.054497
70.2607 0.00184186 657770 0.0537656
70.5901 0.00182532 667082 0.0532829
70.9211 0.0018132 675810 0.0529292
71.2543 0.001798 689318 0.0524852
71.59 0.00178263 698754 0.0520368
71.9268 0.0017667 706922 0.0515718
72.2644 0.00175242 715562 0.0511548
72.6038 0.00173452 727662 0.0506321
72.9444 0.00172482 734426 0.0503491
73.2859 0.00170922 745746 0.0498939
73.6302 0.00169102 759698 0.0493624
73.9762 0.00168123 768140 0.0490766
74.3233 0.00166626 778770 0.0486396
74.6733 0.0016522 795842 0.0482294
75.0246 0.00163933 799442 0.0478536
75.377 0.00162918 816042 0.0475572
75.731 0.00161285 822038 0.0470806
76.0864 0.00158898 837722 0.0463838
76.4436 0.00158484 846330 0.046263
76.8023 0.00156757 860768 0.0457589
77.1634 0.0015481 873722 0.0451904
77.5261 0.00153939 885438 0.0449361
77.8907 0.00152299 898730 0.0444575
78.2565 0.00150927 908402 0.0440571
78.6236 0.00149545 923226 0.0436534
78.9927 0.00148021 933944 0.0432088
79.3633 0.00146898 949730 0.042881
79.7358 0.00145973 961278 0.0426108
80.111 0.00144563 981218 0.0421993
80.488 0.00143355 989186 0.0418466
80.8652 0.00142055 1001016 0.0414673
81.2446 0.00140952 1019138 0.0411453
81.6263 0.00139446 1032842 0.0407057
82.0093 0.00138641 1045394 0.0404707
82.3948 0.00137668 1066230 0.0401866
82.7823 0.00136131 1075496 0.039738
83.1703 0.00134936 1090154 0.039389
83.5609 0.00134253 1110378 0.0391897
83.9539 0.00133249 1124666 0.0388966
84.3485 0.00131626 1139624 0.0384228
84.7448 0.0013028 1157114 0.0380299
85.1429 0.00129344 1171434 0.0377569
85.5426 0.00128175 1188494 0.0374154
85.9444 0.00126816 1205504 0.0370187
86.3487 0.00125524 1226594 0.0366417
86.7542 0.00124591 1235562 0.0363694
87.1612 0.00123705 1259120 0.0361108
87.5707 0.00122402 1274498 0.0357302
87.9822 0.00121428 1295594 0.0354459
88.3953 0.00120578 1308312 0.0351979
88.8105 0.00119042 1333922 0.0347495
89.2281 0.00118337 1348418 0.0345437
89.6468 0.00116979 1366112 0.0341471
90.0678 0.00116366 1389738 0.0339684
90.4912 0.00115336 1407458 0.0336676
90.9162 0.00114152 1426520 0.033322
91.3433 0.00113285 1448810 0.0330689
91.7723 0.00112298 1465802 0.0327809
92.203 0.0011136 1488456 0.032507
92.6362 0.00110874 1510766 0.0323651
93.0711 0.00109876 1528298 0.0320737
93.5078 0.00108579 1552784 0.0316951
93.9477 0.00107565 1579538 0.0313993
94.3895 0.00106917 1595784 0.03121
94.8326 0.00105716 1619930 0.0308596
95.2774 0.00105068 1637186 0.0306705
95.7247 0.00104058 1669616 0.0303754
96.1751 0.00103252 1691834 0.0301402
96.6264 0.00102055 1706952 0.0297907
97.0796 0.00101477 1739630 0.0296221
97.5363 0.00100695 1765064 0.0293938
97.9942 0.000997473 1783538 0.0291172
98.4548 0.00098866 1817480 0.0288599
98.9176 0.000976897 1837034 0.0285165
99.3825 0.000970028 1866512 0.028316
99.8492 0.000962506 1888242 0.0280965
100.318 0.000954206 1917056 0.0278542
100.789 0.000943553 1941554 0.0275432
101.263 0.000935009 1978040 0.0272938
101.739 0.000925725 1997426 0.0270228
102.216 0.000917829 2029256 0.0267923
102.696 0.000912215 2056370 0.0266284
103.179 0.00090434 2084000 0.0263985
103.663 0.000895974 2117778 0.0261543
104.15 0.000887891 2143952 0.0259184
104.639 0.000880807 2175614 0.0257116
105.131 0.000872501 2206400 0.0254691
105.624 0.000865006 2233970 0.0252504
106.12 0.000856612 2276456 0.0250053
106.619 0.000850316 2301848 0.0248215
107.12 0.000842216 2332922 0.0245851
107.623 0.000836655 2366960 0.0244227
108.128 0.000830468 2397698 0.0242422
108.636 0.000822673 2436644 0.0240146
109.147 0.000815296 2472608 0.0237993
109.659 0.00080987 2503050 0.0236409
110.174 0.000799807 2535392 0.0233471
110.692 0.000793491 2581088 0.0231627
111.212 0.000786148 2612762 0.0229484
111.734 0.000782221 2647964 0.0228338
112.259 0.000774157 2687216 0.0225984
112.786 0.000768624 2724434 0.0224369
113.316 0.000760255 2765840 0.0221926
113.849 0.000752442 2798504 0.0219645
114.383 0.000745808 2841326 0.0217708
114.92 0.000740442 2886128 0.0216142
115.46 0.000733436 2920808 0.0214097
116.003 0.000726135 2967536 0.0211966
116.547 0.000721151 3000674 0.0210511
117.094 0.000715289 3050324 0.0208799
117.645 0.000709265 3094664 0.0207041
118.197 0.000703711 3136016 0.020542
118.752 0.000697935 3179546 0.0203734
119.31 0.000691017 3227060 0.0201714
119.871 0.000684505 3271832 0.0199813
120.434 0.000677984 3315440 0.019791
120.999 0.000673014 3363800 0.0196459
121.568 0.000668918 3414158 0.0195263
122.139 0.000662532 3459752 0.0193399
122.712 0.000657896 3508864 0.0192046
123.289 0.000651706 3560804 0.0190239
123.868 0.000645351 3608912 0.0188384
124.45 0.000639862 3660608 0.0186782
125.034 0.000634589 3707846 0.0185242
125.621 0.000629464 3769664 0.0183746
126.212 0.000624323 3822920 0.0182246
126.805 0.000619845 3863564 0.0180938
127.4 0.000614207 3930704 0.0179293
127.999 0.000609427 3986168 0.0177897
128.6 0.000605377 4034228 0.0176715
129.203 0.00059901 4090816 0.0174857
129.81 0.000595693 4160360 0.0173888
130.42 0.000590119 4213436 0.0172261
131.033 0.000584659 4270976 0.0170668
131.648 0.000579499 4332308 0.0169161
132.267 0.000574925 4395896 0.0167826
132.888 0.000570616 4454378 0.0166568
133.512 0.000565765 4517036 0.0165152
134.139 0.000560184 4588552 0.0163523
134.769 0.000555257 4651316 0.0162085
135.402 0.000550166 4711190 0.0160599
136.038 0.000545871 4782704 0.0159345
136.677 0.0005413 4849964 0.0158011
137.319 0.000536989 4917080 0.0156752
137.964 0.0005324 4985260 0.0155412
138.612 0.000527861 5060456 0.0154087
139.263 0.000523288 5127788 0.0152753
139.917 0.000519307 5201672 0.015159
140.575 0.00051524 5278196 0.0150404
141.235 0.000509874 5350384 0.0148837
141.898 0.000506363 5423492 0.0147812
142.565 0.000501698 5504720 0.014645
143.235 0.000497804 5581268 0.0145314
143.907 0.000494456 5659270 0.0144336
144.583 0.000490019 5736332 0.0143041
145.262 0.000485701 5823104 0.0141781
145.945 0.000481606 5909900 0.0140585
146.631 0.000477621 5986168 0.0139422
147.319 0.000473671 6064034 0.0138269
148.01 0.000468989 6162248 0.0136902
148.706 0.00046511 6249932 0.013577
149.405 0.000461537 6331588 0.0134727
150.107 0.000457551 6424736 0.0133564
150.812 0.000454033 6515066 0.0132537
151.52 0.000449543 6607552 0.0131226
152.231 0.000445748 6691412 0.0130118
152.946 0.000442163 6796676 0.0129071
153.665 0.000438784 6894838 0.0128085
154.387 0.000434942 6983324 0.0126964
155.112 0.000431901 7094120 0.0126076
155.84 0.000428345 7182634 0.0125038
156.572 0.000423857 7295588 0.0123728
157.308 0.000420293 7389992 0.0122687
158.047 0.000417517 7499434 0.0121877
158.789 0.000414048 7606244 0.0120865
159.535 0.00041012 7703654 0.0119718
160.284 0.000406203 7823908 0.0118575
161.037 0.000402932 7933148 0.011762
161.793 0.000400296 8035210 0.011685
162.553 0.00039707 8168648 0.0115908
163.317 0.000394145 8270402 0.0115055
164.085 0.000390763 8396284 0.0114067
164.855 0.000387955 8496608 0.0113248
165.629 0.000384479 8636482 0.0112233
166.407 0.000381208 8744780 0.0111278
167.189 0.000378229 8878274 0.0110409
167.974 0.000374721 8998288 0.0109385
168.763 0.000371678 9127058 0.0108496
169.555 0.000368802 9258676 0.0107657
170.352 0.00036587 9394994 0.0106801
171.152 0.000362397 9518530 0.0105787
171.956 0.00035998 9652352 0.0105082
172.764 0.000357016 9800506 0.0104216
173.576 0.000354124 9929156 0.0103372
174.391 0.000351053 10079002 0.0102476
175.21 0.000348028 10202930 0.0101593
176.032 0.000345439 10362148 0.0100837
176.86 0.000342518 10508450 0.00999842
177.69 0.000339579 10647784 0.00991264
178.525 0.000337373 10817954 0.00984825
179.364 0.000334748 10950034 0.0097716
180.206 0.000331821 11116484 0.00968617
181.053 0.000329522 11277610 0.00961907
181.903 0.000327043 11430154 0.0095467
182.757 0.000324094 11580074 0.0094606
183.615 0.000321613 11759140 0.00938817
184.478 0.000318937 11924378 0.00931006
185.344 0.000316422 12099850 0.00923665
186.215 0.000314552 12260050 0.00918207
187.09 0.000311969 12439484 0.00910668
187.968 0.000309531 12606226 0.0090355
188.851 0.000307408 12800474 0.00897352
189.739 0.000305194 12964258 0.0089089
190.629 0.000303044 13155874 0.00884614
191.525 0.000300593 13345394 0.0087746
192.424 0.000298601 13525540 0.00871643
193.328 0.000296502 13730122 0.00865517
194.237 0.000294501 13917890 0.00859677
195.149 0.000292218 14114938 0.00853013
196.066 0.000290143 14316682 0.00846956
196.987 0.000288319 14520626 0.00841632
197.912 0.000286009 14708962 0.00834888
198.841 0.000284341 14936002 0.00830019
199.775 0.000282196 15141986 0.00823757
200.714 0.000280067 15366994 0.00817542
201.657 0.000278014 15563242 0.00811548
202.604 0.00027615 15794614 0.00806107
203.555 0.000274144 16021226 0.00800253
204.511 0.000272751 16238338 0.00796187
205.472 0.000270744 16476706 0.00790328
206.437 0.000269228 16717282 0.00785901
207.407 0.000267892 16935730 0.00782001
208.381 0.000265867 17183270 0.00776091
209.36 0.000264522 17431546 0.00772164
210.343 0.000262965 17672128 0.00767618
211.331 0.00026143 17929450 0.00763139
212.324 0.000259895 18181246 0.00758657
213.321 0.000258489 18436154 0.00754555
214.323 0.000256936 18688066 0.00750021
215.33 0.000256007 18966160 0.00747307
216.341 0.000254579 19228342 0.0074314
217.357 0.000253464 19497994 0.00739884
218.378 0.000252377 19789402 0.00736711
219.404 0.000251015 20048224 0.00732738
220.434 0.00025027 20340694 0.00730561
221.47 0.000249127 20631698 0.00727224
222.51 0.000248332 20920738 0.00724905
223.555 0.000247327 21224764 0.00721971
224.605 0.000246471 21524794 0.00719472
225.66 0.000245814 21819694 0.00717554
226.72 0.000245136 22136776 0.00715575
227.785 0.000244528 22446490 0.00713799
228.855 0.000244089 22753708 0.00712519
229.93 0.000243595 23092930 0.00711078
231.01 0.000242969 23405020 0.0070925
232.095 0.000242733 23744914 0.0070856
233.185 0.000242406 24090094 0.00707605
234.281 0.000242578 24416584 0.00708107
235.381 0.000242392 24763822 0.00707566
236.486 0.000242472 25116112 0.00707799
237.597 0.000242479 25474348 0.0070782
238.713 0.000242784 25839802 0.0070871
239.835 0.000243009 26191732 0.00709367
240.961 0.00024345 26563339 0.00710654
242.092 0.000242664 26678128 0.0070836
243.229 0.000241065 26655828 0.0070369
244.371 0.000239591 26675140 0.00699388
245.519 0.000238184 26644864 0.00695282
246.672 0.000236654 26631640 0.00690814
247.831 0.000235371 26619904 0.00687071
248.995 0.00023396 26596180 0.00682952
250.164 0.000232654 26557060 0.00679139
251.339 0.000231348 26532520 0.00675328
252.52 0.000230358 26493240 0.00672438
253.706 0.000229042 26453764 0.00668594
254.898 0.000227834 26412544 0.0066507
256.095 0.000226388 26360476 0.00660849
257.298 0.000225545 26299600 0.00658386
258.506 0.0002243 26254092 0.00654754
259.72 0.000223375 26178916 0.00652053
260.94 0.00022249 26116096 0.00649469
262.166 0.000221389 26040928 0.00646255
263.398 0.000220281 25967736 0.00643022
264.635 0.000219319 25862260 0.00640213
265.878 0.000218442 25796416 0.00637654
267.127 0.000217598 25689396 0.00635189
268.381 0.000216458 25577176 0.00631861
269.641 0.000215727 25489588 0.00629726
270.908 0.000214704 25373328 0.00626742
272.181 0.000213976 25250224 0.00624615
273.459 0.000213281 25122124 0.00622587
274.744 0.000212666 24990660 0.00620793
276.034 0.000211885 24856192 0.00618511
277.331 0.000211209 24706228 0.00616539
278.633 0.000210626 24558204 0.00614836
279.942 0.000210152 24392068 0.00613454
281.256 0.000209592 24237480 0.00611819
282.578 0.000209147 24064336 0.00610519
283.905 0.000208602 23876980 0.00608929
285.238 0.000208177 23697324 0.00607689
286.578 0.000207975 23498488 0.00607098
287.924 0.000207615 23292324 0.00606048
289.276 0.000207228 23100964 0.00604917
290.635 0.0002071 22862988 0.00604543
292 0.000206844 22634848 0.00603796
293.371 0.000206827 22410012 0.00603747
294.749 0.00020673 22160572 0.00603463
296.134 0.000206881 21915600 0.00603904
297.525 0.000207092 21645516 0.0060452
298.922 0.000207123 21372232 0.00604612
300.326 0.000207263 21101172 0.0060502
301.737 0.000207623 20815564 0.00606071
303.154 0.000207828 20504628 0.00606669
304.578 0.000208268 20204736 0.00607953
306.008 0.000208883 19883356 0.00609749
307.446 0.000209404 19552848 0.00611271
308.89 0.000209996 19217196 0.00612999
310.34 0.000210485 18861736 0.00614427
311.798 0.000211183 18502836 0.00616464
313.262 0.000212059 18135780 0.00619021
314.734 0.000213392 17749600 0.0062291
316.212 0.000214385 17354232 0.00625809
317.697 0.000215137 16953228 0.00628005
319.189 0.000216335 16529656 0.00631503
320.688 0.000217549 16099164 0.00635045
322.194 0.000218959 15659388 0.00639162
323.707 0.000220322 15207864 0.00643141
325.228 0.000221657 14736132 0.00647039
326.755 0.000222677 14255596 0.00650014
328.29 0.000224188 13762332 0.00654425
329.831 0.000225825 13252296 0.00659204
331.38 0.000226873 12731268 0.00662264
332.936 0.000227989 12198720 0.00665522
334.5 0.000228949 11649660 0.00668324
336.07 0.000229288 11081952 0.00669315
337.648 0.000229711 10500652 0.00670549
339.233 0.000229201 9911376 0.00669059
340.826 0.000227642 9301473 0.00664509
342.428 0.000226171 8737218 0.00660213
344.037 0.000225879 8239530 0.00659362
345.653 0.000226208 7788972 0.00660321
347.276 0.000226123 7357452 0.00660075
348.907 0.000226598 6958434 0.0066146
350.546 0.00022716 6572454 0.00663101
352.193 0.000227731 6204966 0.00664769
353.846 0.000228802 5851524 0.00667894
355.508 0.000229934 5518854 0.00671198
357.178 0.000231398 5192928 0.00675473
358.855 0.00023276 4883690 0.00679449
360.541 0.000234533 4585122 0.00684624
362.234 0.000235922 4294452 0.0068868
363.936 0.000238374 4020870 0.00695835
365.645 0.000241008 3750774 0.00703525
367.362 0.00024393 3496122 0.00712054
369.087 0.000246886 3250038 0.00720685
370.821 0.000250104 3010904 0.00730076
372.561 0.000253375 2783520 0.00739625
374.311 0.000257091 2566482 0.00750472
376.069 0.000261675 2355504 0.00763854
377.834 0.000266308 2154350 0.00777377
379.608 0.000271116 1964322 0.00791413
381.39 0.000276922 1782180 0.00808361
383.182 0.00028288 1608354 0.00825752
384.981 0.000290184 1442012 0.00847075
386.789 0.000297302 1285878 0.00867852
388.604 0.000306345 1137636 0.00894249
390.428 0.000313642 999476 0.00915551
392.259 0.000324353 867846 0.00946816
394.098 0.000334075 746768 0.00975195
395.947 0.000343731 636276 0.0100338
397.808 0.000354432 532566 0.0103462
399.672 0.000366864 435044 0.0107091
401.544 0.000380951 351690 0.0111203
403.43 0.000397961 275630 0.0116169
405.315 0.000415893 204876 0.0121403
407.208 0.000434204 150770 0.0126748
409.126 0.000459658 100542 0.0134179
411.007 0.00048369 59294 0.0141194
412.885 0.000510718 32538 0.0149083
414.786 0.000528088 11726 0.0154154
416.481 0.00057706 1560 0.0168449
417.899 3.61212e-05 1 0.00105441
