# in Mpc/h Units 
# D1 = 0.425202 
# k P N P(z=0)
0.314159 164.43 6 909.476
0.444288 92.3965 12 511.053
0.54414 61.7164 8 341.358
0.628319 50.4827 6 279.224
0.702481 32.1771 24 177.974
0.76953 30.8073 24 170.398
0.888577 16.5268 12 91.4113
0.942478 25.8803 30 143.146
0.993459 15.4666 24 85.5468
1.04195 20.41 24 112.889
1.08828 15.5635 8 86.0829
1.13272 17.5428 24 97.0304
1.17548 18.0454 48 99.8107
1.25664 13.3526 6 73.8541
1.29531 13.4026 48 74.1311
1.33286 10.1892 36 56.3573
1.36939 8.56867 24 47.394
1.40496 12.3984 24 68.5768
1.43966 9.45575 48 52.3006
1.47354 16.8414 24 93.151
1.53906 9.5916 24 53.0519
1.5708 13.9601 30 77.2144
1.6019 8.15609 72 45.112
1.63242 8.40827 32 46.5068
1.6918 7.00386 72 38.7389
1.72072 9.82295 48 54.3315
1.77715 10.0909 12 55.8138
1.80471 5.58641 48 30.8989
1.83185 7.72688 48 42.738
1.85859 7.66192 48 42.3787
1.88496 4.5844 30 25.3567
1.91096 4.2514 24 23.5148
1.93661 6.56846 72 36.3307
1.98692 7.2429 24 40.0611
2.0116 7.08002 96 39.1602
2.03598 7.67423 48 42.4468
2.06008 7.08984 24 39.2145
2.0839 5.74026 24 31.7498
2.10744 5.47707 72 30.2941
2.13073 6.46376 48 35.7516
2.17656 7.7548 8 42.8924
2.19911 6.52748 54 36.104
2.22144 7.39392 84 40.8964
2.24355 4.75231 48 26.2854
2.26543 7.49316 24 41.4453
2.28711 5.5419 72 30.6527
2.30859 4.35459 96 24.0856
2.35095 4.76795 48 26.3719
2.37185 5.85389 48 32.3784
2.39257 8.7732 24 48.5253
2.4131 6.57528 72 36.3684
2.45366 4.89468 72 27.0729
2.47369 4.88139 96 26.9994
2.51327 2.98836 6 16.5289
2.53283 4.27833 96 23.6638
2.55224 5.27452 96 29.1738
2.5715 4.08209 24 22.5784
2.59062 4.99314 48 27.6175
2.6096 5.59453 96 30.9438
2.62844 3.96405 48 21.9255
2.66573 4.28601 36 23.7063
2.68418 5.05787 48 27.9755
2.7025 3.83472 120 21.2102
2.7207 4.28349 56 23.6923
2.73878 7.19899 24 39.8182
2.75674 4.56597 96 25.2548
2.77458 3.9935 48 22.0884
2.80993 5.29573 24 29.2911
2.82743 4.75872 102 26.3209
2.84483 2.81212 48 15.5541
2.86213 4.30306 72 23.8006
2.87932 3.52303 48 19.4862
2.89641 3.58124 48 19.8081
2.91339 4.08244 120 22.5803
2.94708 4.77104 24 26.389
2.96377 4.81643 144 26.6401
2.98038 3.72675 120 20.613
2.99689 2.42383 48 13.4064
3.02964 4.39069 48 24.2853
3.04589 4.22041 96 23.3434
3.07812 2.8941 24 16.0075
3.09411 4.51287 48 24.9611
3.11002 3.86982 108 21.4043
3.12585 3.22808 72 17.8548
3.14159 4.19429 30 23.199
3.15726 3.58982 168 19.8556
3.17285 3.55948 48 19.6878
3.20381 3.62421 72 20.0458
3.21917 3.74373 96 20.7069
3.23447 4.20483 72 23.2573
3.24969 3.3116 72 18.3167
3.26484 3.00997 32 16.6484
3.27992 3.38844 72 18.7417
3.29493 4.1586 144 23.0016
3.33956 3.06862 96 16.9728
3.3543 4.32166 96 23.9034
3.36898 4.7909 48 26.4989
3.3836 2.87538 72 15.904
3.39815 3.92975 120 21.7358
3.41264 2.80837 72 15.5333
3.44144 4.20261 48 23.245
3.45575 3.30278 78 18.268
3.47 2.68028 120 14.8248
3.48419 3.18039 48 17.591
3.51241 3.27284 144 18.1023
3.52643 3.52687 144 19.5074
3.55431 2.43464 12 13.4662
3.56816 2.90889 144 16.0893
3.58197 3.47209 48 19.2044
3.59963 3.53424 168 19.5482
3.62306 2.58039 48 14.2724
3.63666 3.72442 168 20.6001
3.67266 3.62779 144 20.0656
3.69054 3.0638 96 16.9461
3.70388 2.961 72 16.3775
3.71718 3.05341 48 16.8886
3.73484 3.48425 144 19.2717
3.76991 2.23257 30 12.3485
3.79166 2.95721 288 16.3566
3.80898 3.76414 56 20.8198
3.83319 2.74481 192 15.1818
3.84765 2.67513 120 14.7964
3.8817 2.75794 216 15.2544
3.89861 2.85567 96 15.795
3.91125 2.49363 96 13.7925
3.9364 3.2575 72 18.0175
3.94892 2.77797 96 15.3652
3.97384 3.53342 24 19.5437
3.99068 2.8584 300 15.8101
4.01092 3.13358 24 17.3321
4.02933 2.71504 192 15.0171
4.04766 2.7378 120 15.143
4.07197 3.34007 48 18.4742
4.0919 3.01889 222 16.6977
4.10817 3.17607 120 17.5671
4.13063 2.84396 192 15.7302
4.14405 3.11833 144 17.2477
4.16779 2.14312 24 11.8538
4.18748 2.65522 144 14.6863
4.20316 3.05581 120 16.9019
4.2222 2.94123 192 16.2682
4.23824 2.42146 144 13.3933
4.26146 2.70945 48 14.9862
4.27797 2.42711 336 13.4246
4.29606 3.29773 48 18.24
4.32126 2.48332 240 13.7355
4.35312 2.51988 8 13.9377
4.36444 2.47182 48 13.6718
4.37895 2.99478 336 16.5644
4.40596 2.40637 174 13.3098
4.42061 1.97741 120 10.9372
4.44989 2.36001 228 13.0534
4.47135 2.0913 168 11.5672
4.49441 2.43646 144 13.4763
4.50903 2.40779 240 13.3177
4.53087 1.82703 24 10.1055
4.54485 2.68555 336 14.854
4.56883 3.08453 144 17.0608
4.58961 2.57342 168 14.2338
4.61718 2.20326 96 12.1864
4.63377 2.43327 216 13.4586
4.66325 2.22696 288 12.3175
4.68087 2.26248 144 12.514
4.70985 2.42945 198 13.4375
4.72865 3.03435 216 16.7833
4.75112 2.74121 168 15.1619
4.76446 2.57132 240 14.2222
4.79396 2.17825 168 12.0481
4.81157 2.16703 336 11.986
4.8405 2.10625 240 11.6498
4.8819 2.49292 276 13.7886
4.90919 2.78312 344 15.3937
4.9274 2.73099 144 15.1053
4.95336 2.2827 240 12.6258
4.97264 2.53793 312 14.0375
5.0049 2.57304 240 14.2317
5.02655 0.934047 6 5.16629
5.04369 2.45401 384 13.5733
5.0724 2.68574 312 14.8551
5.09618 2.09557 168 11.5908
5.12103 2.22425 336 12.3025
5.14917 2.35882 336 13.0468
5.16216 1.972 192 10.9073
5.19393 2.35083 288 13.0026
5.21395 2.28245 216 12.6244
5.23525 2.68788 240 14.8669
5.26744 2.11091 384 11.6756
5.28498 2.28319 72 12.6285
5.3076 2.03158 336 11.2368
5.34569 2.22682 378 12.3167
5.36222 2.12347 144 11.7451
5.38155 2.38686 384 13.2019
5.41298 2.27139 384 12.5632
5.43886 2.16742 344 11.9882
5.45951 2.07414 144 11.4722
5.49081 1.98055 456 10.9546
5.51553 1.98886 312 11.0005
5.53728 2.09608 144 11.5936
5.56768 2.21029 552 12.2253
5.59826 1.73381 264 9.58986
5.62783 1.99032 264 11.0086
5.64631 1.96188 294 10.8513
5.66891 1.96237 432 10.854
5.69929 2.09231 432 11.5728
5.72582 2.0761 264 11.4831
5.74576 1.88628 192 10.4332
5.77837 1.91776 468 10.6073
5.80465 2.10295 552 11.6316
5.83524 1.93062 336 10.6784
5.86196 1.80686 288 9.9939
5.88885 2.00408 456 11.0847
5.91828 1.86393 432 10.3095
5.93942 1.64694 168 9.10937
5.97346 1.87122 566 10.3499
6.00383 1.89966 432 10.5072
6.03753 1.80792 432 9.99975
6.05765 1.98503 360 10.9794
6.08553 1.98394 624 10.9734
6.11016 1.77507 264 9.81806
6.1359 1.93489 360 10.702
6.17267 1.75003 456 9.67959
6.19846 1.82922 504 10.1176
6.23352 1.75753 564 9.72104
6.26302 1.81604 384 10.0447
6.29378 1.73886 462 9.61776
6.32143 1.97612 624 10.9301
6.35606 1.48655 432 8.2222
6.38387 1.87488 624 10.3701
6.4159 1.85622 312 10.2669
6.44034 1.86617 552 10.3219
6.47521 1.83069 408 10.1257
6.4939 1.82866 600 10.1145
6.53503 1.65557 608 9.15709
6.56485 1.72095 504 9.5187
6.59664 1.512 510 8.363
6.62898 1.62735 600 9.00099
6.66071 1.70436 492 9.42696
6.68361 1.58977 552 8.79316
6.72229 1.53955 696 8.51539
6.74598 1.49736 504 8.28202
6.77945 1.74439 528 9.64835
6.80746 1.68817 624 9.33742
6.83939 1.55951 504 8.6258
6.87445 1.63941 552 9.06773
6.90783 1.43791 654 7.95318
6.93959 1.45677 840 8.05752
6.97409 1.59364 744 8.81458
7.00741 1.36083 456 7.52686
7.03677 1.65614 648 9.16025
7.0753 1.50012 896 8.2973
7.10524 1.40016 396 7.74443
7.13632 1.4372 816 7.9493
7.17401 1.39752 672 7.72982
7.20038 1.29576 552 7.16698
7.23702 1.506 894 8.32982
7.27234 1.36501 672 7.54996
7.30559 1.44941 624 8.01679
7.33921 1.33661 888 7.39291
7.3688 1.57255 720 8.69789
7.40895 1.46397 936 8.09734
7.44885 1.43231 648 7.92222
7.48186 1.24327 936 6.87665
7.51427 1.39842 696 7.73481
7.55531 1.42063 618 7.85764
7.58487 1.30317 1008 7.20793
7.61849 1.26533 872 6.99866
7.65737 1.34552 960 7.44216
7.69668 1.41294 888 7.81508
7.72847 1.35192 648 7.47758
7.76442 1.36346 840 7.54143
7.79705 1.40499 912 7.77114
7.83408 1.36022 774 7.52348
7.87257 1.30788 1272 7.23398
7.91246 1.27112 912 7.03068
7.95094 1.31542 864 7.27568
7.98724 1.33987 924 7.41093
8.02142 1.31272 1080 7.26079
8.06273 1.25687 1008 6.95187
8.09946 1.25437 1128 6.93805
8.14393 1.19651 768 6.61799
8.17502 1.33212 1046 7.36804
8.2152 1.19893 1152 6.63141
8.25601 1.25163 1272 6.92285
8.29592 1.28104 912 7.08552
8.33191 1.18762 1200 6.56882
8.37325 1.29456 1080 7.16033
8.40498 1.3111 840 7.25181
8.45084 1.18426 1332 6.55025
8.48913 1.13402 1062 6.27239
8.52681 1.20359 1320 6.65716
8.571 1.25239 1248 6.9271
8.60833 1.16044 1104 6.41852
8.65005 1.19386 1392 6.60331
8.68693 1.13963 776 6.30339
8.73005 1.16018 1728 6.41708
8.77244 1.13767 1224 6.29253
8.81651 1.1358 1254 6.28221
8.85893 1.12345 1368 6.21387
8.89912 1.16213 1236 6.42782
8.93741 1.1703 1608 6.47305
8.98308 1.13928 1008 6.30147
9.01647 1.08973 1488 6.02741
9.0649 1.0569 1440 5.84581
9.10803 1.02663 1158 5.6784
9.14809 1.07737 1824 5.95905
9.19097 1.02422 1464 5.66502
9.23816 1.08742 1448 6.01463
9.27848 1.02876 1560 5.69013
9.32418 1.04355 1428 5.77195
9.36737 1.03041 1680 5.69929
9.41383 1.01367 1494 5.60669
9.45819 0.951519 1944 5.26293
9.50417 0.984027 1368 5.44274
9.54561 0.996362 1584 5.51096
9.58954 0.967978 1776 5.35396
9.63134 0.909647 1440 5.03133
9.67749 0.975477 1968 5.39544
9.72378 0.965416 1374 5.3398
9.76914 0.946308 2100 5.23411
9.81572 0.943902 1640 5.2208
9.86551 0.916918 2496 5.07155
9.9123 0.901447 1248 4.98598
9.94845 0.872308 1512 4.82481
10.0002 0.873 2280 4.82863
10.0491 0.919583 1926 5.08629
10.0953 0.897569 2064 4.96453
10.1462 0.908372 1920 5.02428
10.1883 0.92704 1944 5.12754
10.2408 0.892485 2172 4.93641
10.2901 0.892771 2256 4.93799
10.3372 0.879823 1736 4.86637
10.3847 0.909228 2094 5.02902
10.433 0.819979 2328 4.53537
10.4818 0.846616 2256 4.68271
10.5302 0.849685 1920 4.69968
10.5776 0.856917 2520 4.73968
10.6299 0.814418 2088 4.50462
10.6858 0.844144 2634 4.66903
10.7342 0.84636 2328 4.68129
10.7818 0.774663 2304 4.28472
10.835 0.819651 2568 4.53356
10.8856 0.853646 2024 4.72159
10.928 0.827048 2352 4.57447
10.982 0.78356 2718 4.33393
11.0344 0.762773 2520 4.21896
11.0896 0.768773 2772 4.25215
11.1403 0.724717 2640 4.00847
11.1945 0.733158 2880 4.05516
11.2496 0.751039 2448 4.15406
11.2983 0.760437 2478 4.20604
11.3489 0.696584 2904 3.85286
11.4036 0.725538 2816 4.01301
11.4546 0.697612 3024 3.85855
11.5153 0.700362 2952 3.87376
11.5679 0.694297 2796 3.84022
11.6203 0.670933 2982 3.71098
11.6775 0.700624 3312 3.87521
11.7301 0.673713 2688 3.72636
11.7844 0.690279 3144 3.81799
11.8428 0.652789 3672 3.61063
11.8939 0.661873 2328 3.66087
11.9543 0.660791 4046 3.65489
12.0117 0.683544 2844 3.78074
12.0645 0.640903 3600 3.54489
12.1216 0.673098 3264 3.72296
12.1786 0.640346 3288 3.54181
12.2342 0.629688 3198 3.48286
12.2899 0.607769 3864 3.36162
12.3488 0.621692 3456 3.43863
12.4064 0.627267 3744 3.46946
12.468 0.621547 3876 3.43783
12.5262 0.611068 3392 3.37987
12.5835 0.596814 3918 3.30103
12.6436 0.583234 3864 3.22592
12.7041 0.579644 4104 3.20606
12.76 0.593195 3480 3.28101
12.8193 0.57401 4080 3.1749
12.8832 0.600022 4170 3.31877
12.9428 0.587455 4176 3.24926
13.004 0.569065 4560 3.14755
13.0668 0.571259 3656 3.15968
13.1234 0.556595 4344 3.07857
13.1905 0.559984 4830 3.09732
13.2535 0.554644 4416 3.06778
13.3128 0.559007 3876 3.09191
13.3711 0.547402 4752 3.02773
13.438 0.554297 4968 3.06587
13.505 0.534836 4494 2.95823
13.562 0.542862 4200 3.00261
13.6284 0.52191 5792 2.88673
13.6925 0.529823 4224 2.93049
13.7578 0.50288 5220 2.78147
13.8214 0.515677 4590 2.85225
13.8828 0.522789 5328 2.89159
13.951 0.517057 5304 2.85989
14.0176 0.516875 5040 2.85888
14.0783 0.515248 4920 2.84988
14.1459 0.476073 5750 2.6332
14.2151 0.4856 5388 2.6859
14.2795 0.491808 5784 2.72023
14.3486 0.475561 5400 2.63037
14.4152 0.47709 5640 2.63882
14.4848 0.456454 5934 2.52468
14.5518 0.460436 6120 2.54671
14.6213 0.45452 5544 2.51399
14.6889 0.458476 6164 2.53587
14.7577 0.449174 5838 2.48442
14.823 0.445195 6144 2.46241
14.8954 0.434533 6288 2.40344
14.9629 0.448375 6576 2.48
15.0374 0.43249 6504 2.39214
15.1094 0.43364 6594 2.3985
15.1805 0.413774 7008 2.28862
15.2501 0.419862 6200 2.32229
15.3206 0.414666 6768 2.29355
15.3938 0.420778 7182 2.32736
15.4649 0.40229 6864 2.2251
15.5381 0.415862 7308 2.30017
15.6102 0.405493 6744 2.24282
15.6826 0.410579 7686 2.27094
15.7587 0.388046 7280 2.14632
15.831 0.401755 7920 2.22214
15.9075 0.380347 7560 2.10373
15.9799 0.396227 6948 2.19157
16.0529 0.388662 8430 2.14972
16.1323 0.372464 8328 2.06013
16.2083 0.381559 7824 2.11043
16.284 0.383646 8160 2.12198
16.3583 0.365658 8030 2.02249
16.4387 0.360272 9372 1.99269
16.5156 0.362444 7968 2.00471
16.5913 0.363016 8568 2.00787
16.6713 0.366221 8934 2.0256
16.7473 0.352662 8952 1.9506
16.8262 0.348776 8880 1.92911
16.9073 0.349287 9548 1.93194
16.987 0.351483 9126 1.94408
17.0656 0.347498 9384 1.92204
17.1437 0.33542 9288 1.85524
17.2234 0.321334 9792 1.77732
17.3058 0.328807 9570 1.81866
17.3855 0.331523 10376 1.83368
17.4681 0.319516 10152 1.76727
17.5516 0.318407 9960 1.76114
17.6323 0.310667 10782 1.71833
17.7188 0.317525 10992 1.75626
17.8032 0.311882 10452 1.72504
17.8848 0.307512 10806 1.70087
17.9713 0.30103 11312 1.66502
18.0539 0.29884 11112 1.65291
18.1377 0.298641 10848 1.65181
18.2224 0.297001 11394 1.64274
18.3067 0.290668 11952 1.60771
18.3923 0.293092 11352 1.62112
18.4801 0.29288 12584 1.61994
18.5699 0.289653 12390 1.6021
18.6572 0.281217 12252 1.55543
18.7424 0.270245 12240 1.49475
18.8315 0.279763 12486 1.54739
18.9182 0.276723 13080 1.53058
19.007 0.27069 12968 1.49721
19.0958 0.27224 12612 1.50578
19.1845 0.262997 13974 1.45466
19.2771 0.265514 13944 1.46858
19.3664 0.253629 12840 1.40284
19.455 0.259878 14358 1.43741
19.5497 0.254493 14588 1.40762
19.6422 0.25534 14688 1.41231
19.733 0.251516 13560 1.39116
19.8252 0.248846 15582 1.37639
19.9184 0.244414 14544 1.35187
20.0117 0.24461 15420 1.35296
20.1076 0.244893 15614 1.35452
20.1995 0.238882 14880 1.32127
20.2937 0.241691 16728 1.33681
20.3922 0.23149 15690 1.28039
20.4858 0.231782 16248 1.28201
20.5801 0.23101 16584 1.27773
20.6798 0.227209 16904 1.25671
20.7774 0.228842 17430 1.26575
20.875 0.229806 16908 1.27107
20.9715 0.222646 17640 1.23147
21.072 0.226828 17550 1.25461
21.17 0.222947 18696 1.23314
21.2704 0.219893 17792 1.21625
21.3695 0.212027 18138 1.17274
21.4685 0.218588 19392 1.20903
21.5707 0.212044 18768 1.17283
21.671 0.211877 19038 1.17191
21.7719 0.209922 19460 1.1611
21.8722 0.205768 19992 1.13812
21.98 0.20287 21174 1.12209
22.0835 0.202533 20040 1.12023
22.1864 0.201059 20628 1.11207
22.2901 0.200992 20798 1.11171
22.3939 0.199231 21480 1.10196
22.4995 0.199505 21792 1.10348
22.6057 0.192605 21414 1.06532
22.7118 0.192086 23100 1.06244
22.8187 0.18991 21992 1.05041
22.9267 0.190744 23406 1.05502
23.0333 0.188616 22536 1.04325
23.142 0.191069 24348 1.05682
23.2521 0.187647 23598 1.03789
23.3607 0.188077 24224 1.04027
23.4703 0.182655 24648 1.01028
23.5813 0.180296 24618 0.997232
23.6872 0.18076 24192 0.999797
23.7989 0.179039 26208 0.99028
23.9113 0.176519 25790 0.976343
24.0243 0.172904 26916 0.956349
24.1376 0.175052 26214 0.968227
24.251 0.16959 27528 0.938016
24.3653 0.169973 27720 0.940133
24.4805 0.168559 27122 0.932314
24.5934 0.166339 28632 0.920034
24.7099 0.164866 28680 0.911888
24.8261 0.166302 28722 0.919828
24.9416 0.161288 30000 0.892099
25.0602 0.162119 29408 0.896696
25.1775 0.161157 30678 0.891372
25.2958 0.157772 30660 0.87265
25.4157 0.155749 31494 0.861463
25.5352 0.15551 31448 0.860139
25.6542 0.153209 32160 0.847412
25.7771 0.15216 33090 0.841609
25.8975 0.150035 32664 0.829858
26.0182 0.151618 32718 0.838613
26.1396 0.148853 34472 0.823317
26.263 0.147861 34260 0.81783
26.3857 0.145921 34302 0.807101
26.5078 0.144223 35472 0.797711
26.6335 0.142746 36020 0.789539
26.7594 0.140608 36942 0.777715
26.885 0.14084 36360 0.779
27.0121 0.137859 38166 0.762508
27.1378 0.137758 36804 0.761952
27.2642 0.137342 38864 0.759649
27.3935 0.135978 39366 0.752104
27.5233 0.13533 40068 0.74852
27.6514 0.133129 38910 0.736348
27.7803 0.132659 41360 0.733749
27.9112 0.131305 40782 0.726259
28.0415 0.13115 42204 0.725401
28.1725 0.12982 41544 0.718043
28.3057 0.128177 44510 0.708957
28.4397 0.126829 42948 0.701501
28.5725 0.126057 44478 0.697234
28.7083 0.124747 46032 0.689985
28.8439 0.124267 44402 0.687331
28.977 0.124544 46320 0.688862
29.1132 0.122684 46848 0.678575
29.2508 0.12239 47814 0.676947
29.3881 0.118595 48260 0.655956
29.5284 0.119069 49758 0.658578
29.6664 0.118478 49032 0.655313
29.8052 0.117024 49770 0.647267
29.9443 0.11705 51056 0.647412
30.0844 0.115105 51504 0.636656
30.2265 0.114145 52866 0.631347
30.3681 0.11239 52848 0.621639
30.5114 0.111676 54542 0.617691
30.6547 0.110657 54276 0.612051
30.7979 0.1103 55062 0.610081
30.9419 0.108547 56568 0.600384
31.0885 0.107504 57266 0.594615
31.2344 0.107029 58056 0.591987
31.3808 0.105145 57750 0.581566
31.5277 0.10494 60380 0.580431
31.6771 0.104447 60390 0.577704
31.826 0.102295 61608 0.565803
31.9756 0.10163 61362 0.562123
32.1255 0.10181 63752 0.563121
32.277 0.0999712 63528 0.552949
32.4277 0.101072 64050 0.559038
32.5774 0.0997818 64784 0.551902
32.7324 0.0989857 68814 0.547498
32.8871 0.0972819 66156 0.538074
33.0405 0.0968212 68718 0.535526
33.1949 0.0961253 69104 0.531677
33.3524 0.095481 71682 0.528113
33.5091 0.0939303 70512 0.519536
33.6653 0.0929737 72278 0.514245
33.8241 0.0929322 74532 0.514016
33.9843 0.0918373 74454 0.50796
34.1435 0.091892 75540 0.508262
34.3039 0.0901189 76526 0.498455
34.4657 0.0903976 78648 0.499996
34.6274 0.0904843 77370 0.500476
34.7862 0.0889333 78272 0.491898
34.9499 0.0877223 82710 0.485199
35.1157 0.0868165 82146 0.480189
35.2805 0.0859561 83712 0.475431
35.4469 0.0854918 84710 0.472862
35.6137 0.0844619 86172 0.467166
35.7812 0.0836609 86406 0.462735
35.9482 0.0833127 88244 0.46081
36.1176 0.0829437 89670 0.458769
36.2871 0.0814208 90792 0.450345
36.4592 0.0817869 93194 0.45237
36.6302 0.0811747 92352 0.448984
36.8018 0.0796928 94914 0.440787
36.9741 0.0786772 95504 0.43517
37.1476 0.0785848 97230 0.434659
37.3221 0.0779375 98802 0.431079
37.4979 0.0774333 100952 0.42829
37.6734 0.0768667 99990 0.425156
37.8491 0.075839 103356 0.419472
38.0283 0.0757082 105014 0.418749
38.2074 0.0744836 106548 0.411975
38.3868 0.0739133 106302 0.408821
38.5653 0.0737606 108002 0.407976
38.7463 0.0726745 111696 0.401969
38.9299 0.0718078 112158 0.397175
39.1123 0.0715939 113300 0.395992
39.2962 0.0711835 115302 0.393722
39.4808 0.0696909 117396 0.385466
39.6656 0.0692515 117158 0.383036
39.8521 0.0690184 121470 0.381747
40.0388 0.0686675 120660 0.379806
40.2277 0.0678742 125030 0.375418
40.4172 0.0673495 125388 0.372515
40.6079 0.0673425 128094 0.372477
40.798 0.066421 127058 0.36738
40.9891 0.0660902 132336 0.36555
41.1824 0.0651957 132006 0.360603
41.3752 0.0646055 134162 0.357339
41.57 0.0640289 137760 0.354149
41.7662 0.0633012 137802 0.350124
41.9607 0.0629647 139016 0.348263
42.1586 0.0622477 144354 0.344297
42.357 0.062263 142814 0.344382
42.5542 0.0611989 145932 0.338496
42.7541 0.0611254 148206 0.33809
42.9546 0.0599157 150566 0.331399
43.1564 0.0598926 152820 0.331271
43.3597 0.0591331 155142 0.32707
43.5635 0.0585658 157220 0.323932
43.7684 0.0580259 159198 0.320946
43.9736 0.0572264 160994 0.316524
44.1803 0.0570884 164544 0.315761
44.3876 0.0565342 165282 0.312696
44.5959 0.0560551 168350 0.310046
44.8055 0.055411 171660 0.306483
45.0168 0.0547701 173622 0.302938
45.2281 0.0546691 175034 0.302379
45.4403 0.0541516 178512 0.299517
45.6526 0.053512 178646 0.29598
45.8674 0.0532598 185466 0.294584
46.0836 0.0527427 185382 0.291725
46.2996 0.0521794 188252 0.288609
46.5177 0.0514619 192126 0.28464
46.7365 0.0510537 193562 0.282382
46.9554 0.0506104 196176 0.279931
47.1763 0.0503851 200130 0.278684
47.3979 0.0500917 201326 0.277061
47.6197 0.049276 204972 0.27255
47.8437 0.0486208 208406 0.268926
48.0672 0.0485166 208362 0.26835
48.2937 0.0478536 217662 0.264683
48.5225 0.0476453 217124 0.26353
48.7491 0.0468626 217446 0.259201
48.9778 0.046558 224690 0.257516
49.2073 0.0460891 224058 0.254923
49.4385 0.0456442 231848 0.252462
49.6727 0.0453773 233994 0.250986
49.9056 0.0448095 234198 0.247845
50.1391 0.0444617 239708 0.245921
50.3754 0.0440262 243630 0.243513
50.6128 0.0436202 247010 0.241267
50.8493 0.0431646 246414 0.238747
51.0868 0.0428345 253772 0.236921
51.327 0.0425352 256902 0.235266
51.5685 0.0421502 261066 0.233136
51.8119 0.0415941 265958 0.23006
52.0548 0.0411914 265098 0.227833
52.2978 0.0409369 271424 0.226425
52.5441 0.0404299 276858 0.223621
52.7923 0.0400089 281186 0.221292
53.0408 0.039565 282918 0.218837
53.2887 0.0394848 285146 0.218394
53.5387 0.0389052 293280 0.215188
53.7907 0.0387311 294602 0.214225
54.0436 0.0382968 301278 0.211823
54.2977 0.0381737 302954 0.211142
54.5519 0.0376569 307674 0.208284
54.8068 0.0372055 310560 0.205787
55.0651 0.0368685 320834 0.203922
55.3252 0.0362967 321582 0.20076
55.5848 0.0362173 325226 0.200321
55.8457 0.0358532 331422 0.198307
56.1082 0.0355215 335066 0.196472
56.3718 0.0351512 341340 0.194424
56.636 0.0349074 342038 0.193076
56.9014 0.0344264 351354 0.190415
57.1695 0.0341174 355478 0.188706
57.4384 0.0339139 360066 0.18758
57.7081 0.0336458 364634 0.186098
57.9785 0.0330889 369072 0.183018
58.2513 0.0329573 377642 0.18229
58.5263 0.0327018 382074 0.180877
58.8009 0.0324385 384014 0.17942
59.0769 0.0319921 393066 0.176951
59.3537 0.0316409 393950 0.175008
59.632 0.0313655 404154 0.173485
59.9128 0.0310293 409178 0.171626
60.1941 0.0307151 413334 0.169888
60.4769 0.0306005 421196 0.169254
60.7603 0.0301991 422658 0.167034
61.0455 0.0300087 434990 0.16598
61.333 0.0296463 437442 0.163976
61.6205 0.0294692 443066 0.162997
61.91 0.0292629 452150 0.161855
62.2007 0.0290418 455538 0.160632
62.4924 0.0286597 463382 0.158519
62.7855 0.0284501 468666 0.15736
63.0808 0.0282457 479642 0.156229
63.3779 0.0279459 482814 0.154571
63.675 0.0277962 489386 0.153743
63.9742 0.0274448 498642 0.151799
64.275 0.0272467 503450 0.150704
64.5769 0.0270763 512838 0.149761
64.8803 0.0267348 517586 0.147872
65.1844 0.0265388 524372 0.146788
65.4902 0.026264 534270 0.145268
65.7979 0.0261125 540386 0.144431
66.1075 0.0258 550938 0.142702
66.418 0.0255281 554270 0.141198
66.7296 0.0253623 564978 0.140281
67.0437 0.0251557 574370 0.139138
67.359 0.024914 579614 0.137802
67.6749 0.024654 587778 0.136364
67.9926 0.0244097 596978 0.135012
68.3122 0.0242305 606570 0.134021
68.6334 0.0240497 613982 0.133021
68.9554 0.0238558 621200 0.131948
69.2789 0.0236219 631386 0.130655
69.6042 0.0233818 640418 0.129326
69.9318 0.0231267 651870 0.127916
70.2607 0.0230177 657770 0.127313
70.5901 0.0226955 667082 0.125531
70.9211 0.0224398 675810 0.124116
71.2543 0.0222978 689318 0.123331
71.59 0.0221117 698754 0.122301
71.9268 0.0218163 706922 0.120668
72.2644 0.0217259 715562 0.120168
72.6038 0.0214768 727662 0.11879
72.9444 0.0213795 734426 0.118252
73.2859 0.0211302 745746 0.116873
73.6302 0.0209467 759698 0.115858
73.9762 0.0207932 768140 0.115009
74.3233 0.0205376 778770 0.113595
74.6733 0.0203864 795842 0.112759
75.0246 0.0201774 799442 0.111603
75.377 0.0199731 816042 0.110473
75.731 0.0197969 822038 0.109498
76.0864 0.019628 837722 0.108564
76.4436 0.0194479 846330 0.107568
76.8023 0.0192449 860768 0.106445
77.1634 0.019089 873722 0.105583
77.5261 0.0189356 885438 0.104735
77.8907 0.0186603 898730 0.103212
78.2565 0.018513 908402 0.102397
78.6236 0.0183657 923226 0.101582
78.9927 0.0182059 933944 0.100698
79.3633 0.0180393 949730 0.099777
79.7358 0.0179099 961278 0.0990613
80.111 0.0177249 981218 0.0980379
80.488 0.0175307 989186 0.0969637
80.8652 0.0174131 1001016 0.0963132
81.2446 0.0172908 1019138 0.0956367
81.6263 0.0170756 1032842 0.0944465
82.0093 0.0169426 1045394 0.093711
82.3948 0.0167891 1066230 0.092862
82.7823 0.0165998 1075496 0.091815
83.1703 0.0164424 1090154 0.0909444
83.5609 0.0163147 1110378 0.0902382
83.9539 0.0161845 1124666 0.0895178
84.3485 0.016056 1139624 0.0888071
84.7448 0.0158907 1157114 0.0878926
85.1429 0.015781 1171434 0.087286
85.5426 0.0156349 1188494 0.086478
85.9444 0.0154868 1205504 0.085659
86.3487 0.0153596 1226594 0.084955
86.7542 0.0151902 1235562 0.084018
87.1612 0.0150445 1259120 0.0832125
87.5707 0.0149661 1274498 0.0827788
87.9822 0.0148411 1295594 0.0820875
88.3953 0.0146787 1308312 0.0811889
88.8105 0.0145525 1333922 0.080491
89.2281 0.0144104 1348418 0.0797052
89.6468 0.0142533 1366112 0.0788362
90.0678 0.0141295 1389738 0.0781516
90.4912 0.0140525 1407458 0.0777256
90.9162 0.0139088 1426520 0.0769307
91.3433 0.0137798 1448810 0.0762172
91.7723 0.0136641 1465802 0.0755773
92.203 0.0135124 1488456 0.0747384
92.6362 0.0134021 1510766 0.0741282
93.0711 0.0132769 1528298 0.0734357
93.5078 0.0131541 1552784 0.0727565
93.9477 0.0130382 1579538 0.0721154
94.3895 0.0129483 1595784 0.0716179
94.8326 0.0128179 1619930 0.0708969
95.2774 0.0126837 1637186 0.0701544
95.7247 0.0125464 1669616 0.0693951
96.1751 0.0124529 1691834 0.0688782
96.6264 0.0123151 1706952 0.0681156
97.0796 0.0121918 1739630 0.067434
97.5363 0.0121062 1765064 0.0669604
97.9942 0.0119926 1783538 0.066332
98.4548 0.0119019 1817480 0.0658303
98.9176 0.0118022 1837034 0.0652791
99.3825 0.0116914 1866512 0.0646661
99.8492 0.0115658 1888242 0.0639716
100.318 0.011496 1917056 0.0635851
100.789 0.0113734 1941554 0.0629072
101.263 0.0112893 1978040 0.0624418
101.739 0.0111716 1997426 0.0617912
102.216 0.0110855 2029256 0.0613148
102.696 0.0109654 2056370 0.0606504
103.179 0.0108891 2084000 0.0602285
103.663 0.0108077 2117778 0.0597785
104.15 0.0107121 2143952 0.0592494
104.639 0.0106077 2175614 0.0586719
105.131 0.0104844 2206400 0.05799
105.624 0.0103814 2233970 0.0574202
106.12 0.0102881 2276456 0.0569045
106.619 0.0101902 2301848 0.0563631
107.12 0.0100952 2332922 0.0558376
107.623 0.00999838 2366960 0.0553019
108.128 0.00989765 2397698 0.0547447
108.636 0.00981827 2436644 0.0543057
109.147 0.00972741 2472608 0.0538031
109.659 0.00962649 2503050 0.0532449
110.174 0.00954241 2535392 0.0527799
110.692 0.0094503 2581088 0.0522704
111.212 0.00937887 2612762 0.0518753
111.734 0.00928638 2647964 0.0513637
112.259 0.00920441 2687216 0.0509104
112.786 0.00912298 2724434 0.0504599
113.316 0.00903886 2765840 0.0499947
113.849 0.00892984 2798504 0.0493917
114.383 0.00885123 2841326 0.0489569
114.92 0.00879181 2886128 0.0486283
115.46 0.00871249 2920808 0.0481895
116.003 0.00862541 2967536 0.0477078
116.547 0.00855777 3000674 0.0473337
117.094 0.00847057 3050324 0.0468514
117.645 0.00839083 3094664 0.0464104
118.197 0.00830597 3136016 0.045941
118.752 0.00822243 3179546 0.0454789
119.31 0.00814433 3227060 0.045047
119.871 0.00808183 3271832 0.0447013
120.434 0.00803147 3315440 0.0444227
120.999 0.00792718 3363800 0.0438459
121.568 0.00785702 3414158 0.0434579
122.139 0.0077852 3459752 0.0430606
122.712 0.00771791 3508864 0.0426884
123.289 0.00765303 3560804 0.0423296
123.868 0.00757942 3608912 0.0419224
124.45 0.00750718 3660608 0.0415228
125.034 0.00743813 3707846 0.0411409
125.621 0.00736537 3769664 0.0407385
126.212 0.00729078 3822920 0.0403259
126.805 0.00722362 3863564 0.0399545
127.4 0.00715251 3930704 0.0395611
127.999 0.00708459 3986168 0.0391855
128.6 0.00701652 4034228 0.038809
129.203 0.00696967 4090816 0.0385499
129.81 0.00689974 4160360 0.038163
130.42 0.00682405 4213436 0.0377444
131.033 0.00676161 4270976 0.037399
131.648 0.006701 4332308 0.0370638
132.267 0.00663884 4395896 0.03672
132.888 0.00656852 4454378 0.036331
133.512 0.00650474 4517036 0.0359782
134.139 0.00644399 4588552 0.0356423
134.769 0.00638733 4651316 0.0353288
135.402 0.00632838 4711190 0.0350028
136.038 0.0062829 4782704 0.0347513
136.677 0.00621784 4849964 0.0343914
137.319 0.0061536 4917080 0.0340361
137.964 0.00610269 4985260 0.0337545
138.612 0.00605701 5060456 0.0335018
139.263 0.00600075 5127788 0.0331907
139.917 0.00594962 5201672 0.0329079
140.575 0.00588928 5278196 0.0325741
141.235 0.00583752 5350384 0.0322878
141.898 0.00578828 5423492 0.0320154
142.565 0.00572956 5504720 0.0316907
143.235 0.00568161 5581268 0.0314254
143.907 0.00562512 5659270 0.031113
144.583 0.00557804 5736332 0.0308526
145.262 0.00551784 5823104 0.0305196
145.945 0.00547415 5909900 0.030278
146.631 0.00543409 5986168 0.0300564
147.319 0.00538038 6064034 0.0297593
148.01 0.00532646 6162248 0.0294611
148.706 0.00528252 6249932 0.0292181
149.405 0.00522853 6331588 0.0289195
150.107 0.00518727 6424736 0.0286912
150.812 0.00514205 6515066 0.0284411
151.52 0.00509553 6607552 0.0281838
152.231 0.00504957 6691412 0.0279296
152.946 0.00500254 6796676 0.0276694
153.665 0.00495874 6894838 0.0274272
154.387 0.0049188 6983324 0.0272063
155.112 0.0048762 7094120 0.0269707
155.84 0.00483199 7182634 0.0267261
156.572 0.00479173 7295588 0.0265035
157.308 0.00474768 7389992 0.0262598
158.047 0.00470465 7499434 0.0260218
158.789 0.0046613 7606244 0.025782
159.535 0.00462187 7703654 0.025564
160.284 0.00457969 7823908 0.0253307
161.037 0.0045391 7933148 0.0251062
161.793 0.0044923 8035210 0.0248473
162.553 0.00445508 8168648 0.0246414
163.317 0.00441527 8270402 0.0244212
164.085 0.00437422 8396284 0.0241942
164.855 0.00433452 8496608 0.0239746
165.629 0.0042919 8636482 0.0237389
166.407 0.00425732 8744780 0.0235476
167.189 0.0042147 8878274 0.0233119
167.974 0.00418234 8998288 0.0231329
168.763 0.00414849 9127058 0.0229456
169.555 0.00411401 9258676 0.022755
170.352 0.00407786 9394994 0.022555
171.152 0.00404462 9518530 0.0223711
171.956 0.00400552 9652352 0.0221549
172.764 0.00396959 9800506 0.0219561
173.576 0.00394032 9929156 0.0217942
174.391 0.00390798 10079002 0.0216154
175.21 0.00387192 10202930 0.0214159
176.032 0.00384183 10362148 0.0212495
176.86 0.00380965 10508450 0.0210715
177.69 0.00377157 10647784 0.0208609
178.525 0.00373592 10817954 0.0206637
179.364 0.00370272 10950034 0.0204801
180.206 0.00367557 11116484 0.0203299
181.053 0.00364081 11277610 0.0201376
181.903 0.00361503 11430154 0.019995
182.757 0.00358243 11580074 0.0198147
183.615 0.00354725 11759140 0.0196201
184.478 0.00351486 11924378 0.019441
185.344 0.00348834 12099850 0.0192943
186.215 0.00345809 12260050 0.019127
187.09 0.00343107 12439484 0.0189775
187.968 0.00340272 12606226 0.0188207
188.851 0.00337671 12800474 0.0186769
189.739 0.00335126 12964258 0.0185361
190.629 0.00332775 13155874 0.0184061
191.525 0.00330366 13345394 0.0182728
192.424 0.00327264 13525540 0.0181013
193.328 0.00324457 13730122 0.017946
194.237 0.00321782 13917890 0.017798
195.149 0.00319396 14114938 0.0176661
196.066 0.00316557 14316682 0.017509
196.987 0.00313999 14520626 0.0173675
197.912 0.00311741 14708962 0.0172426
198.841 0.00309727 14936002 0.0171313
199.775 0.0030767 15141986 0.0170175
200.714 0.00305088 15366994 0.0168746
201.657 0.00302829 15563242 0.0167497
202.604 0.0030077 15794614 0.0166359
203.555 0.0029878 16021226 0.0165257
204.511 0.00296368 16238338 0.0163923
205.472 0.00294537 16476706 0.0162911
206.437 0.00292605 16717282 0.0161842
207.407 0.00290691 16935730 0.0160783
208.381 0.0028874 17183270 0.0159704
209.36 0.00287081 17431546 0.0158787
210.343 0.00285181 17672128 0.0157736
211.331 0.00283442 17929450 0.0156774
212.324 0.00281437 18181246 0.0155665
213.321 0.00279927 18436154 0.015483
214.323 0.00278329 18688066 0.0153946
215.33 0.0027672 18966160 0.0153056
216.341 0.00275228 19228342 0.0152231
217.357 0.00273727 19497994 0.0151401
218.378 0.00272316 19789402 0.015062
219.404 0.00271091 20048224 0.0149943
220.434 0.00269625 20340694 0.0149132
221.47 0.00268527 20631698 0.0148524
222.51 0.00267113 20920738 0.0147743
223.555 0.00265711 21224764 0.0146967
224.605 0.00264495 21524794 0.0146295
225.66 0.00263672 21819694 0.0145839
226.72 0.00262752 22136776 0.014533
227.785 0.00261752 22446490 0.0144777
228.855 0.00261168 22753708 0.0144454
229.93 0.00260322 23092930 0.0143986
231.01 0.00259861 23405020 0.0143731
232.095 0.00259085 23744914 0.0143302
233.185 0.00258797 24090094 0.0143143
234.281 0.00258418 24416584 0.0142933
235.381 0.00258165 24763822 0.0142793
236.486 0.00257904 25116112 0.0142649
237.597 0.00257879 25474348 0.0142635
238.713 0.00257968 25839802 0.0142684
239.835 0.00257989 26191732 0.0142696
240.961 0.00258095 26563339 0.0142754
242.092 0.00256929 26678128 0.014211
243.229 0.00255359 26655828 0.0141241
244.371 0.0025351 26675140 0.0140219
245.519 0.0025202 26644864 0.0139395
246.672 0.00249992 26631640 0.0138272
247.831 0.00248434 26619904 0.0137411
248.995 0.00246895 26596180 0.013656
250.164 0.00245377 26557060 0.013572
251.339 0.00243657 26532520 0.0134769
252.52 0.00242269 26493240 0.0134001
253.706 0.00240898 26453764 0.0133243
254.898 0.00239452 26412544 0.0132443
256.095 0.00237805 26360476 0.0131532
257.298 0.00236763 26299600 0.0130956
258.506 0.00235271 26254092 0.0130131
259.72 0.00233833 26178916 0.0129335
260.94 0.00232715 26116096 0.0128717
262.166 0.00231363 26040928 0.0127969
263.398 0.00230167 25967736 0.0127307
264.635 0.0022905 25862260 0.0126689
265.878 0.00227646 25796416 0.0125913
267.127 0.00226635 25689396 0.0125354
268.381 0.00225589 25577176 0.0124775
269.641 0.00224351 25489588 0.012409
270.908 0.00223431 25373328 0.0123582
272.181 0.00222357 25250224 0.0122988
273.459 0.00221286 25122124 0.0122395
274.744 0.00220213 24990660 0.0121802
276.034 0.00219061 24856192 0.0121165
277.331 0.00218177 24706228 0.0120676
278.633 0.00217383 24558204 0.0120236
279.942 0.00216674 24392068 0.0119844
281.256 0.00216168 24237480 0.0119564
282.578 0.00215318 24064336 0.0119094
283.905 0.00214719 23876980 0.0118763
285.238 0.00214083 23697324 0.0118411
286.578 0.00213331 23498488 0.0117995
287.924 0.00212713 23292324 0.0117653
289.276 0.0021234 23100964 0.0117447
290.635 0.00211795 22862988 0.0117146
292 0.00211794 22634848 0.0117145
293.371 0.00211336 22410012 0.0116892
294.749 0.00211248 22160572 0.0116843
296.134 0.00211121 21915600 0.0116773
297.525 0.00211015 21645516 0.0116714
298.922 0.00210805 21372232 0.0116598
300.326 0.00210959 21101172 0.0116683
301.737 0.00211424 20815564 0.011694
303.154 0.00211532 20504628 0.0117
304.578 0.00211898 20204736 0.0117203
306.008 0.00212189 19883356 0.0117364
307.446 0.0021274 19552848 0.0117668
308.89 0.00212765 19217196 0.0117682
310.34 0.0021299 18861736 0.0117807
311.798 0.00213438 18502836 0.0118054
313.262 0.00214008 18135780 0.011837
314.734 0.00214763 17749600 0.0118787
316.212 0.00215508 17354232 0.01192
317.697 0.0021653 16953228 0.0119765
319.189 0.00217149 16529656 0.0120107
320.688 0.00218259 16099164 0.0120721
322.194 0.00219096 15659388 0.0121184
323.707 0.00220354 15207864 0.012188
325.228 0.00221679 14736132 0.0122613
326.755 0.00222687 14255596 0.012317
328.29 0.00223761 13762332 0.0123764
329.831 0.0022511 13252296 0.012451
331.38 0.00226477 12731268 0.0125267
332.936 0.00227259 12198720 0.0125699
334.5 0.00227927 11649660 0.0126068
336.07 0.00228125 11081952 0.0126178
337.648 0.00227347 10500652 0.0125747
339.233 0.00226841 9911376 0.0125468
340.826 0.00224822 9301473 0.0124351
342.428 0.00223208 8737218 0.0123458
344.037 0.00222381 8239530 0.0123001
345.653 0.00222148 7788972 0.0122872
347.276 0.0022199 7357452 0.0122785
348.907 0.00222138 6958434 0.0122866
350.546 0.00222892 6572454 0.0123283
352.193 0.00223937 6204966 0.0123862
353.846 0.00224988 5851524 0.0124443
355.508 0.00225141 5518854 0.0124527
357.178 0.00226139 5192928 0.0125079
358.855 0.00227353 4883690 0.0125751
360.541 0.00229148 4585122 0.0126743
362.234 0.00231555 4294452 0.0128075
363.936 0.00233117 4020870 0.0128939
365.645 0.00234873 3750774 0.012991
367.362 0.00236845 3496122 0.0131001
369.087 0.00240148 3250038 0.0132828
370.821 0.0024304 3010904 0.0134427
372.561 0.00247104 2783520 0.0136676
374.311 0.00251447 2566482 0.0139077
376.069 0.00255108 2355504 0.0141102
377.834 0.00259301 2154350 0.0143422
379.608 0.00264554 1964322 0.0146327
381.39 0.00268815 1782180 0.0148684
383.182 0.00274374 1608354 0.0151758
384.981 0.00278831 1442012 0.0154224
386.789 0.00285865 1285878 0.0158115
388.604 0.00291331 1137636 0.0161138
390.428 0.00297959 999476 0.0164803
392.259 0.00306828 867846 0.0169709
394.098 0.00316083 746768 0.0174828
395.947 0.00328231 636276 0.0181547
397.808 0.00341729 532566 0.0189013
399.672 0.00357551 435044 0.0197765
401.544 0.00373688 351690 0.020669
403.43 0.00385927 275630 0.0213459
405.315 0.00407781 204876 0.0225547
407.208 0.00425489 150770 0.0235341
409.126 0.00444752 100542 0.0245996
411.007 0.00460869 59294 0.0254911
412.885 0.0049683 32538 0.0274801
414.786 0.00529024 11726 0.0292608
416.481 0.00597534 1560 0.0330501
417.899 0.0157578 1 0.0871578
