# in Mpc/h Units 
# D1 = 0.321902 
# k P N P(z=0)
0.628319 21.8104 6 210.482
0.888577 11.7183 12 113.088
1.08828 7.66955 8 74.0153
1.25664 6.29667 6 60.7663
1.40496 3.92547 24 37.8829
1.53906 3.76089 24 36.2947
1.77715 1.90268 12 18.3619
1.88496 3.01253 30 29.0726
1.98692 1.81238 24 17.4905
2.0839 2.40608 24 23.22
2.17656 1.8403 8 17.7599
2.26543 2.00268 24 19.3269
2.35095 2.09697 48 20.2369
2.51327 1.57543 6 15.2037
2.59062 1.5445 48 14.9052
2.66573 1.19228 36 11.5062
2.73878 0.987839 24 9.53319
2.80993 1.4015 24 13.5253
2.87932 1.09642 48 10.5811
2.94708 1.92961 24 18.6218
3.07812 1.12584 24 10.8649
3.14159 1.60174 30 15.4577
3.20381 0.918524 72 8.86426
3.26484 0.954005 32 9.20667
3.3836 0.808492 72 7.80239
3.44144 1.08305 48 10.452
3.55431 1.2019 12 11.599
3.60942 0.643595 48 6.21104
3.6637 0.892933 48 8.61729
3.71718 0.869902 48 8.39503
3.76991 0.527688 30 5.09248
3.82191 0.5001 24 4.82624
3.87322 0.7197 72 6.94549
3.97384 0.770036 24 7.43127
4.0232 0.804702 96 7.76581
4.07197 0.881346 48 8.50547
4.12016 0.768148 24 7.41305
4.16779 0.669245 24 6.45858
4.21489 0.600394 72 5.79413
4.26146 0.721509 48 6.96295
4.35312 0.902042 8 8.7052
4.39823 0.729793 54 7.0429
4.44288 0.813813 84 7.85374
4.48709 0.534661 48 5.15977
4.53087 0.826788 24 7.97896
4.57423 0.597989 72 5.77092
4.61718 0.478993 96 4.62255
4.70191 0.516334 48 4.98291
4.7437 0.648966 48 6.26287
4.78513 0.986058 24 9.51599
4.82621 0.724023 72 6.98722
4.90732 0.556143 72 5.36709
4.94739 0.53527 96 5.16564
5.02655 0.327715 6 3.16262
5.06567 0.465787 96 4.4951
5.10448 0.582998 96 5.62625
5.14301 0.460576 24 4.44481
5.18125 0.546611 48 5.27509
5.21921 0.624266 96 6.02451
5.25689 0.414899 48 4.00401
5.33146 0.464414 36 4.48185
5.36836 0.573436 48 5.53397
5.405 0.444968 120 4.29418
5.4414 0.48469 56 4.67753
5.47755 0.787032 24 7.59529
5.51347 0.491839 96 4.74652
5.54916 0.429794 48 4.14775
5.61985 0.545785 24 5.26712
5.65487 0.532132 102 5.13537
5.68967 0.317328 48 3.06239
5.72425 0.459137 72 4.43093
5.75863 0.38823 48 3.74663
5.79281 0.391647 48 3.77961
5.82679 0.454875 120 4.38979
5.89415 0.5101 24 4.92274
5.92755 0.525361 144 5.07002
5.96075 0.406623 120 3.92413
5.99378 0.258632 48 2.49594
6.05928 0.455153 48 4.39247
6.09177 0.452844 96 4.37019
6.15624 0.318586 24 3.07453
6.18822 0.520508 48 5.02319
6.22004 0.412322 108 3.97913
6.25169 0.346733 72 3.34616
6.28319 0.469813 30 4.53395
6.31452 0.389179 168 3.75579
6.34571 0.400307 48 3.86318
6.40762 0.399681 72 3.85714
6.43835 0.403662 96 3.89556
6.46894 0.44223 72 4.26776
6.49938 0.379553 72 3.66289
6.52968 0.335321 32 3.23603
6.55984 0.355113 72 3.42703
6.58986 0.436614 144 4.21357
6.67912 0.330988 96 3.19422
6.70861 0.458899 96 4.42862
6.73797 0.50869 48 4.90914
6.7672 0.309984 72 2.99152
6.7963 0.422519 120 4.07754
6.82529 0.30478 72 2.94129
6.88288 0.435445 48 4.20229
6.9115 0.368229 78 3.55362
6.94001 0.292915 120 2.82679
6.96839 0.350501 48 3.38252
7.02481 0.357176 144 3.44694
7.05286 0.389539 144 3.75927
7.10861 0.268899 12 2.59502
7.13633 0.324099 144 3.12774
7.16393 0.368231 48 3.55363
7.19926 0.370484 168 3.57538
7.24612 0.276898 48 2.67222
7.27331 0.406343 168 3.92143
7.34532 0.378944 144 3.65702
7.38107 0.324771 96 3.13422
7.40777 0.30791 72 2.9715
7.43437 0.349307 48 3.371
7.46967 0.373877 144 3.60812
7.53982 0.232976 30 2.24835
7.58332 0.32323 288 3.11935
7.61796 0.406563 56 3.92355
7.66638 0.299213 192 2.88757
7.6953 0.297304 120 2.86915
7.76339 0.297303 216 2.86914
7.79723 0.307307 96 2.96568
7.8225 0.270576 96 2.61121
7.87281 0.350125 72 3.37889
7.89784 0.289693 96 2.79569
7.94767 0.394374 24 3.80593
7.98137 0.310157 300 2.99318
8.02183 0.327641 24 3.16192
8.05865 0.298661 192 2.88224
8.09532 0.292855 120 2.82621
8.14394 0.347059 48 3.3493
8.18379 0.3246 222 3.13256
8.21633 0.343215 120 3.31222
8.26125 0.30687 192 2.96146
8.28809 0.332281 144 3.20669
8.33559 0.239177 24 2.30819
8.37495 0.287359 144 2.77317
8.40633 0.33788 120 3.26073
8.44439 0.315727 192 3.04693
8.47648 0.263106 144 2.53912
8.52293 0.288259 48 2.78186
8.55594 0.267861 336 2.585
8.59213 0.354509 48 3.4212
8.64252 0.257836 240 2.48826
8.70624 0.252419 8 2.43598
8.72888 0.261979 48 2.52824
8.7579 0.328655 336 3.1717
8.81192 0.26088 174 2.51764
8.84123 0.214193 120 2.06708
8.89978 0.254666 228 2.45766
8.9427 0.216918 168 2.09338
8.98883 0.255901 144 2.46958
9.01807 0.259846 240 2.50765
9.06174 0.2193 24 2.11636
9.0897 0.289787 336 2.7966
9.13765 0.330297 144 3.18755
9.17922 0.284291 168 2.74357
9.23436 0.250101 96 2.41362
9.26754 0.264996 216 2.55736
9.32651 0.238981 288 2.3063
9.36174 0.238105 144 2.29785
9.41969 0.259178 198 2.50121
9.4573 0.310366 216 2.9952
9.50225 0.291079 168 2.80907
9.52892 0.266642 240 2.57324
9.58792 0.239616 168 2.31243
9.62314 0.237643 336 2.29339
9.68099 0.223783 240 2.15963
9.7638 0.264831 276 2.55576
9.81837 0.295227 344 2.8491
9.85479 0.274195 144 2.64613
9.90673 0.252054 240 2.43246
9.94528 0.270946 312 2.61478
10.0098 0.283185 240 2.73289
10.0531 0.120014 6 1.1582
10.0874 0.273232 384 2.63684
10.1448 0.291009 312 2.8084
10.1924 0.237489 168 2.2919
10.2421 0.234 336 2.25823
10.2983 0.253191 336 2.44343
10.3243 0.213124 192 2.05676
10.3879 0.26511 288 2.55846
10.4279 0.246441 216 2.37829
10.4705 0.284194 240 2.74262
10.5349 0.232682 384 2.24551
10.57 0.245219 72 2.3665
10.6152 0.229876 336 2.21843
10.6914 0.240862 378 2.32445
10.7244 0.243966 144 2.35441
10.7631 0.261763 384 2.52615
10.826 0.243584 384 2.35071
10.8777 0.227847 344 2.19885
10.919 0.218306 144 2.10677
10.9816 0.21758 456 2.09976
11.0311 0.216378 312 2.08816
11.0746 0.233963 144 2.25787
11.1354 0.242259 552 2.33793
11.1965 0.17893 264 1.72677
11.2557 0.213466 264 2.06006
11.2926 0.211948 294 2.04542
11.3378 0.210958 432 2.03586
11.3986 0.229434 432 2.21417
11.4516 0.213672 264 2.06206
11.4915 0.204126 192 1.96993
11.5567 0.202635 468 1.95554
11.6093 0.220149 552 2.12456
11.6705 0.203023 336 1.95928
11.7239 0.194274 288 1.87485
11.7777 0.211368 456 2.03982
11.8366 0.203575 432 1.96461
11.8788 0.173217 168 1.67164
11.9469 0.204485 566 1.9734
12.0077 0.203692 432 1.96574
12.0751 0.187294 432 1.80749
12.1153 0.218283 360 2.10655
12.1711 0.20954 624 2.02217
12.2203 0.182404 264 1.7603
12.2718 0.202491 360 1.95415
12.3453 0.185763 456 1.79272
12.3969 0.194486 504 1.87689
12.467 0.195264 564 1.88441
12.526 0.194722 384 1.87917
12.5876 0.180301 462 1.74001
12.6429 0.211878 624 2.04473
12.7121 0.161565 432 1.55919
12.7677 0.203392 624 1.96285
12.8318 0.20066 312 1.93647
12.8807 0.198605 552 1.91665
12.9504 0.192435 408 1.8571
12.9878 0.19215 600 1.85435
13.0701 0.176774 608 1.70597
13.1297 0.1826 504 1.76219
13.1933 0.162956 510 1.57262
13.258 0.17803 600 1.71808
13.3214 0.177397 492 1.71198
13.3672 0.167653 552 1.61794
13.4446 0.165164 696 1.59393
13.492 0.160961 504 1.55336
13.5589 0.180235 528 1.73937
13.6149 0.184864 624 1.78403
13.6788 0.17103 504 1.65053
13.7489 0.176857 552 1.70676
13.8157 0.152212 654 1.46893
13.8792 0.16023 840 1.54631
13.9482 0.168539 744 1.62649
14.0148 0.152089 456 1.46774
14.0735 0.176119 648 1.69964
14.1506 0.164854 896 1.59093
14.2105 0.153 396 1.47653
14.2726 0.156297 816 1.50835
14.348 0.153643 672 1.48274
14.4008 0.143045 552 1.38046
14.474 0.160949 894 1.55324
14.5447 0.144046 672 1.39012
14.6112 0.156696 624 1.5122
14.6784 0.148324 888 1.43141
14.7376 0.169689 720 1.63759
14.8179 0.14954 936 1.44314
14.8977 0.153461 648 1.48098
14.9637 0.13905 936 1.34191
15.0285 0.149817 696 1.44582
15.1106 0.150766 618 1.45498
15.1697 0.139166 1008 1.34303
15.237 0.135993 872 1.31241
15.3147 0.145852 960 1.40755
15.3934 0.149714 888 1.44482
15.4569 0.141702 648 1.3675
15.5288 0.14548 840 1.40396
15.5941 0.146768 912 1.41639
15.6682 0.143977 774 1.38946
15.7451 0.140504 1272 1.35594
15.8249 0.134738 912 1.30029
15.9019 0.136496 864 1.31726
15.9745 0.143245 924 1.38239
16.0428 0.143346 1080 1.38337
16.1255 0.135059 1008 1.30339
16.1989 0.132051 1128 1.27436
16.2879 0.128337 768 1.23852
16.35 0.139455 1046 1.34582
16.4304 0.128497 1152 1.24007
16.512 0.132842 1272 1.28199
16.5918 0.136154 912 1.31396
16.6638 0.123184 1200 1.18879
16.7465 0.139957 1080 1.35066
16.81 0.142245 840 1.37274
16.9017 0.126222 1332 1.21811
16.9783 0.124137 1062 1.19799
17.0536 0.129934 1320 1.25393
17.142 0.134314 1248 1.2962
17.2167 0.123748 1104 1.19424
17.3001 0.126973 1392 1.22535
17.3739 0.115754 776 1.11709
17.4601 0.122119 1728 1.17851
17.5449 0.124375 1224 1.20029
17.633 0.1248 1254 1.20439
17.7179 0.120119 1368 1.15921
17.7982 0.123352 1236 1.19042
17.8748 0.123945 1608 1.19614
17.9662 0.120916 1008 1.1669
18.0329 0.116679 1488 1.12601
18.1298 0.114125 1440 1.10137
18.2161 0.110157 1158 1.06308
18.2962 0.117681 1824 1.13569
18.3819 0.110611 1464 1.06746
18.4763 0.115058 1448 1.11037
18.557 0.112187 1560 1.08267
18.6484 0.10864 1428 1.04844
18.7347 0.111177 1680 1.07292
18.8277 0.10819 1494 1.04409
18.9164 0.10363 1944 1.00008
19.0083 0.107066 1368 1.03324
19.0912 0.108915 1584 1.05108
19.1791 0.105387 1776 1.01704
19.2627 0.0985032 1440 0.95061
19.355 0.105975 1968 1.02271
19.4476 0.102338 1374 0.987618
19.5383 0.107127 2100 1.03384
19.6314 0.105487 1640 1.01801
19.731 0.0996641 2496 0.961813
19.8246 0.0973977 1248 0.939941
19.8969 0.0916225 1512 0.884207
20.0004 0.0931051 2280 0.898515
20.0981 0.100614 1926 0.970984
20.1907 0.0958526 2064 0.92503
20.2923 0.100474 1920 0.969626
20.3766 0.0986073 1944 0.951614
20.4817 0.0957726 2172 0.924258
20.5802 0.0931385 2256 0.898837
20.6744 0.0943353 1736 0.910388
20.7695 0.0982101 2094 0.947781
20.8661 0.0895183 2328 0.8639
20.9635 0.0940553 2256 0.907685
21.0605 0.0920927 1920 0.888745
21.1552 0.0923877 2520 0.891592
21.2598 0.0868356 2088 0.838011
21.3716 0.0919158 2634 0.887037
21.4685 0.0896742 2328 0.865405
21.5636 0.0828197 2304 0.799255
21.67 0.088533 2568 0.854391
21.7712 0.0916673 2024 0.884639
21.856 0.0900387 2352 0.868923
21.964 0.0850656 2718 0.820929
22.0689 0.0836669 2520 0.807432
22.1792 0.0863695 2772 0.833513
22.2806 0.0799972 2640 0.772017
22.3891 0.080741 2880 0.779195
22.4992 0.0811711 2448 0.783345
22.5967 0.0817824 2478 0.789245
22.6978 0.0762934 2904 0.736273
22.8073 0.0784212 2816 0.756807
22.9091 0.0758689 3024 0.732177
23.0305 0.0760131 2952 0.733568
23.1358 0.0762338 2796 0.735698
23.2405 0.0734056 2982 0.708405
23.355 0.075938 3312 0.732843
23.4601 0.070558 2688 0.680923
23.5688 0.0762401 3144 0.735759
23.6855 0.0693163 3672 0.66894
23.7877 0.0724625 2328 0.699302
23.9086 0.071902 4046 0.693893
24.0233 0.0755713 2844 0.729304
24.1291 0.0702596 3600 0.678044
24.2431 0.072642 3264 0.701035
24.3572 0.0711386 3288 0.686527
24.4685 0.0687922 3198 0.663882
24.5798 0.0686557 3864 0.662564
24.6976 0.0699279 3456 0.674842
24.8127 0.0721524 3744 0.69631
24.936 0.0689407 3876 0.665315
25.0523 0.0665446 3392 0.642192
25.1669 0.0666329 3918 0.643044
25.2872 0.0639503 3864 0.617155
25.4083 0.0653679 4104 0.630835
25.5199 0.0641367 3480 0.618954
25.6387 0.0634254 4080 0.61209
25.7664 0.0649726 4170 0.627021
25.8855 0.0644837 4176 0.622303
26.008 0.0633011 4560 0.610891
26.1336 0.0621613 3656 0.599891
26.2469 0.061405 4344 0.592591
26.3809 0.0613657 4830 0.592213
26.5071 0.0623069 4416 0.601296
26.6256 0.0613396 3876 0.59196
26.7421 0.0600407 4752 0.579426
26.8761 0.0612915 4968 0.591496
27.01 0.0587832 4494 0.56729
27.124 0.0596266 4200 0.575429
27.2568 0.0575897 5792 0.555772
27.3851 0.0587297 4224 0.566774
27.5155 0.0559369 5220 0.539821
27.6427 0.0572565 4590 0.552557
27.7657 0.0578734 5328 0.55851
27.902 0.0563787 5304 0.544085
28.0352 0.0566976 5040 0.547163
28.1565 0.0563963 4920 0.544255
28.2918 0.0534351 5750 0.515678
28.4302 0.0532987 5388 0.514361
28.5589 0.0542442 5784 0.523486
28.6971 0.0540682 5400 0.521788
28.8304 0.0522628 5640 0.504364
28.9695 0.0517962 5934 0.499862
29.1035 0.0513701 6120 0.495749
29.2425 0.0518126 5544 0.50002
29.3779 0.0501941 6164 0.484401
29.5153 0.0515935 5838 0.497905
29.6461 0.0496613 6144 0.479259
29.7907 0.0490383 6288 0.473247
29.9258 0.0505648 6576 0.487978
30.0748 0.0482374 6504 0.465517
30.2188 0.0487079 6594 0.470058
30.361 0.0473021 7008 0.456491
30.5003 0.0482237 6200 0.465385
30.6412 0.0473092 6768 0.456559
30.7876 0.0475304 7182 0.458694
30.9298 0.0452227 6864 0.436424
31.0761 0.0467447 7308 0.451112
31.2204 0.0460331 6744 0.444245
31.3652 0.0464731 7686 0.448491
31.5175 0.0440101 7280 0.424721
31.662 0.0448416 7920 0.432746
31.8151 0.042542 7560 0.410554
31.9599 0.0444543 6948 0.429008
32.1058 0.0441461 8430 0.426034
32.2645 0.041765 8328 0.403055
32.4166 0.0426923 7824 0.412004
32.568 0.0430886 8160 0.415829
32.7167 0.0417824 8030 0.403223
32.8774 0.0410075 9372 0.395745
33.0313 0.0410089 7968 0.395758
33.1826 0.0411056 8568 0.396691
33.3427 0.041349 8934 0.39904
33.4947 0.0397668 8952 0.383771
33.6524 0.0396932 8880 0.383061
33.8146 0.0402524 9548 0.388458
33.9739 0.0398196 9126 0.384281
34.1313 0.0392034 9384 0.378334
34.2874 0.0387716 9288 0.374167
34.4468 0.0376037 9792 0.362896
34.6116 0.0376159 9570 0.363014
34.771 0.0376741 10376 0.363576
34.9362 0.0362997 10152 0.350312
35.1033 0.0373063 9960 0.360026
35.2646 0.0360527 10782 0.347928
35.4377 0.0367569 10992 0.354724
35.6063 0.0358472 10452 0.345945
35.7696 0.0349269 10806 0.337064
35.9426 0.0351934 11312 0.339636
36.1079 0.034633 11112 0.334227
36.2754 0.0349979 10848 0.337749
36.4449 0.035245 11394 0.340134
36.6133 0.0340861 11952 0.328949
36.7846 0.0340725 11352 0.328818
36.9601 0.0347268 12584 0.335133
37.1397 0.0337743 12390 0.32594
37.3143 0.0326611 12252 0.315197
37.4848 0.0316692 12240 0.305625
37.663 0.0329291 12486 0.317784
37.8363 0.0321574 13080 0.310336
38.0139 0.0318994 12968 0.307846
38.1916 0.0322823 12612 0.311542
38.369 0.0311535 13974 0.300648
38.5541 0.0308605 13944 0.297821
38.7327 0.0297877 12840 0.287468
38.91 0.030518 14358 0.294516
39.0994 0.0300639 14588 0.290133
39.2843 0.030306 14688 0.29247
39.4661 0.0302451 13560 0.291881
39.6505 0.029961 15582 0.28914
39.8367 0.0295174 14544 0.284859
40.0233 0.029862 15420 0.288184
40.2152 0.0289827 15614 0.279699
40.399 0.0289416 14880 0.279302
40.5874 0.0290378 16728 0.28023
40.7843 0.0283976 15690 0.274052
40.9716 0.0280799 16248 0.270986
41.1602 0.0281883 16584 0.272032
41.3596 0.0276889 16904 0.267213
41.5548 0.0273033 17430 0.263491
41.7499 0.027421 16908 0.264627
41.9429 0.026906 17640 0.259657
42.1439 0.0271581 17550 0.262091
42.34 0.0266461 18696 0.25715
42.5408 0.0265343 17792 0.25607
42.739 0.0259101 18138 0.250046
42.937 0.0263101 19392 0.253907
43.1414 0.0256903 18768 0.247925
43.3421 0.0251667 19038 0.242872
43.5438 0.025362 19460 0.244758
43.7444 0.0251997 19992 0.24319
43.96 0.025101 21174 0.242239
44.1671 0.0248192 20040 0.239518
44.3727 0.0247353 20628 0.238709
44.5802 0.0247624 20798 0.238971
44.7878 0.0242765 21480 0.234281
44.9991 0.0242515 21792 0.23404
45.2114 0.0241776 21414 0.233327
45.4235 0.0238761 23100 0.230417
45.6374 0.0234281 21992 0.226094
45.8534 0.0239157 23406 0.2308
46.0666 0.0231205 22536 0.223125
46.284 0.0228903 24348 0.220904
46.5042 0.02248 23598 0.216944
46.7214 0.0228309 24224 0.22033
46.9406 0.0223623 24648 0.215808
47.1626 0.0221401 24618 0.213664
47.3743 0.0221371 24192 0.213635
47.5977 0.0222999 26208 0.215207
47.8226 0.0214869 25790 0.20736
48.0485 0.0213319 26916 0.205865
48.2752 0.0216119 26214 0.208567
48.5019 0.0207192 27528 0.199952
48.7306 0.0210947 27720 0.203575
48.961 0.0209409 27122 0.202091
49.1868 0.0206058 28632 0.198857
49.4198 0.0206469 28680 0.199254
49.6522 0.0206571 28722 0.199352
49.8833 0.0199522 30000 0.192549
50.1204 0.0205497 29408 0.198316
50.355 0.0197946 30678 0.191028
50.5916 0.0195424 30660 0.188595
50.8313 0.0194991 31494 0.188177
51.0704 0.0194583 31448 0.187783
51.3084 0.0191369 32160 0.184682
51.5543 0.0191753 33090 0.185053
51.795 0.0190141 32664 0.183496
52.0364 0.0185877 32718 0.179381
52.2793 0.0185682 34472 0.179194
52.526 0.0182697 34260 0.176312
52.7713 0.0181325 34302 0.174989
53.0156 0.0177811 35472 0.171598
53.2669 0.0176542 36020 0.170373
53.5188 0.0176284 36942 0.170123
53.77 0.0176288 36360 0.170127
54.0241 0.0173088 38166 0.16704
54.2756 0.0169583 36804 0.163657
54.5284 0.0168882 38864 0.16298
54.787 0.016837 39366 0.162486
55.0466 0.0167427 40068 0.161576
55.3028 0.0164295 38910 0.158554
55.5606 0.0163552 41360 0.157837
55.8224 0.0162596 40782 0.156914
56.083 0.0162803 42204 0.157114
56.345 0.0159943 41544 0.154354
56.6114 0.0159697 44510 0.154117
56.8794 0.0159715 42948 0.154134
57.145 0.0156187 44478 0.150729
57.4166 0.0153638 46032 0.148269
57.6877 0.0152991 44402 0.147645
57.954 0.015046 46320 0.145202
58.2264 0.0148689 46848 0.143493
58.5017 0.014887 47814 0.143667
58.7762 0.0147073 48260 0.141933
59.0569 0.0146707 49758 0.14158
59.3327 0.0144922 49032 0.139857
59.6104 0.0142092 49770 0.137126
59.8885 0.014145 51056 0.136507
60.1688 0.0138798 51504 0.133948
60.453 0.0139574 52866 0.134696
60.7362 0.0138012 52848 0.133189
61.0229 0.0136472 54542 0.131703
61.3094 0.01341 54276 0.129414
61.5957 0.0134841 55062 0.130128
61.8839 0.0132487 56568 0.127857
62.177 0.0130175 57266 0.125626
62.4688 0.0129425 58056 0.124902
62.7616 0.012722 57750 0.122774
63.0554 0.0127589 60380 0.12313
63.3541 0.0126265 60390 0.121853
63.652 0.0125746 61608 0.121352
63.9512 0.0124361 61362 0.120016
64.251 0.0123604 63752 0.119284
64.554 0.0122801 63528 0.118509
64.8554 0.012106 64050 0.11683
65.1549 0.0119233 64784 0.115066
65.4649 0.0119353 68814 0.115183
65.7741 0.0116889 66156 0.112804
66.081 0.0116555 68718 0.112482
66.3899 0.0116508 69104 0.112437
66.7047 0.0115857 71682 0.111808
67.0183 0.0114802 70512 0.11079
67.3306 0.0112981 72278 0.109033
67.6483 0.0111844 74532 0.107935
67.9687 0.010933 74454 0.10551
68.2871 0.010955 75540 0.105722
68.6079 0.0108947 76526 0.10514
68.9314 0.0107711 78648 0.103947
69.2548 0.0106782 77370 0.10305
69.5723 0.0105375 78272 0.101693
69.8997 0.0103402 82710 0.0997884
70.2314 0.010317 82146 0.0995644
70.5609 0.0101486 83712 0.0979397
70.8938 0.0101706 84710 0.0981519
71.2273 0.0100421 86172 0.0969113
71.5624 0.0099461 86406 0.0959853
71.8964 0.00985835 88244 0.0951385
72.2353 0.00961452 89670 0.0927854
72.5741 0.00962513 90792 0.0928877
72.9184 0.00959313 93194 0.0925789
73.2605 0.00955946 92352 0.0922541
73.6035 0.00942601 94914 0.0909661
73.9481 0.00939063 95504 0.0906247
74.2951 0.00925868 97230 0.0893513
74.6441 0.00916525 98802 0.0884496
74.9957 0.00906124 100952 0.0874459
75.3469 0.00903206 99990 0.0871643
75.6983 0.00898307 103356 0.0866915
76.0565 0.00890498 105014 0.085938
76.4149 0.0087878 106548 0.0848071
76.7736 0.00862287 106302 0.0832154
77.1306 0.00856143 108002 0.0826225
77.4926 0.00855494 111696 0.0825598
77.8598 0.00845831 112158 0.0816273
78.2245 0.00836251 113300 0.0807028
78.5923 0.00833065 115302 0.0803953
78.9616 0.00824364 117396 0.0795557
79.3312 0.00817174 117158 0.0788617
79.7042 0.00813311 121470 0.0784889
80.0776 0.00802747 120660 0.0774695
80.4553 0.00792412 125030 0.0764721
80.8343 0.00785145 125388 0.0757707
81.2158 0.00781527 128094 0.0754217
81.5959 0.00773064 127058 0.0746049
81.9781 0.00760267 132336 0.0733699
82.3648 0.00758946 132006 0.0732425
82.7505 0.00756491 134162 0.0730055
83.14 0.00752797 137760 0.072649
83.5324 0.00744607 137802 0.0718587
83.9214 0.00734869 139016 0.0709189
84.3171 0.00727118 144354 0.0701708
84.7141 0.00717235 142814 0.0692171
85.1084 0.00717824 145932 0.069274
85.5081 0.00712643 148206 0.068774
85.9091 0.00712021 150566 0.0687139
86.3128 0.00701266 152820 0.067676
86.7194 0.00700561 155142 0.067608
87.127 0.00687291 157220 0.0663273
87.5368 0.00681144 159198 0.0657341
87.9473 0.00676233 160994 0.0652602
88.3606 0.00675203 164544 0.0651608
88.7753 0.00663642 165282 0.0640451
89.1919 0.00661894 168350 0.0638764
89.6109 0.00651425 171660 0.0628661
90.0336 0.00645504 173622 0.0622946
90.4563 0.00639168 175034 0.0616832
90.8805 0.00637954 178512 0.061566
91.3051 0.00632713 178646 0.0610603
91.7348 0.00625822 185466 0.0603953
92.1672 0.00618665 185382 0.0597045
92.5992 0.0061083 188252 0.0589484
93.0354 0.00608717 192126 0.0587445
93.473 0.00602102 193562 0.0581062
93.9107 0.00600112 196176 0.0579141
94.3526 0.00595699 200130 0.0574882
94.7959 0.00590542 201326 0.0569905
95.2394 0.00588794 204972 0.0568218
95.6874 0.00582968 208406 0.0562596
96.1345 0.005742 208362 0.0554135
96.5874 0.00569254 217662 0.0549362
97.0451 0.00560641 217124 0.054105
97.4982 0.00565316 217446 0.0545561
97.9556 0.00555461 224690 0.053605
98.4147 0.00550898 224058 0.0531647
98.8771 0.00547644 231848 0.0528506
99.3453 0.00541931 233994 0.0522993
99.8112 0.00536002 234198 0.0517271
100.278 0.00536446 239708 0.0517699
100.751 0.00529934 243630 0.0511415
101.226 0.00524649 247010 0.0506315
101.699 0.00521989 246414 0.0503748
102.174 0.00514595 253772 0.0496612
102.654 0.00512291 256902 0.0494389
103.137 0.0050629 261066 0.0488597
103.624 0.00499881 265958 0.0482413
104.11 0.00494561 265098 0.0477278
104.596 0.00490234 271424 0.0473103
105.088 0.00487221 276858 0.0470195
105.585 0.00482293 281186 0.0465439
106.082 0.00479259 282918 0.0462511
106.577 0.00473278 285146 0.0456739
107.077 0.00469877 293280 0.0453457
107.581 0.00465718 294602 0.0449443
108.087 0.00460306 301278 0.044422
108.595 0.00454317 302954 0.043844
109.104 0.00450462 307674 0.043472
109.614 0.0044902 310560 0.0433329
110.13 0.00443407 320834 0.0427912
110.65 0.00441327 321582 0.0425905
111.17 0.00435392 325226 0.0420177
111.691 0.00434512 331422 0.0419328
112.216 0.00428521 335066 0.0413546
112.744 0.00425725 341340 0.0410848
113.272 0.00423157 342038 0.040837
113.803 0.00419527 351354 0.0404866
114.339 0.00415484 355478 0.0400965
114.877 0.0041329 360066 0.0398847
115.416 0.00407319 364634 0.0393085
115.957 0.00406296 369072 0.0392097
116.503 0.00400407 377642 0.0386415
117.053 0.00396823 382074 0.0382956
117.602 0.00394159 384014 0.0380385
118.154 0.00387899 393066 0.0374343
118.707 0.00383761 393950 0.037035
119.264 0.00378643 404154 0.0365411
119.826 0.0037945 409178 0.036619
120.388 0.00375307 413334 0.0362192
120.954 0.00372355 421196 0.0359343
121.521 0.00368561 422658 0.0355682
122.091 0.00364935 434990 0.0352182
122.666 0.003624 437442 0.0349736
123.241 0.00358855 443066 0.0346314
123.82 0.00355285 452150 0.0342869
124.401 0.00352201 455538 0.0339893
124.985 0.00349748 463382 0.0337526
125.571 0.00347233 468666 0.0335099
126.162 0.00342668 479642 0.0330693
126.756 0.00337779 482814 0.0325975
127.35 0.00336268 489386 0.0324517
127.948 0.00332788 498642 0.0321159
128.55 0.00329916 503450 0.0318387
129.154 0.00327837 512838 0.031638
129.761 0.0032633 517586 0.0314926
130.369 0.00322698 524372 0.0311421
130.98 0.00318117 534270 0.0307
131.596 0.00315818 540386 0.0304781
132.215 0.00313551 550938 0.0302594
132.836 0.0030892 554270 0.0298125
133.459 0.00308769 564978 0.0297979
134.087 0.00305034 574370 0.0294375
134.718 0.00301568 579614 0.029103
135.35 0.00298805 587778 0.0288363
135.985 0.00295563 596978 0.0285234
136.624 0.00293048 606570 0.0282808
137.267 0.00292298 613982 0.0282084
137.911 0.00287554 621200 0.0277505
138.558 0.00285464 631386 0.0275489
139.208 0.00283762 640418 0.0273846
139.864 0.00281543 651870 0.0271704
140.521 0.00278964 657770 0.0269215
141.18 0.00277008 667082 0.0267328
141.842 0.00274158 675810 0.0264578
142.509 0.00272698 689318 0.0263169
143.18 0.00268774 698754 0.0259382
143.854 0.00266683 706922 0.0257363
144.529 0.00264107 715562 0.0254877
145.208 0.00261377 727662 0.0252243
145.889 0.00258801 734426 0.0249757
146.572 0.00256534 745746 0.0247569
147.26 0.00254067 759698 0.0245188
147.952 0.00251584 768140 0.0242792
148.647 0.00249052 778770 0.0240349
149.347 0.00248218 795842 0.0239544
150.049 0.00245647 799442 0.0237062
150.754 0.00242739 816042 0.0234256
151.462 0.00240327 822038 0.0231929
152.173 0.00237708 837722 0.0229401
152.887 0.0023645 846330 0.0228187
153.605 0.00234584 860768 0.0226386
154.327 0.00232428 873722 0.0224305
155.052 0.00229953 885438 0.0221917
155.781 0.00227167 898730 0.0219229
156.513 0.00225826 908402 0.0217934
157.247 0.00223498 923226 0.0215687
157.985 0.00221827 933944 0.0214075
158.727 0.00219832 949730 0.021215
159.472 0.0021694 961278 0.0209359
160.222 0.00214944 981218 0.0207433
160.976 0.00213143 989186 0.0205695
161.73 0.00211202 1001016 0.0203822
162.489 0.00209667 1019138 0.020234
163.253 0.0020712 1032842 0.0199882
164.019 0.00206298 1045394 0.0199089
164.79 0.00204669 1066230 0.0197517
165.565 0.00202807 1075496 0.019572
166.341 0.00200227 1090154 0.019323
167.122 0.00198296 1110378 0.0191366
167.908 0.00196671 1124666 0.0189798
168.697 0.0019449 1139624 0.0187693
169.49 0.00192905 1157114 0.0186164
170.286 0.00191184 1171434 0.0184503
171.085 0.00189188 1188494 0.0182576
171.889 0.0018719 1205504 0.0180649
172.697 0.00185773 1226594 0.0179281
173.508 0.00183801 1235562 0.0177378
174.322 0.0018204 1259120 0.0175679
175.141 0.00179768 1274498 0.0173486
175.964 0.00178217 1295594 0.0171989
176.791 0.00176691 1308312 0.0170516
177.621 0.00174739 1333922 0.0168633
178.456 0.00173158 1348418 0.0167107
179.294 0.00171703 1366112 0.0165703
180.136 0.00169663 1389738 0.0163734
180.982 0.00167807 1407458 0.0161943
181.832 0.00166398 1426520 0.0160583
182.687 0.0016488 1448810 0.0159118
183.545 0.00163183 1465802 0.015748
184.406 0.00161465 1488456 0.0155822
185.272 0.00160258 1510766 0.0154658
186.142 0.00158738 1528298 0.015319
187.016 0.00157769 1552784 0.0152256
187.895 0.00155933 1579538 0.0150484
188.779 0.00154317 1595784 0.0148924
189.665 0.00153083 1619930 0.0147734
190.555 0.0015149 1637186 0.0146196
191.449 0.00150537 1669616 0.0145277
192.35 0.0014903 1691834 0.0143822
193.253 0.00147505 1706952 0.0142351
194.159 0.00145617 1739630 0.0140528
195.073 0.00144549 1765064 0.0139498
195.988 0.00144012 1783538 0.0138979
196.91 0.00141883 1817480 0.0136925
197.835 0.00141277 1837034 0.013634
198.765 0.00139831 1866512 0.0134944
199.698 0.00138677 1888242 0.0133831
200.636 0.00137834 1917056 0.0133018
201.577 0.00136502 1941554 0.0131732
202.525 0.00135113 1978040 0.0130391
203.477 0.00134041 1997426 0.0129357
204.433 0.00132808 2029256 0.0128167
205.393 0.00131751 2056370 0.0127147
206.357 0.0013061 2084000 0.0126046
207.326 0.00129165 2117778 0.0124651
208.3 0.00127709 2143952 0.0123246
209.278 0.00126723 2175614 0.0122294
210.261 0.00125701 2206400 0.0121308
211.248 0.00124293 2233970 0.0119949
212.241 0.00123123 2276456 0.0118821
213.239 0.00121933 2301848 0.0117672
214.24 0.00120443 2332922 0.0116234
215.246 0.00119243 2366960 0.0115076
216.256 0.00118263 2397698 0.011413
217.272 0.00116896 2436644 0.0112811
218.293 0.00116152 2472608 0.0112093
219.319 0.00115016 2503050 0.0110997
220.348 0.00113941 2535392 0.0109959
221.383 0.00112728 2581088 0.0108789
222.424 0.00111594 2612762 0.0107694
223.469 0.00110395 2647964 0.0106537
224.518 0.00109403 2687216 0.010558
225.573 0.00108306 2724434 0.0104522
226.633 0.00107307 2765840 0.0103557
227.697 0.0010613 2798504 0.0102421
228.766 0.00105253 2841326 0.0101575
229.841 0.00104154 2886128 0.0100515
230.921 0.00103318 2920808 0.00997076
232.005 0.00102331 2967536 0.00987555
233.094 0.00101328 3000674 0.00977875
234.188 0.00100399 3050324 0.00968902
235.289 0.000993358 3094664 0.00958645
236.395 0.000985157 3136016 0.0095073
237.505 0.000980256 3179546 0.00946
238.621 0.000967028 3227060 0.00933235
239.742 0.000958459 3271832 0.00924966
240.868 0.000949767 3315440 0.00916576
241.998 0.000941931 3363800 0.00909015
243.135 0.000932836 3414158 0.00900238
244.278 0.000921096 3459752 0.00888908
245.425 0.000915921 3508864 0.00883914
246.578 0.000906965 3560804 0.00875271
247.736 0.000896985 3608912 0.00865639
248.9 0.000889512 3660608 0.00858428
250.068 0.000882465 3707846 0.00851627
251.243 0.000874748 3769664 0.0084418
252.424 0.000864802 3822920 0.00834581
253.609 0.000856977 3863564 0.0082703
254.8 0.000848792 3930704 0.0081913
255.998 0.000840298 3986168 0.00810933
257.2 0.000831036 4034228 0.00801995
258.406 0.000823805 4090816 0.00795017
259.62 0.000817128 4160360 0.00788573
260.841 0.000809058 4213436 0.00780785
262.066 0.000801731 4270976 0.00773714
263.296 0.000792821 4332308 0.00765116
264.533 0.000785778 4395896 0.00758318
265.775 0.000779306 4454378 0.00752073
267.023 0.000771745 4517036 0.00744776
268.278 0.000764196 4588552 0.00737491
269.539 0.000756929 4651316 0.00730478
270.805 0.000749537 4711190 0.00723344
272.076 0.000741008 4782704 0.00715113
273.355 0.000734322 4849964 0.0070866
274.639 0.000726776 4917080 0.00701379
275.928 0.000719103 4985260 0.00693974
277.224 0.000711346 5060456 0.00686487
278.527 0.000705262 5127788 0.00680616
279.835 0.000698937 5201672 0.00674512
281.149 0.000692374 5278196 0.00668178
282.47 0.000685998 5350384 0.00662026
283.797 0.000679447 5423492 0.00655703
285.13 0.000673776 5504720 0.00650231
286.469 0.000668277 5581268 0.00644924
287.815 0.000662157 5659270 0.00639018
289.166 0.000655444 5736332 0.0063254
290.524 0.000648977 5823104 0.00626298
291.889 0.000642666 5909900 0.00620208
293.261 0.000637425 5986168 0.0061515
294.637 0.000631955 6064034 0.00609871
296.021 0.000626349 6162248 0.00604461
297.412 0.00061915 6249932 0.00597514
298.81 0.000613501 6331588 0.00592062
300.213 0.000607868 6424736 0.00586626
301.623 0.000601997 6515066 0.0058096
303.04 0.00059571 6607552 0.00574892
304.463 0.000591724 6691412 0.00571046
305.892 0.000584758 6796676 0.00564324
307.33 0.000579268 6894838 0.00559025
308.773 0.000573822 6983324 0.0055377
310.224 0.00056784 7094120 0.00547996
311.681 0.000561569 7182634 0.00541945
313.145 0.000556772 7295588 0.00537315
314.616 0.000551597 7389992 0.00532321
316.094 0.000546662 7499434 0.00527558
317.579 0.000541458 7606244 0.00522536
319.07 0.000536237 7703654 0.00517498
320.568 0.000530934 7823908 0.0051238
322.074 0.000525765 7933148 0.00507392
323.587 0.000521564 8035210 0.00503338
325.107 0.000516943 8168648 0.00498878
326.635 0.000512164 8270402 0.00494266
328.169 0.000506486 8396284 0.00488786
329.71 0.000502687 8496608 0.00485121
331.258 0.000498111 8636482 0.00480704
332.814 0.000493321 8744780 0.00476082
334.377 0.00048897 8878274 0.00471883
335.948 0.000484247 8998288 0.00467325
337.526 0.000479422 9127058 0.00462668
339.111 0.00047496 9258676 0.00458362
340.704 0.000470254 9394994 0.00453821
342.305 0.000466096 9518530 0.00449808
343.912 0.000462133 9652352 0.00445984
345.528 0.000457771 9800506 0.00441774
347.151 0.000453784 9929156 0.00437926
348.782 0.000449298 10079002 0.00433597
350.42 0.000445155 10202930 0.00429599
352.065 0.000441959 10362148 0.00426514
353.719 0.000436974 10508450 0.00421704
355.38 0.000433412 10647784 0.00418267
357.05 0.000429291 10817954 0.0041429
358.727 0.000425893 10950034 0.0041101
360.411 0.000421689 11116484 0.00406953
362.105 0.000417928 11277610 0.00403323
363.806 0.000413413 11430154 0.00398966
365.514 0.000409325 11580074 0.00395021
367.23 0.000406355 11759140 0.00392154
368.955 0.000402412 11924378 0.0038835
370.689 0.00039923 12099850 0.00385279
372.43 0.000395222 12260050 0.0038141
374.18 0.00039104 12439484 0.00377375
375.937 0.00038764 12606226 0.00374094
377.703 0.000383759 12800474 0.00370348
379.477 0.000380915 12964258 0.00367604
381.259 0.000377371 13155874 0.00364183
383.05 0.000374083 13345394 0.00361011
384.849 0.000370506 13525540 0.00357558
386.657 0.000367439 13730122 0.00354599
388.473 0.000364114 13917890 0.0035139
390.298 0.000361167 14114938 0.00348546
392.131 0.000357629 14316682 0.00345131
393.974 0.00035456 14520626 0.0034217
395.824 0.000351764 14708962 0.00339471
397.682 0.000348819 14936002 0.00336629
399.55 0.000346251 15141986 0.00334151
401.428 0.00034313 15366994 0.00331139
403.313 0.000340506 15563242 0.00328607
405.207 0.000337066 15794614 0.00325287
407.111 0.000334287 16021226 0.00322606
409.023 0.000330813 16238338 0.00319253
410.944 0.000328406 16476706 0.00316929
412.874 0.000325878 16717282 0.0031449
414.814 0.00032358 16935730 0.00312272
416.762 0.000321218 17183270 0.00309993
418.719 0.000318842 17431546 0.003077
420.686 0.000316536 17672128 0.00305475
422.662 0.000314027 17929450 0.00303054
424.648 0.000312494 18181246 0.00301574
426.643 0.000310203 18436154 0.00299362
428.646 0.000308163 18688066 0.00297395
430.659 0.000306395 18966160 0.00295688
432.682 0.000304155 19228342 0.00293527
434.714 0.000302278 19497994 0.00291715
436.756 0.000300427 19789402 0.00289929
438.808 0.000298891 20048224 0.00288446
440.868 0.000297421 20340694 0.00287028
442.939 0.000295528 20631698 0.00285201
445.02 0.00029364 20920738 0.00283379
447.11 0.000292208 21224764 0.00281997
449.211 0.000290747 21524794 0.00280587
451.321 0.000289477 21819694 0.00279361
453.441 0.000288278 22136776 0.00278204
455.571 0.000286609 22446490 0.00276594
457.71 0.000285325 22753708 0.00275354
459.86 0.000284516 23092930 0.00274574
462.02 0.000283512 23405020 0.00273604
464.19 0.000282722 23744914 0.00272842
466.371 0.000282083 24090094 0.00272225
468.561 0.000281199 24416584 0.00271372
470.762 0.000280237 24763822 0.00270444
472.973 0.000279557 25116112 0.00269788
475.194 0.000279251 25474348 0.00269493
477.427 0.000279345 25839802 0.00269583
479.669 0.000279252 26191732 0.00269494
481.921 0.000279197 26563339 0.00269441
484.183 0.000278062 26678128 0.00268345
486.457 0.000275968 26655828 0.00266324
488.742 0.000274016 26675140 0.0026444
491.038 0.000272115 26644864 0.00262606
493.344 0.000270075 26631640 0.00260637
495.661 0.000268166 26619904 0.00258795
497.99 0.000266503 26596180 0.0025719
500.329 0.000264791 26557060 0.00255538
502.679 0.000262888 26532520 0.00253702
505.04 0.000261012 26493240 0.00251891
507.412 0.00025931 26453764 0.00250248
509.795 0.000257518 26412544 0.00248519
512.19 0.000256008 26360476 0.00247061
514.595 0.000254282 26299600 0.00245396
517.012 0.000252716 26254092 0.00243885
519.441 0.000251065 26178916 0.00242292
521.881 0.000249504 26116096 0.00240785
524.332 0.000247444 26040928 0.00238797
526.795 0.000246058 25967736 0.00237459
529.269 0.000244047 25862260 0.00235519
531.755 0.000242718 25796416 0.00234236
534.253 0.000241062 25689396 0.00232638
536.762 0.000239852 25577176 0.0023147
539.283 0.000238495 25489588 0.00230161
541.816 0.00023723 25373328 0.0022894
544.362 0.000235915 25250224 0.00227671
546.918 0.000234678 25122124 0.00226477
549.487 0.000233379 24990660 0.00225224
552.068 0.0002322 24856192 0.00224085
554.661 0.00023115 24706228 0.00223073
557.266 0.000229942 24558204 0.00221906
559.883 0.000228538 24392068 0.00220552
562.513 0.000227527 24237480 0.00219576
565.155 0.000226563 24064336 0.00218646
567.809 0.000225331 23876980 0.00217457
570.476 0.000224739 23697324 0.00216886
573.156 0.000223914 23498488 0.00216089
575.848 0.000223126 23292324 0.00215329
578.553 0.00022238 23100964 0.00214609
581.271 0.000222034 22862988 0.00214275
584 0.000221612 22634848 0.00213868
586.743 0.000220563 22410012 0.00212856
589.499 0.000219858 22160572 0.00212175
592.268 0.000219389 21915600 0.00211722
595.05 0.000218914 21645516 0.00211264
597.844 0.000218444 21372232 0.0021081
600.652 0.000218195 21101172 0.0021057
603.474 0.000218105 20815564 0.00210484
606.308 0.000218096 20504628 0.00210475
609.156 0.000218094 20204736 0.00210473
612.017 0.000218195 19883356 0.0021057
614.891 0.000218513 19552848 0.00210877
617.779 0.000218675 19217196 0.00211034
620.681 0.000219057 18861736 0.00211402
623.596 0.000219398 18502836 0.00211731
626.525 0.000219705 18135780 0.00212027
629.467 0.000220003 17749600 0.00212314
632.424 0.000220445 17354232 0.00212742
635.394 0.00022096 16953228 0.00213239
638.378 0.000221798 16529656 0.00214047
641.376 0.000222621 16099164 0.00214841
644.388 0.000223679 15659388 0.00215862
647.415 0.000224894 15207864 0.00217035
650.455 0.000225661 14736132 0.00217775
653.51 0.000226661 14255596 0.0021874
656.579 0.000227636 13762332 0.00219681
659.662 0.000228604 13252296 0.00220616
662.76 0.000229395 12731268 0.00221379
665.872 0.000230093 12198720 0.00222053
668.999 0.000230496 11649660 0.00222441
672.141 0.000230545 11081952 0.00222489
675.296 0.000229918 10500652 0.00221883
678.467 0.000229557 9911376 0.00221535
681.652 0.000227304 9301473 0.00219361
684.856 0.000224628 8737218 0.00216778
688.073 0.00022378 8239530 0.0021596
691.305 0.000222804 7788972 0.00215018
694.552 0.00022245 7357452 0.00214677
697.814 0.000222486 6958434 0.00214711
701.093 0.00022201 6572454 0.00214252
704.385 0.000222675 6204966 0.00214894
707.693 0.000223097 5851524 0.00215301
711.016 0.000224028 5518854 0.00216199
714.356 0.000224812 5192928 0.00216956
717.711 0.000225347 4883690 0.00217472
721.082 0.000226554 4585122 0.00218637
724.468 0.000228428 4294452 0.00220445
727.871 0.000230729 4020870 0.00222666
731.289 0.000232539 3750774 0.00224413
734.723 0.00023546 3496122 0.00227232
738.174 0.000238152 3250038 0.0022983
741.641 0.000241008 3010904 0.00232586
745.123 0.000244098 2783520 0.00235568
748.622 0.000247805 2566482 0.00239146
752.138 0.000250767 2355504 0.00242004
755.668 0.000254305 2154350 0.00245418
759.215 0.000259728 1964322 0.00250652
762.781 0.000264601 1782180 0.00255354
766.364 0.000269658 1608354 0.00260235
769.963 0.000275906 1442012 0.00266264
773.577 0.000284005 1285878 0.0027408
777.208 0.000290943 1137636 0.00280775
780.856 0.000296479 999476 0.00286118
784.519 0.000302468 867846 0.00291898
788.195 0.000310486 746768 0.00299636
791.894 0.000321718 636276 0.00310476
795.615 0.000331046 532566 0.00319478
799.345 0.000342716 435044 0.0033074
803.087 0.000352364 351690 0.0034005
806.861 0.000365652 275630 0.00352875
810.63 0.000372259 204876 0.0035925
814.415 0.000389387 150770 0.0037578
818.252 0.000404527 100542 0.00390391
822.015 0.00043158 59294 0.00416499
825.771 0.000433833 32538 0.00418672
829.571 0.000425174 11726 0.00410316
832.962 0.000430899 1560 0.00415841
835.799 0.000100882 1 0.000973563
