# in Mpc/h Units 
# D1 = 0.258436 
# k P N P(z=0)
0.628319 14.0192 6 209.903
0.888577 7.34778 12 110.015
1.08828 4.77377 8 71.4753
1.25664 3.55384 6 53.2099
1.40496 2.28322 24 34.1854
1.53906 2.22881 24 33.3709
1.77715 1.2595 12 18.8578
1.88496 1.72863 30 25.8819
1.98692 0.995727 24 14.9085
2.0839 1.24772 24 18.6814
2.17656 1.07252 8 16.0583
2.26543 1.03216 24 15.4541
2.35095 1.08293 48 16.2142
2.51327 0.653688 6 9.78733
2.59062 0.820699 48 12.2879
2.66573 0.625842 36 9.37042
2.73878 0.555111 24 8.3114
2.80993 0.732604 24 10.9689
2.87932 0.493301 48 7.38594
2.94708 0.869413 24 13.0173
3.07812 0.5809 24 8.69752
3.14159 0.741717 30 11.1054
3.20381 0.516866 72 7.73877
3.26484 0.478337 32 7.1619
3.3836 0.358638 72 5.3697
3.44144 0.683725 48 10.2371
3.55431 0.676614 12 10.1306
3.60942 0.405025 48 6.06423
3.6637 0.393298 48 5.88865
3.71718 0.425283 48 6.36754
3.76991 0.212995 30 3.18906
3.82191 0.187057 24 2.80071
3.87322 0.384115 72 5.75116
3.97384 0.425237 24 6.36686
4.0232 0.405443 96 6.0705
4.07197 0.387993 48 5.80923
4.12016 0.380919 24 5.70331
4.16779 0.280752 24 4.20355
4.21489 0.355143 72 5.31737
4.26146 0.353285 48 5.28956
4.35312 0.397971 8 5.95862
4.39823 0.361918 54 5.41882
4.44288 0.36042 84 5.39639
4.48709 0.250226 48 3.74651
4.53087 0.373036 24 5.58528
4.57423 0.274095 72 4.10389
4.61718 0.29683 96 4.44428
4.70191 0.229269 48 3.43273
4.7437 0.33572 48 5.02656
4.78513 0.382812 24 5.73165
4.82621 0.279065 72 4.1783
4.90732 0.1974 72 2.95556
4.94739 0.216728 96 3.24496
5.02655 0.143527 6 2.14896
5.06567 0.226725 96 3.39464
5.10448 0.26498 96 3.96741
5.14301 0.141504 24 2.11866
5.18125 0.260473 48 3.89992
5.21921 0.262603 96 3.93182
5.25689 0.217018 48 3.24931
5.33146 0.232482 36 3.48084
5.36836 0.234343 48 3.5087
5.405 0.209147 120 3.13145
5.4414 0.230463 56 3.4506
5.47755 0.418344 24 6.26365
5.51347 0.242786 96 3.63511
5.54916 0.236661 48 3.5434
5.61985 0.314377 24 4.707
5.65487 0.220957 102 3.30828
5.68967 0.181184 48 2.71277
5.72425 0.20188 72 3.02264
5.75863 0.210754 48 3.15552
5.79281 0.181703 48 2.72055
5.82679 0.214465 120 3.21108
5.89415 0.23521 24 3.52168
5.92755 0.232529 144 3.48154
5.96075 0.218101 120 3.26552
5.99378 0.139972 48 2.09574
6.05928 0.223541 48 3.34697
6.09177 0.209092 96 3.13063
6.15624 0.149182 24 2.23362
6.18822 0.20892 48 3.12805
6.22004 0.210472 108 3.15129
6.25169 0.183777 72 2.7516
6.28319 0.175716 30 2.63091
6.31452 0.180859 168 2.70791
6.34571 0.117186 48 1.75456
6.40762 0.174394 72 2.61112
6.43835 0.17111 96 2.56195
6.46894 0.222736 72 3.33492
6.49938 0.147739 72 2.21202
6.52968 0.172774 32 2.58685
6.55984 0.177773 72 2.6617
6.58986 0.181591 144 2.71887
6.67912 0.166877 96 2.49857
6.70861 0.205997 96 3.08428
6.73797 0.190216 48 2.84801
6.7672 0.141813 72 2.1233
6.7963 0.191428 120 2.86615
6.82529 0.161404 72 2.41663
6.88288 0.16701 48 2.50056
6.9115 0.166517 78 2.49318
6.94001 0.141566 120 2.11959
6.96839 0.145524 48 2.17886
7.02481 0.155758 144 2.33209
7.05286 0.154109 144 2.3074
7.10861 0.16178 12 2.42224
7.13633 0.133636 144 2.00087
7.16393 0.19452 48 2.91246
7.19926 0.170715 168 2.55604
7.24612 0.121137 48 1.81373
7.27331 0.161199 168 2.41356
7.34532 0.196135 144 2.93662
7.38107 0.152517 96 2.28356
7.40777 0.185278 72 2.77408
7.43437 0.143811 48 2.1532
7.46967 0.137623 144 2.06056
7.53982 0.173699 30 2.6007
7.58332 0.14822 288 2.21922
7.61796 0.183323 56 2.7448
7.66638 0.13291 192 1.99
7.6953 0.132461 120 1.98327
7.76339 0.130221 216 1.94973
7.79723 0.145014 96 2.17122
7.8225 0.127196 96 1.90444
7.87281 0.158803 72 2.37768
7.89784 0.146227 96 2.18938
7.94767 0.147782 24 2.21266
7.98137 0.133732 300 2.00231
8.02183 0.102771 24 1.53875
8.05865 0.153816 192 2.30301
8.09532 0.132324 120 1.98122
8.14394 0.154645 48 2.31542
8.18379 0.137968 222 2.06572
8.21633 0.128047 120 1.91719
8.26125 0.115913 192 1.73551
8.28809 0.120257 144 1.80055
8.33559 0.104372 24 1.56271
8.37495 0.119677 144 1.79186
8.40633 0.159682 120 2.39084
8.44439 0.137579 192 2.0599
8.47648 0.12267 144 1.83668
8.52293 0.140113 48 2.09785
8.55594 0.119328 336 1.78664
8.59213 0.114986 48 1.72163
8.64252 0.132079 240 1.97755
8.70624 0.226988 8 3.39858
8.72888 0.117849 48 1.76449
8.7579 0.127988 336 1.91629
8.81192 0.106639 174 1.59665
8.84123 0.115084 120 1.72309
8.89978 0.127659 228 1.91137
8.9427 0.110765 168 1.65843
8.98883 0.112893 144 1.69029
9.01807 0.10746 240 1.60895
9.06174 0.088766 24 1.32905
9.0897 0.123601 336 1.85061
9.13765 0.141549 144 2.11934
9.17922 0.105487 168 1.5794
9.23436 0.106279 96 1.59127
9.26754 0.125207 216 1.87467
9.32651 0.107355 288 1.60737
9.36174 0.117847 144 1.76447
9.41969 0.115242 198 1.72547
9.4573 0.127946 216 1.91568
9.50225 0.122838 168 1.83919
9.52892 0.132127 240 1.97828
9.58792 0.103086 168 1.54345
9.62314 0.117396 336 1.75771
9.68099 0.129213 240 1.93463
9.7638 0.113677 276 1.70203
9.81837 0.106626 344 1.59646
9.85479 0.0948367 144 1.41994
9.90673 0.0973272 240 1.45723
9.94528 0.111693 312 1.67232
10.0098 0.104806 240 1.5692
10.0531 0.0543256 6 0.813389
10.0874 0.100811 384 1.5094
10.1448 0.127355 312 1.90682
10.1924 0.106153 168 1.58937
10.2421 0.0999158 336 1.49599
10.2983 0.089926 336 1.34642
10.3243 0.107835 192 1.61456
10.3879 0.106704 288 1.59763
10.4279 0.102307 216 1.5318
10.4705 0.109041 240 1.63262
10.5349 0.0870058 384 1.30269
10.57 0.112901 72 1.69041
10.6152 0.0977705 336 1.46387
10.6914 0.100659 378 1.50711
10.7244 0.0758951 144 1.13634
10.7631 0.109033 384 1.63249
10.826 0.0974412 384 1.45894
10.8777 0.102899 344 1.54066
10.919 0.101943 144 1.52634
10.9816 0.0889003 456 1.33106
11.0311 0.0889533 312 1.33185
11.0746 0.0919201 144 1.37627
11.1354 0.0845287 552 1.2656
11.1965 0.0826926 264 1.23811
11.2557 0.0967763 264 1.44898
11.2926 0.0819163 294 1.22649
11.3378 0.0889308 432 1.33152
11.3986 0.0785649 432 1.17631
11.4516 0.0917276 264 1.37339
11.4915 0.0854262 192 1.27904
11.5567 0.0826852 468 1.238
11.6093 0.0879907 552 1.31744
11.6705 0.0841812 336 1.2604
11.7239 0.0957525 288 1.43365
11.7777 0.0905146 456 1.35523
11.8366 0.0794956 432 1.19025
11.8788 0.07919 168 1.18567
11.9469 0.077426 566 1.15926
12.0077 0.0845811 432 1.26639
12.0751 0.0917243 432 1.37334
12.1153 0.0767234 360 1.14874
12.1711 0.0855241 624 1.28051
12.2203 0.0964789 264 1.44453
12.2718 0.0852982 360 1.27713
12.3453 0.0786667 456 1.17784
12.3969 0.0752938 504 1.12734
12.467 0.086538 564 1.29569
12.526 0.0819904 384 1.2276
12.5876 0.0722971 462 1.08247
12.6429 0.080604 624 1.20684
12.7121 0.0810733 432 1.21387
12.7677 0.077461 624 1.15978
12.8318 0.0645115 312 0.965898
12.8807 0.0795293 552 1.19075
12.9504 0.0800786 408 1.19898
12.9878 0.0831164 600 1.24446
13.0701 0.075791 608 1.13478
13.1297 0.077856 504 1.1657
13.1933 0.075412 510 1.12911
13.258 0.072389 600 1.08384
13.3214 0.0793273 492 1.18773
13.3672 0.0775395 552 1.16096
13.4446 0.0806987 696 1.20826
13.492 0.0717925 504 1.07491
13.5589 0.0820198 528 1.22804
13.6149 0.0725714 624 1.08658
13.6788 0.0842786 504 1.26186
13.7489 0.0740521 552 1.10875
13.8157 0.0824615 654 1.23465
13.8792 0.0747916 840 1.11982
13.9482 0.0668736 744 1.00126
14.0148 0.0738961 456 1.10641
14.0735 0.0714965 648 1.07048
14.1506 0.0735617 896 1.1014
14.2105 0.0656716 396 0.983267
14.2726 0.0741029 816 1.1095
14.348 0.067064 672 1.00411
14.4008 0.0729614 552 1.09241
14.474 0.0689081 894 1.03173
14.5447 0.0727808 672 1.08971
14.6112 0.0672955 624 1.00758
14.6784 0.0630354 888 0.943798
14.7376 0.0770826 720 1.15412
14.8179 0.0660246 936 0.988553
14.8977 0.0626673 648 0.938286
14.9637 0.0684889 936 1.02545
15.0285 0.0695224 696 1.04092
15.1106 0.0719799 618 1.07772
15.1697 0.0631176 1008 0.945028
15.237 0.0599221 872 0.897183
15.3147 0.0687714 960 1.02968
15.3934 0.0616722 888 0.923386
15.4569 0.0606777 648 0.908496
15.5288 0.0650226 840 0.973551
15.5941 0.0704352 912 1.05459
15.6682 0.0654435 774 0.979853
15.7451 0.0648903 1272 0.971569
15.8249 0.0611462 912 0.915511
15.9019 0.054338 864 0.813575
15.9745 0.0612315 924 0.916789
16.0428 0.0571765 1080 0.856075
16.1255 0.0592993 1008 0.887858
16.1989 0.0573288 1128 0.858355
16.2879 0.0647431 768 0.969365
16.35 0.0589633 1046 0.882827
16.4304 0.0595395 1152 0.891455
16.512 0.0570645 1272 0.854397
16.5918 0.0612603 912 0.91722
16.6638 0.0586204 1200 0.877693
16.7465 0.05992 1080 0.897152
16.81 0.0575613 840 0.861836
16.9017 0.0609426 1332 0.912463
16.9783 0.0570364 1062 0.853976
17.0536 0.0516117 1320 0.772756
17.142 0.0536573 1248 0.803384
17.2167 0.0603226 1104 0.90318
17.3001 0.0554726 1392 0.830563
17.3739 0.0599202 776 0.897154
17.4601 0.057544 1728 0.861578
17.5449 0.0521254 1224 0.780447
17.633 0.0542871 1254 0.812812
17.7179 0.0517597 1368 0.774972
17.7982 0.0510327 1236 0.764086
17.8748 0.0548312 1608 0.820959
17.9662 0.054587 1008 0.817303
18.0329 0.0526365 1488 0.7881
18.1298 0.0512466 1440 0.76729
18.2161 0.0504297 1158 0.755059
18.2962 0.0520412 1824 0.779186
18.3819 0.0529493 1464 0.792783
18.4763 0.0508443 1448 0.761265
18.557 0.0508191 1560 0.760888
18.6484 0.0519561 1428 0.777912
18.7347 0.0479136 1680 0.717386
18.8277 0.0485894 1494 0.727505
18.9164 0.0472504 1944 0.707456
19.0083 0.0486613 1368 0.72858
19.0912 0.0460364 1584 0.68928
19.1791 0.0460469 1776 0.689437
19.2627 0.0472579 1440 0.707569
19.355 0.0478108 1968 0.715847
19.4476 0.0464369 1374 0.695276
19.5383 0.0498841 2100 0.746889
19.6314 0.045269 1640 0.677789
19.731 0.0455687 2496 0.682277
19.8246 0.0481518 1248 0.720952
19.8969 0.0479845 1512 0.718447
20.0004 0.0445999 2280 0.667771
20.0981 0.0449617 1926 0.673189
20.1907 0.0463722 2064 0.694308
20.2923 0.0426717 1920 0.638901
20.3766 0.0435746 1944 0.65242
20.4817 0.0458005 2172 0.685747
20.5802 0.0423706 2256 0.634394
20.6744 0.0429261 1736 0.642711
20.7695 0.046878 2094 0.701881
20.8661 0.043187 2328 0.646618
20.9635 0.041897 2256 0.627302
21.0605 0.0423311 1920 0.633802
21.1552 0.0438369 2520 0.656347
21.2598 0.0438249 2088 0.656167
21.3716 0.0415794 2634 0.622548
21.4685 0.0412212 2328 0.617183
21.5636 0.0413498 2304 0.61911
21.67 0.0427162 2568 0.639568
21.7712 0.0430766 2024 0.644963
21.856 0.038973 2352 0.583523
21.964 0.0394165 2718 0.590163
22.0689 0.0421642 2520 0.631303
22.1792 0.0401565 2772 0.601243
22.2806 0.0403627 2640 0.60433
22.3891 0.0394624 2880 0.59085
22.4992 0.0398589 2448 0.596787
22.5967 0.0416519 2478 0.623632
22.6978 0.0402434 2904 0.602543
22.8073 0.0397256 2816 0.594791
22.9091 0.0372046 3024 0.557046
23.0305 0.0384914 2952 0.576312
23.1358 0.0392821 2796 0.588151
23.2405 0.0356737 2982 0.534124
23.355 0.0372074 3312 0.557088
23.4601 0.0375315 2688 0.56194
23.5688 0.036574 3144 0.547605
23.6855 0.0374617 3672 0.560896
23.7877 0.0372023 2328 0.557012
23.9086 0.0360642 4046 0.539971
24.0233 0.0355943 2844 0.532936
24.1291 0.0369089 3600 0.552618
24.2431 0.0363294 3264 0.543942
24.3572 0.0349281 3288 0.52296
24.4685 0.0362122 3198 0.542186
24.5798 0.033921 3864 0.507881
24.6976 0.0346816 3456 0.51927
24.8127 0.0347546 3744 0.520364
24.936 0.0331715 3876 0.49666
25.0523 0.0335465 3392 0.502275
25.1669 0.0352876 3918 0.528343
25.2872 0.0327688 3864 0.490631
25.4083 0.0332102 4104 0.49724
25.5199 0.0325431 3480 0.487251
25.6387 0.0323647 4080 0.48458
25.7664 0.0322379 4170 0.482681
25.8855 0.0312422 4176 0.467774
26.008 0.0314547 4560 0.470956
26.1336 0.0305529 3656 0.457453
26.2469 0.0305622 4344 0.457593
26.3809 0.0295019 4830 0.441717
26.5071 0.0303946 4416 0.455083
26.6256 0.0303779 3876 0.454832
26.7421 0.0293796 4752 0.439885
26.8761 0.0290735 4968 0.435303
27.01 0.028564 4494 0.427675
27.124 0.0285955 4200 0.428146
27.2568 0.0291431 5792 0.436345
27.3851 0.0287698 4224 0.430755
27.5155 0.0276429 5220 0.413883
27.6427 0.0288033 4590 0.431257
27.7657 0.0273939 5328 0.410155
27.902 0.0269421 5304 0.403391
28.0352 0.0270213 5040 0.404576
28.1565 0.0275581 4920 0.412613
28.2918 0.026274 5750 0.393387
28.4302 0.0272038 5388 0.407308
28.5589 0.0269312 5784 0.403227
28.6971 0.0263453 5400 0.394455
28.8304 0.0261709 5640 0.391844
28.9695 0.0262151 5934 0.392505
29.1035 0.0262597 6120 0.393173
29.2425 0.0264531 5544 0.396069
29.3779 0.0263256 6164 0.394159
29.5153 0.0258718 5838 0.387366
29.6461 0.0249947 6144 0.374233
29.7907 0.02477 6288 0.370869
29.9258 0.0252426 6576 0.377944
30.0748 0.0242809 6504 0.363546
30.2188 0.0247258 6594 0.370207
30.361 0.0239878 7008 0.359158
30.5003 0.0241251 6200 0.361213
30.6412 0.0238673 6768 0.357353
30.7876 0.0240534 7182 0.360139
30.9298 0.0238292 6864 0.356783
31.0761 0.0237616 7308 0.355771
31.2204 0.0231413 6744 0.346483
31.3652 0.0234454 7686 0.351036
31.5175 0.0228912 7280 0.342738
31.662 0.0231302 7920 0.346317
31.8151 0.0229755 7560 0.344001
31.9599 0.0222016 6948 0.332413
32.1058 0.022485 8430 0.336657
32.2645 0.0222045 8328 0.332457
32.4166 0.0223893 7824 0.335224
32.568 0.021238 8160 0.317987
32.7167 0.0208582 8030 0.312299
32.8774 0.0212766 9372 0.318564
33.0313 0.0210721 7968 0.315501
33.1826 0.020774 8568 0.311038
33.3427 0.0203427 8934 0.30458
33.4947 0.0209811 8952 0.314139
33.6524 0.0208356 8880 0.31196
33.8146 0.0203494 9548 0.304681
33.9739 0.0200558 9126 0.300285
34.1313 0.0197261 9384 0.295348
34.2874 0.0193835 9288 0.29022
34.4468 0.0197908 9792 0.296318
34.6116 0.0187302 9570 0.280438
34.771 0.0189315 10376 0.283452
34.9362 0.0189201 10152 0.283281
35.1033 0.0184816 9960 0.276716
35.2646 0.0189481 10782 0.2837
35.4377 0.0185636 10992 0.277943
35.6063 0.0182638 10452 0.273454
35.7696 0.0185744 10806 0.278105
35.9426 0.0182163 11312 0.272743
36.1079 0.0178162 11112 0.266753
36.2754 0.0178616 10848 0.267432
36.4449 0.0179031 11394 0.268055
36.6133 0.0174615 11952 0.261442
36.7846 0.0176118 11352 0.263693
36.9601 0.0174709 12584 0.261584
37.1397 0.0171282 12390 0.256452
37.3143 0.016811 12252 0.251703
37.4848 0.0166101 12240 0.248694
37.663 0.0163781 12486 0.245221
37.8363 0.0166625 13080 0.249479
38.0139 0.0161282 12968 0.24148
38.1916 0.016148 12612 0.241776
38.369 0.0163722 13974 0.245132
38.5541 0.0159531 13944 0.238858
38.7327 0.0159485 12840 0.238789
38.91 0.0156025 14358 0.233608
39.0994 0.01568 14588 0.234768
39.2843 0.0154385 14688 0.231152
39.4661 0.0152419 13560 0.22821
39.6505 0.015462 15582 0.231505
39.8367 0.0149241 14544 0.223451
40.0233 0.0148014 15420 0.221614
40.2152 0.0148125 15614 0.221779
40.399 0.0150519 14880 0.225365
40.5874 0.0145139 16728 0.21731
40.7843 0.0143249 15690 0.214479
40.9716 0.0144549 16248 0.216426
41.1602 0.0142215 16584 0.212932
41.3596 0.0139421 16904 0.208747
41.5548 0.0136129 17430 0.20382
41.7499 0.0135943 16908 0.20354
41.9429 0.0135288 17640 0.202561
42.1439 0.0134443 17550 0.201295
42.34 0.0134615 18696 0.201552
42.5408 0.0132011 17792 0.197654
42.739 0.0130893 18138 0.19598
42.937 0.0129397 19392 0.19374
43.1414 0.0131163 18768 0.196384
43.3421 0.0129355 19038 0.193676
43.5438 0.0125908 19460 0.188516
43.7444 0.0128923 19992 0.19303
43.96 0.0125817 21174 0.188379
44.1671 0.0123384 20040 0.184736
44.3727 0.0123891 20628 0.185495
44.5802 0.0121937 20798 0.18257
44.7878 0.0121719 21480 0.182244
44.9991 0.0118976 21792 0.178136
45.2114 0.0119304 21414 0.178628
45.4235 0.0118145 23100 0.176892
45.6374 0.0117632 21992 0.176124
45.8534 0.0115956 23406 0.173615
46.0666 0.0114948 22536 0.172105
46.284 0.0115413 24348 0.172802
46.5042 0.0113268 23598 0.16959
46.7214 0.0111589 24224 0.167077
46.9406 0.0112363 24648 0.168235
47.1626 0.0109612 24618 0.164116
47.3743 0.0109701 24192 0.164249
47.5977 0.0107178 26208 0.160472
47.8226 0.0108443 25790 0.162367
48.0485 0.0106853 26916 0.159985
48.2752 0.0105632 26214 0.158157
48.5019 0.0103766 27528 0.155363
48.7306 0.0105104 27720 0.157367
48.961 0.0102106 27122 0.152879
49.1868 0.0102496 28632 0.153462
49.4198 0.00986018 28680 0.147631
49.6522 0.00998693 28722 0.149529
49.8833 0.00981311 30000 0.146927
50.1204 0.00984313 29408 0.147376
50.355 0.00984749 30678 0.147441
50.5916 0.00975912 30660 0.146118
50.8313 0.00973655 31494 0.14578
51.0704 0.0095443 31448 0.142902
51.3084 0.00956088 32160 0.14315
51.5543 0.00948705 33090 0.142045
51.795 0.00949818 32664 0.142211
52.0364 0.00932412 32718 0.139605
52.2793 0.00923471 34472 0.138267
52.526 0.00935876 34260 0.140124
52.7713 0.00917029 34302 0.137302
53.0156 0.00920627 35472 0.137841
53.2669 0.00893477 36020 0.133776
53.5188 0.0088559 36942 0.132595
53.77 0.00873953 36360 0.130853
54.0241 0.00878059 38166 0.131467
54.2756 0.00862346 36804 0.129115
54.5284 0.00863353 38864 0.129265
54.787 0.00855684 39366 0.128117
55.0466 0.00839307 40068 0.125665
55.3028 0.00842495 38910 0.126143
55.5606 0.00834713 41360 0.124977
55.8224 0.00816677 40782 0.122277
56.083 0.0082647 42204 0.123743
56.345 0.00802915 41544 0.120216
56.6114 0.00797197 44510 0.11936
56.8794 0.00796314 42948 0.119228
57.145 0.00794756 44478 0.118995
57.4166 0.00780239 46032 0.116821
57.6877 0.0077416 44402 0.115911
57.954 0.00773117 46320 0.115755
58.2264 0.00767437 46848 0.114904
58.5017 0.00745291 47814 0.111589
58.7762 0.00752195 48260 0.112622
59.0569 0.00739861 49758 0.110776
59.3327 0.00732941 49032 0.109739
59.6104 0.00732673 49770 0.109699
59.8885 0.00723211 51056 0.108283
60.1688 0.00712125 51504 0.106623
60.453 0.00709254 52866 0.106193
60.7362 0.00692826 52848 0.103733
61.0229 0.00697677 54542 0.10446
61.3094 0.00683108 54276 0.102278
61.5957 0.00686737 55062 0.102822
61.8839 0.00688766 56568 0.103125
62.177 0.00674889 57266 0.101048
62.4688 0.00669401 58056 0.100226
62.7616 0.00664371 57750 0.0994729
63.0554 0.00661529 60380 0.0990474
63.3541 0.00652453 60390 0.0976885
63.652 0.00647266 61608 0.0969119
63.9512 0.0064702 61362 0.096875
64.251 0.00637421 63752 0.0954377
64.554 0.00629717 63528 0.0942844
64.8554 0.00623752 64050 0.0933912
65.1549 0.00621246 64784 0.093016
65.4649 0.00608308 68814 0.0910789
65.7741 0.00610602 66156 0.0914224
66.081 0.00605397 68718 0.090643
66.3899 0.00600984 69104 0.0899824
66.7047 0.00596219 71682 0.0892689
67.0183 0.00590164 70512 0.0883622
67.3306 0.00582495 72278 0.087214
67.6483 0.0057889 74532 0.0866743
67.9687 0.0056665 74454 0.0848417
68.2871 0.00567978 75540 0.0850405
68.6079 0.00560696 76526 0.0839502
68.9314 0.00559817 78648 0.0838185
69.2548 0.00549538 77370 0.0822796
69.5723 0.005529 78272 0.0827828
69.8997 0.00542822 82710 0.081274
70.2314 0.00536609 82146 0.0803438
70.5609 0.00529408 83712 0.0792656
70.8938 0.00526544 84710 0.0788368
71.2273 0.00523494 86172 0.0783801
71.5624 0.0052249 86406 0.0782298
71.8964 0.00515845 88244 0.0772349
72.2353 0.00508665 89670 0.0761598
72.5741 0.00503481 90792 0.0753837
72.9184 0.00500715 93194 0.0749694
73.2605 0.00499326 92352 0.0747616
73.6035 0.0049394 94914 0.0739551
73.9481 0.00490255 95504 0.0734034
74.2951 0.00483931 97230 0.0724565
74.6441 0.00485374 98802 0.0726726
74.9957 0.00480461 100952 0.071937
75.3469 0.00476351 99990 0.0713217
75.6983 0.00470795 103356 0.0704897
76.0565 0.00468115 105014 0.0700885
76.4149 0.00460499 106548 0.0689482
76.7736 0.00458112 106302 0.0685907
77.1306 0.00453643 108002 0.0679217
77.4926 0.00451173 111696 0.0675518
77.8598 0.0044504 112158 0.0666336
78.2245 0.00441849 113300 0.0661557
78.5923 0.00438989 115302 0.0657276
78.9616 0.00432672 117396 0.0647817
79.3312 0.0043081 117158 0.0645029
79.7042 0.00427136 121470 0.063953
80.0776 0.0042145 120660 0.0631016
80.4553 0.00417027 125030 0.0624393
80.8343 0.00414236 125388 0.0620215
81.2158 0.0041305 128094 0.0618439
81.5959 0.00409222 127058 0.0612707
81.9781 0.00402228 132336 0.0602235
82.3648 0.00403421 132006 0.0604022
82.7505 0.00395153 134162 0.0591642
83.14 0.0039135 137760 0.0585948
83.5324 0.00389919 137802 0.0583806
83.9214 0.00384826 139016 0.057618
84.3171 0.0038266 144354 0.0572937
84.7141 0.00379344 142814 0.0567972
85.1084 0.00373764 145932 0.0559618
85.5081 0.00371876 148206 0.0556791
85.9091 0.00367843 150566 0.0550752
86.3128 0.00363719 152820 0.0544578
86.7194 0.00361389 155142 0.0541089
87.127 0.00359941 157220 0.0538922
87.5368 0.00355397 159198 0.0532118
87.9473 0.00354083 160994 0.0530151
88.3606 0.00347048 164544 0.0519617
88.7753 0.00348564 165282 0.0521887
89.1919 0.00344373 168350 0.0515613
89.6109 0.00340496 171660 0.0509808
90.0336 0.00338708 173622 0.050713
90.4563 0.00333775 175034 0.0499745
90.8805 0.00331205 178512 0.0495897
91.3051 0.00330943 178646 0.0495504
91.7348 0.00326301 185466 0.0488553
92.1672 0.00320817 185382 0.0480343
92.5992 0.00321316 188252 0.048109
93.0354 0.00319655 192126 0.0478603
93.473 0.00316973 193562 0.0474587
93.9107 0.00313211 196176 0.0468955
94.3526 0.0031187 200130 0.0466947
94.7959 0.00308224 201326 0.0461488
95.2394 0.00304744 204972 0.0456277
95.6874 0.003028 208406 0.0453367
96.1345 0.00300445 208362 0.044984
96.5874 0.00295973 217662 0.0443145
97.0451 0.00293034 217124 0.0438745
97.4982 0.00291699 217446 0.0436745
97.9556 0.00288014 224690 0.0431229
98.4147 0.00286587 224058 0.0429092
98.8771 0.00284012 231848 0.0425237
99.3453 0.00281797 233994 0.042192
99.8112 0.00280545 234198 0.0420046
100.278 0.00276361 239708 0.0413781
100.751 0.00273362 243630 0.0409291
101.226 0.00271301 247010 0.0406206
101.699 0.00269078 246414 0.0402877
102.174 0.00267133 253772 0.0399964
102.654 0.00264581 256902 0.0396144
103.137 0.00262001 261066 0.039228
103.624 0.0026067 265958 0.0390288
104.11 0.00258107 265098 0.038645
104.596 0.00253223 271424 0.0379138
105.088 0.00252861 276858 0.0378596
105.585 0.00251601 281186 0.0376709
106.082 0.00248571 282918 0.0372173
106.577 0.00246105 285146 0.0368481
107.077 0.00245199 293280 0.0367124
107.581 0.00241313 294602 0.0361306
108.087 0.00240375 301278 0.0359901
108.595 0.0023806 302954 0.0356436
109.104 0.00235258 307674 0.035224
109.614 0.00233941 310560 0.0350268
110.13 0.00231808 320834 0.0347074
110.65 0.00228386 321582 0.0341951
111.17 0.0022641 325226 0.0338992
111.691 0.00224887 331422 0.0336711
112.216 0.00223046 335066 0.0333955
112.744 0.00219846 341340 0.0329164
113.272 0.00219566 342038 0.0328745
113.803 0.00218077 351354 0.0326516
114.339 0.00215453 355478 0.0322586
114.877 0.00213975 360066 0.0320374
115.416 0.00212182 364634 0.0317689
115.957 0.00210707 369072 0.0315482
116.503 0.00207698 377642 0.0310975
117.053 0.00207397 382074 0.0310525
117.602 0.00206101 384014 0.0308584
118.154 0.00202655 393066 0.0303426
118.707 0.00201007 393950 0.0300958
119.264 0.00198135 404154 0.0296657
119.826 0.00196849 409178 0.0294731
120.388 0.00195219 413334 0.0292291
120.954 0.00192905 421196 0.0288826
121.521 0.00191507 422658 0.0286734
122.091 0.00189598 434990 0.0283876
122.666 0.0018866 437442 0.0282471
123.241 0.00186479 443066 0.0279206
123.82 0.00185407 452150 0.0277601
124.401 0.00184116 455538 0.0275668
124.985 0.00182193 463382 0.0272788
125.571 0.00180933 468666 0.0270903
126.162 0.00179109 479642 0.0268171
126.756 0.00176923 482814 0.0264898
127.35 0.00175861 489386 0.0263307
127.948 0.00175156 498642 0.0262253
128.55 0.00173733 503450 0.0260122
129.154 0.00171404 512838 0.0256634
129.761 0.00170637 517586 0.0255486
130.369 0.00169279 524372 0.0253453
130.98 0.00166903 534270 0.0249895
131.596 0.00165851 540386 0.024832
132.215 0.00163694 550938 0.0245091
132.836 0.00162734 554270 0.0243653
133.459 0.00161429 564978 0.02417
134.087 0.00159732 574370 0.0239158
134.718 0.00157758 579614 0.0236203
135.35 0.00156649 587778 0.0234542
135.985 0.00154907 596978 0.0231934
136.624 0.00153708 606570 0.0230139
137.267 0.0015177 613982 0.0227237
137.911 0.00150972 621200 0.0226042
138.558 0.00149449 631386 0.0223762
139.208 0.00148365 640418 0.022214
139.864 0.00147055 651870 0.0220177
140.521 0.00145601 657770 0.0218001
141.18 0.00144084 667082 0.0215729
141.842 0.00142964 675810 0.0214053
142.509 0.00142128 689318 0.0212801
143.18 0.0014032 698754 0.0210094
143.854 0.00139085 706922 0.0208245
144.529 0.00138156 715562 0.0206853
145.208 0.00137215 727662 0.0205446
145.889 0.00135609 734426 0.020304
146.572 0.00134283 745746 0.0201056
147.26 0.00132884 759698 0.0198961
147.952 0.00131441 768140 0.01968
148.647 0.00130368 778770 0.0195193
149.347 0.00129698 795842 0.0194191
150.049 0.00128486 799442 0.0192376
150.754 0.00127527 816042 0.019094
151.462 0.00126312 822038 0.0189121
152.173 0.00125404 837722 0.0187761
152.887 0.0012375 846330 0.0185285
153.605 0.00123047 860768 0.0184232
154.327 0.00121972 873722 0.0182623
155.052 0.00120811 885438 0.0180884
155.781 0.00119754 898730 0.0179301
156.513 0.0011886 908402 0.0177963
157.247 0.00117397 923226 0.0175773
157.985 0.00116038 933944 0.0173738
158.727 0.00114845 949730 0.0171952
159.472 0.00114046 961278 0.0170755
160.222 0.00113462 981218 0.016988
160.976 0.00112359 989186 0.016823
161.73 0.00111374 1001016 0.0166754
162.489 0.00110314 1019138 0.0165167
163.253 0.00109464 1032842 0.0163895
164.019 0.00108413 1045394 0.0162322
164.79 0.00107286 1066230 0.0160633
165.565 0.0010611 1075496 0.0158873
166.341 0.00105027 1090154 0.0157251
167.122 0.00104646 1110378 0.0156681
167.908 0.00103671 1124666 0.0155221
168.697 0.0010282 1139624 0.0153948
169.49 0.00102113 1157114 0.0152889
170.286 0.00100979 1171434 0.0151191
171.085 0.00100052 1188494 0.0149803
171.889 0.000991947 1205504 0.0148519
172.697 0.000983569 1226594 0.0147265
173.508 0.000969594 1235562 0.0145172
174.322 0.000962794 1259120 0.0144154
175.141 0.000954289 1274498 0.0142881
175.964 0.000943037 1295594 0.0141196
176.791 0.000935619 1308312 0.0140085
177.621 0.000928097 1333922 0.0138959
178.456 0.000919703 1348418 0.0137702
179.294 0.000914723 1366112 0.0136957
180.136 0.000905117 1389738 0.0135519
180.982 0.000895582 1407458 0.0134091
181.832 0.000888172 1426520 0.0132981
182.687 0.000880869 1448810 0.0131888
183.545 0.000873072 1465802 0.0130721
184.406 0.000861558 1488456 0.0128997
185.272 0.00085392 1510766 0.0127853
186.142 0.000848496 1528298 0.0127041
187.016 0.000840397 1552784 0.0125828
187.895 0.000833556 1579538 0.0124804
188.779 0.000824698 1595784 0.0123478
189.665 0.000817506 1619930 0.0122401
190.555 0.000808659 1637186 0.0121076
191.449 0.000802481 1669616 0.0120151
192.35 0.000795144 1691834 0.0119053
193.253 0.000788615 1706952 0.0118075
194.159 0.00078198 1739630 0.0117082
195.073 0.000773682 1765064 0.0115839
195.988 0.000766493 1783538 0.0114763
196.91 0.000759626 1817480 0.0113735
197.835 0.000754832 1837034 0.0113017
198.765 0.000748248 1866512 0.0112031
199.698 0.000738107 1888242 0.0110513
200.636 0.00073319 1917056 0.0109777
201.577 0.000724303 1941554 0.0108446
202.525 0.000718043 1978040 0.0107509
203.477 0.000711281 1997426 0.0106496
204.433 0.000701424 2029256 0.0105021
205.393 0.00069496 2056370 0.0104053
206.357 0.000690006 2084000 0.0103311
207.326 0.000684917 2117778 0.0102549
208.3 0.000677436 2143952 0.0101429
209.278 0.000671336 2175614 0.0100516
210.261 0.000666661 2206400 0.00998158
211.248 0.000660223 2233970 0.00988519
212.241 0.000654338 2276456 0.00979707
213.239 0.000648201 2301848 0.00970518
214.24 0.000643243 2332922 0.00963095
215.246 0.00063699 2366960 0.00953732
216.256 0.00063105 2397698 0.00944839
217.272 0.000623502 2436644 0.00933538
218.293 0.000618055 2472608 0.00925383
219.319 0.000613354 2503050 0.00918343
220.348 0.000607924 2535392 0.00910214
221.383 0.000600285 2581088 0.00898776
222.424 0.00059562 2612762 0.00891792
223.469 0.000590705 2647964 0.00884433
224.518 0.000585105 2687216 0.00876048
225.573 0.000579501 2724434 0.00867658
226.633 0.000574465 2765840 0.00860117
227.697 0.000569244 2798504 0.00852301
228.766 0.000563219 2841326 0.00843279
229.841 0.000558304 2886128 0.0083592
230.921 0.000553325 2920808 0.00828465
232.005 0.000546838 2967536 0.00818753
233.094 0.000541942 3000674 0.00811422
234.188 0.000537119 3050324 0.00804201
235.289 0.000532454 3094664 0.00797216
236.395 0.000527785 3136016 0.00790226
237.505 0.000522768 3179546 0.00782713
238.621 0.000517343 3227060 0.00774592
239.742 0.000512638 3271832 0.00767546
240.868 0.000507716 3315440 0.00760177
241.998 0.000502385 3363800 0.00752195
243.135 0.000497214 3414158 0.00744453
244.278 0.000492337 3459752 0.00737152
245.425 0.000489249 3508864 0.00732528
246.578 0.000484204 3560804 0.00724973
247.736 0.000479436 3608912 0.00717836
248.9 0.000475807 3660608 0.00712401
250.068 0.000471512 3707846 0.00705972
251.243 0.000466649 3769664 0.00698689
252.424 0.000462069 3822920 0.00691832
253.609 0.000457774 3863564 0.00685402
254.8 0.000453318 3930704 0.0067873
255.998 0.000448801 3986168 0.00671967
257.2 0.000444117 4034228 0.00664954
258.406 0.000440505 4090816 0.00659547
259.62 0.000436122 4160360 0.00652983
260.841 0.000432294 4213436 0.00647252
262.066 0.000427682 4270976 0.00640347
263.296 0.000423844 4332308 0.006346
264.533 0.000419282 4395896 0.0062777
265.775 0.000416049 4454378 0.0062293
267.023 0.0004125 4517036 0.00617616
268.278 0.000408566 4588552 0.00611725
269.539 0.000404334 4651316 0.00605389
270.805 0.000400871 4711190 0.00600204
272.076 0.000397283 4782704 0.00594832
273.355 0.000393797 4849964 0.00589613
274.639 0.000390634 4917080 0.00584877
275.928 0.000386615 4985260 0.00578859
277.224 0.000382651 5060456 0.00572924
278.527 0.000380005 5127788 0.00568962
279.835 0.000376306 5201672 0.00563424
281.149 0.000373115 5278196 0.00558647
282.47 0.000369728 5350384 0.00553574
283.797 0.000365714 5423492 0.00547565
285.13 0.000362548 5504720 0.00542825
286.469 0.000358716 5581268 0.00537087
287.815 0.000355588 5659270 0.00532404
289.166 0.000352208 5736332 0.00527343
290.524 0.000349122 5823104 0.00522723
291.889 0.000345866 5909900 0.00517847
293.261 0.0003426 5986168 0.00512957
294.637 0.000339706 6064034 0.00508624
296.021 0.00033651 6162248 0.00503839
297.412 0.000333426 6249932 0.00499221
298.81 0.000330363 6331588 0.00494635
300.213 0.000326736 6424736 0.00489205
301.623 0.000323998 6515066 0.00485106
303.04 0.000321001 6607552 0.00480618
304.463 0.000318317 6691412 0.00476601
305.892 0.000315449 6796676 0.00472305
307.33 0.000312089 6894838 0.00467276
308.773 0.000309247 6983324 0.0046302
310.224 0.000306601 7094120 0.00459057
311.681 0.000304082 7182634 0.00455286
313.145 0.00030118 7295588 0.00450942
314.616 0.00029866 7389992 0.00447168
316.094 0.000295429 7499434 0.00442331
317.579 0.000292484 7606244 0.00437921
319.07 0.000290166 7703654 0.0043445
320.568 0.000287917 7823908 0.00431084
322.074 0.000285283 7933148 0.0042714
323.587 0.000282047 8035210 0.00422295
325.107 0.00027966 8168648 0.0041872
326.635 0.000276855 8270402 0.00414521
328.169 0.0002745 8396284 0.00410995
329.71 0.000272371 8496608 0.00407808
331.258 0.000269891 8636482 0.00404094
332.814 0.000267583 8744780 0.00400638
334.377 0.000265104 8878274 0.00396926
335.948 0.000262786 8998288 0.00393456
337.526 0.0002603 9127058 0.00389734
339.111 0.000257671 9258676 0.00385798
340.704 0.000255345 9394994 0.00382314
342.305 0.000252894 9518530 0.00378645
343.912 0.00025091 9652352 0.00375675
345.528 0.000248124 9800506 0.00371503
347.151 0.000246042 9929156 0.00368387
348.782 0.000243332 10079002 0.00364329
350.42 0.000241072 10202930 0.00360945
352.065 0.000238819 10362148 0.00357572
353.719 0.00023666 10508450 0.00354339
355.38 0.000234277 10647784 0.0035077
357.05 0.000232345 10817954 0.00347879
358.727 0.000229935 10950034 0.0034427
360.411 0.000227892 11116484 0.00341211
362.105 0.000225872 11277610 0.00338187
363.806 0.000224003 11430154 0.00335389
365.514 0.000221979 11580074 0.00332358
367.23 0.000219886 11759140 0.00329224
368.955 0.000217748 11924378 0.00326023
370.689 0.000215716 12099850 0.00322981
372.43 0.00021402 12260050 0.00320442
374.18 0.000212207 12439484 0.00317727
375.937 0.00021054 12606226 0.0031523
377.703 0.000208728 12800474 0.00312518
379.477 0.000206631 12964258 0.00309379
381.259 0.000205047 13155874 0.00307007
383.05 0.00020326 13345394 0.00304331
384.849 0.000201481 13525540 0.00301667
386.657 0.000199562 13730122 0.00298794
388.473 0.000197963 13917890 0.00296401
390.298 0.000196585 14114938 0.00294336
392.131 0.000194865 14316682 0.00291761
393.974 0.000193099 14520626 0.00289118
395.824 0.00019147 14708962 0.00286678
397.682 0.000189999 14936002 0.00284475
399.55 0.000188329 15141986 0.00281975
401.428 0.000186552 15366994 0.00279315
403.313 0.000185226 15563242 0.00277329
405.207 0.000183765 15794614 0.00275142
407.111 0.000182158 16021226 0.00272735
409.023 0.000180594 16238338 0.00270394
410.944 0.00017943 16476706 0.00268652
412.874 0.000178315 16717282 0.00266983
414.814 0.000176906 16935730 0.00264872
416.762 0.000175675 17183270 0.00263029
418.719 0.000174272 17431546 0.00260929
420.686 0.000173039 17672128 0.00259082
422.662 0.000171893 17929450 0.00257366
424.648 0.000170712 18181246 0.00255598
426.643 0.000169585 18436154 0.00253911
428.646 0.000168551 18688066 0.00252363
430.659 0.000167452 18966160 0.00250718
432.682 0.000166565 19228342 0.00249389
434.714 0.000165554 19497994 0.00247876
436.756 0.000164509 19789402 0.00246311
438.808 0.000163732 20048224 0.00245148
440.868 0.000162869 20340694 0.00243855
442.939 0.000162003 20631698 0.00242559
445.02 0.000161305 20920738 0.00241515
447.11 0.000160551 21224764 0.00240385
449.211 0.00015971 21524794 0.00239125
451.321 0.000159033 21819694 0.00238112
453.441 0.000158407 22136776 0.00237174
455.571 0.000157601 22446490 0.00235968
457.71 0.000157069 22753708 0.00235171
459.86 0.000156542 23092930 0.00234383
462.02 0.000156103 23405020 0.00233725
464.19 0.000155693 23744914 0.00233111
466.371 0.000155303 24090094 0.00232527
468.561 0.00015494 24416584 0.00231984
470.762 0.000154628 24763822 0.00231517
472.973 0.000154362 25116112 0.00231118
475.194 0.000154337 25474348 0.0023108
477.427 0.000154199 25839802 0.00230874
479.669 0.00015414 26191732 0.00230786
481.921 0.00015418 26563339 0.00230847
484.183 0.000153409 26678128 0.00229692
486.457 0.000152273 26655828 0.00227991
488.742 0.000151223 26675140 0.00226419
491.038 0.000150297 26644864 0.00225032
493.344 0.000149277 26631640 0.00223505
495.661 0.000148195 26619904 0.00221885
497.99 0.00014707 26596180 0.00220201
500.329 0.000145956 26557060 0.00218533
502.679 0.000144948 26532520 0.00217023
505.04 0.000143892 26493240 0.00215443
507.412 0.000142934 26453764 0.00214007
509.795 0.000141942 26412544 0.00212522
512.19 0.000141034 26360476 0.00211163
514.595 0.000140102 26299600 0.00209768
517.012 0.000139077 26254092 0.00208233
519.441 0.000138287 26178916 0.0020705
521.881 0.000137529 26116096 0.00205915
524.332 0.000136575 26040928 0.00204487
526.795 0.000135753 25967736 0.00203256
529.269 0.000134868 25862260 0.00201932
531.755 0.000134162 25796416 0.00200873
534.253 0.000133266 25689396 0.00199532
536.762 0.000132672 25577176 0.00198642
539.283 0.000132018 25489588 0.00197664
541.816 0.000131299 25373328 0.00196587
544.362 0.000130872 25250224 0.00195948
546.918 0.000130167 25122124 0.00194892
549.487 0.000129432 24990660 0.00193792
552.068 0.000128845 24856192 0.00192913
554.661 0.000128143 24706228 0.00191862
557.266 0.000127731 24558204 0.00191245
559.883 0.000127094 24392068 0.00190291
562.513 0.000126292 24237480 0.0018909
565.155 0.000125916 24064336 0.00188527
567.809 0.00012535 23876980 0.0018768
570.476 0.000124918 23697324 0.00187033
573.156 0.000124598 23498488 0.00186554
575.848 0.000124214 23292324 0.00185979
578.553 0.000123888 23100964 0.00185491
581.271 0.000123506 22862988 0.0018492
584 0.000123224 22634848 0.00184497
586.743 0.000122982 22410012 0.00184135
589.499 0.000122791 22160572 0.00183849
592.268 0.000122749 21915600 0.00183785
595.05 0.000122561 21645516 0.00183505
597.844 0.000122517 21372232 0.00183439
600.652 0.000122402 21101172 0.00183267
603.474 0.000122312 20815564 0.00183131
606.308 0.000122236 20504628 0.00183017
609.156 0.000122274 20204736 0.00183075
612.017 0.000122208 19883356 0.00182976
614.891 0.000122585 19552848 0.0018354
617.779 0.000122816 19217196 0.00183886
620.681 0.000123157 18861736 0.00184396
623.596 0.000123388 18502836 0.00184743
626.525 0.000123993 18135780 0.00185648
629.467 0.000124571 17749600 0.00186513
632.424 0.00012502 17354232 0.00187187
635.394 0.000125691 16953228 0.00188191
638.378 0.000126055 16529656 0.00188735
641.376 0.000126649 16099164 0.00189626
644.388 0.000127271 15659388 0.00190556
647.415 0.000128111 15207864 0.00191814
650.455 0.000128531 14736132 0.00192444
653.51 0.000128946 14255596 0.00193065
656.579 0.000129794 13762332 0.00194334
659.662 0.000130263 13252296 0.00195036
662.76 0.000130391 12731268 0.00195228
665.872 0.000131224 12198720 0.00196476
668.999 0.00013162 11649660 0.00197067
672.141 0.000131801 11081952 0.0019734
675.296 0.000131476 10500652 0.00196852
678.467 0.000130786 9911376 0.00195819
681.652 0.000129558 9301473 0.0019398
684.856 0.000128605 8737218 0.00192553
688.073 0.000127723 8239530 0.00191233
691.305 0.00012767 7788972 0.00191154
694.552 0.000127172 7357452 0.00190408
697.814 0.000127783 6958434 0.00191324
701.093 0.000128362 6572454 0.00192191
704.385 0.000128507 6204966 0.00192407
707.693 0.000129232 5851524 0.00193493
711.016 0.00012988 5518854 0.00194463
714.356 0.000131105 5192928 0.00196297
717.711 0.000131967 4883690 0.00197588
721.082 0.000132996 4585122 0.00199129
724.468 0.000133986 4294452 0.0020061
727.871 0.000135456 4020870 0.00202811
731.289 0.000137596 3750774 0.00206016
734.723 0.000138681 3496122 0.0020764
738.174 0.000139695 3250038 0.00209158
741.641 0.000141486 3010904 0.00211839
745.123 0.000144135 2783520 0.00215806
748.622 0.000146034 2566482 0.00218649
752.138 0.000147755 2355504 0.00221226
755.668 0.000149963 2154350 0.00224532
759.215 0.000152917 1964322 0.00228954
762.781 0.000154852 1782180 0.00231853
766.364 0.000158245 1608354 0.00236932
769.963 0.00016102 1442012 0.00241086
773.577 0.00016527 1285878 0.0024745
777.208 0.00016917 1137636 0.00253289
780.856 0.000173479 999476 0.00259741
784.519 0.000177797 867846 0.00266207
788.195 0.00018447 746768 0.00276198
791.894 0.000190158 636276 0.00284713
795.615 0.000197605 532566 0.00295864
799.345 0.000203861 435044 0.00305231
803.087 0.000213119 351690 0.00319092
806.861 0.000220823 275630 0.00330626
810.63 0.000230573 204876 0.00345225
814.415 0.000240868 150770 0.0036064
818.252 0.00025495 100542 0.00381723
822.015 0.000262287 59294 0.00392709
825.771 0.000274478 32538 0.00410962
829.571 0.000289156 11726 0.00432939
832.962 0.000317813 1560 0.00475846
835.799 0.000135607 1 0.00203038
