# in Mpc/h Units 
# D1 = 0.215728 
# k P N P(z=0)
0.628319 9.72834 6 209.039
0.888577 5.00439 12 107.532
1.08828 3.23456 8 69.503
1.25664 2.29217 6 49.2532
1.40496 1.50315 24 32.2991
1.53906 1.46496 24 31.4784
1.77715 0.897002 12 19.2744
1.88496 1.0962 30 23.5548
1.98692 0.643451 24 13.8262
2.0839 0.767182 24 16.4849
2.17656 0.710078 8 15.2579
2.26543 0.598114 24 12.8521
2.35095 0.643482 48 13.8269
2.51327 0.405062 6 8.70382
2.59062 0.497797 48 10.6965
2.66573 0.380434 36 8.17461
2.73878 0.375645 24 8.07172
2.80993 0.486565 24 10.4551
2.87932 0.300524 48 6.45754
2.94708 0.462159 24 9.9307
3.07812 0.359897 24 7.73332
3.14159 0.404015 30 8.68133
3.20381 0.318495 72 6.84369
3.26484 0.280397 32 6.02507
3.3836 0.208488 72 4.47992
3.44144 0.430965 48 9.26041
3.55431 0.404166 12 8.68457
3.60942 0.269046 48 5.78116
3.6637 0.231003 48 4.96371
3.71718 0.243803 48 5.23874
3.76991 0.128493 30 2.76101
3.82191 0.107958 24 2.31976
3.87322 0.230911 72 4.96173
3.97384 0.224782 24 4.83003
4.0232 0.239353 96 5.14312
4.07197 0.21432 48 4.60522
4.12016 0.20802 24 4.46984
4.16779 0.139517 24 2.99789
4.21489 0.209997 72 4.51232
4.26146 0.203378 48 4.3701
4.35312 0.178713 8 3.84011
4.39823 0.181998 54 3.9107
4.44288 0.17611 84 3.78419
4.48709 0.138622 48 2.97867
4.53087 0.186251 24 4.00208
4.57423 0.156313 72 3.35879
4.61718 0.186268 96 4.00245
4.70191 0.120987 48 2.59973
4.7437 0.203879 48 4.38088
4.78513 0.181023 24 3.88975
4.82621 0.126555 72 2.71937
4.90732 0.114803 72 2.46684
4.94739 0.128337 96 2.75767
5.02655 0.0992751 6 2.13319
5.06567 0.139475 96 2.99698
5.10448 0.153953 96 3.30809
5.14301 0.0934808 24 2.00868
5.18125 0.149736 48 3.21746
5.21921 0.137392 96 2.95222
5.25689 0.144512 48 3.10521
5.33146 0.1276 36 2.74182
5.36836 0.142601 48 3.06416
5.405 0.125744 120 2.70194
5.4414 0.116476 56 2.5028
5.47755 0.209137 24 4.49385
5.51347 0.12385 96 2.66124
5.54916 0.126014 48 2.70774
5.61985 0.176109 24 3.78417
5.65487 0.1158 102 2.48826
5.68967 0.120006 48 2.57864
5.72425 0.107207 72 2.30362
5.75863 0.124401 48 2.67309
5.79281 0.0898995 48 1.93173
5.82679 0.115293 120 2.47737
5.89415 0.102401 24 2.20036
5.92755 0.111118 144 2.38766
5.96075 0.120132 120 2.58135
5.99378 0.0891537 48 1.9157
6.05928 0.113238 48 2.4332
6.09177 0.104684 96 2.24941
6.15624 0.0961767 24 2.06661
6.18822 0.0989417 48 2.12602
6.22004 0.118003 108 2.53561
6.25169 0.0937763 72 2.01503
6.28319 0.0803143 30 1.72576
6.31452 0.0987235 168 2.12133
6.34571 0.0759557 48 1.63211
6.40762 0.0899294 72 1.93237
6.43835 0.0902858 96 1.94003
6.46894 0.116861 72 2.51106
6.49938 0.0866541 72 1.86199
6.52968 0.0946007 32 2.03274
6.55984 0.088434 72 1.90024
6.58986 0.0877831 144 1.88625
6.67912 0.0963913 96 2.07122
6.70861 0.0951107 96 2.0437
6.73797 0.069291 48 1.4889
6.7672 0.0941278 72 2.02258
6.7963 0.108729 120 2.33632
6.82529 0.0898678 72 1.93105
6.88288 0.0717632 48 1.54202
6.9115 0.0780982 78 1.67814
6.94001 0.0752006 120 1.61588
6.96839 0.0840696 48 1.80645
7.02481 0.0753516 144 1.61913
7.05286 0.0797022 144 1.71261
7.10861 0.0761911 12 1.63717
7.13633 0.0804486 144 1.72865
7.16393 0.115135 48 2.47397
7.19926 0.0873754 168 1.87749
7.24612 0.0738774 48 1.58745
7.27331 0.0790938 168 1.69954
7.34532 0.0908061 144 1.95121
7.38107 0.0815743 96 1.75284
7.40777 0.0927044 72 1.992
7.43437 0.0703062 48 1.51071
7.46967 0.061979 144 1.33178
7.53982 0.0860148 30 1.84825
7.58332 0.0697358 288 1.49846
7.61796 0.0896095 56 1.92549
7.66638 0.0640191 192 1.37562
7.6953 0.0704233 120 1.51323
7.76339 0.0700714 216 1.50567
7.79723 0.071022 96 1.52609
7.8225 0.0638486 96 1.37195
7.87281 0.0947673 72 2.03632
7.89784 0.0810659 96 1.74191
7.94767 0.0533985 24 1.14741
7.98137 0.0631279 300 1.35647
8.02183 0.0615448 24 1.32245
8.05865 0.0843029 192 1.81147
8.09532 0.0638326 120 1.37161
8.14394 0.0696614 48 1.49686
8.18379 0.0596699 222 1.28216
8.21633 0.0593804 120 1.27594
8.26125 0.0713454 192 1.53304
8.28809 0.0614556 144 1.32053
8.33559 0.0404661 24 0.86952
8.37495 0.0631724 144 1.35742
8.40633 0.0710383 120 1.52644
8.44439 0.0682234 192 1.46596
8.47648 0.0589948 144 1.26766
8.52293 0.0672678 48 1.44543
8.55594 0.0584301 336 1.25552
8.59213 0.0554407 48 1.19129
8.64252 0.0635885 240 1.36636
8.70624 0.0784832 8 1.68642
8.72888 0.0515727 48 1.10817
8.7579 0.0585835 336 1.25882
8.81192 0.0498049 174 1.07019
8.84123 0.0706752 120 1.51864
8.89978 0.0623536 228 1.33983
8.9427 0.0594207 168 1.27681
8.98883 0.0623464 144 1.33967
9.01807 0.0581002 240 1.24843
9.06174 0.0668347 24 1.43612
9.0897 0.0620755 336 1.33385
9.13765 0.0741275 144 1.59282
9.17922 0.0530467 168 1.13985
9.23436 0.0419146 96 0.900645
9.26754 0.0582904 216 1.25252
9.32651 0.0509655 288 1.09513
9.36174 0.0579593 144 1.24541
9.41969 0.0496814 198 1.06753
9.4573 0.0539091 216 1.15838
9.50225 0.059176 168 1.27155
9.52892 0.0613874 240 1.31907
9.58792 0.0559619 168 1.20249
9.62314 0.052973 336 1.13826
9.68099 0.0567319 240 1.21903
9.7638 0.0515948 276 1.10865
9.81837 0.0491921 344 1.05702
9.85479 0.0355139 144 0.763108
9.90673 0.0584602 240 1.25617
9.94528 0.053483 312 1.14922
10.0098 0.0452967 240 0.973317
10.0531 0.0349544 6 0.751088
10.0874 0.051894 384 1.11508
10.1448 0.0572761 312 1.23073
10.1924 0.0501367 168 1.07732
10.2421 0.0553986 336 1.19038
10.2983 0.0446421 336 0.959252
10.3243 0.04801 192 1.03162
10.3879 0.0546935 288 1.17523
10.4279 0.0585491 216 1.25808
10.4705 0.0517519 240 1.11202
10.5349 0.0426643 384 0.916755
10.57 0.0748924 72 1.60926
10.6152 0.0480125 336 1.03167
10.6914 0.0435434 378 0.935645
10.7244 0.0429134 144 0.922108
10.7631 0.0501136 384 1.07682
10.826 0.0449902 384 0.966731
10.8777 0.0485469 344 1.04316
10.919 0.0479909 144 1.03121
10.9816 0.0402767 456 0.865451
11.0311 0.0452895 312 0.973164
11.0746 0.04435 144 0.952975
11.1354 0.0447579 552 0.96174
11.1965 0.0410689 264 0.882472
11.2557 0.0440091 264 0.945651
11.2926 0.047944 294 1.0302
11.3378 0.0449877 432 0.966677
11.3986 0.0369328 432 0.793597
11.4516 0.0438743 264 0.942755
11.4915 0.03671 192 0.78881
11.5567 0.0411506 468 0.884228
11.6093 0.0482654 552 1.03711
11.6705 0.0408892 336 0.878611
11.7239 0.0419847 288 0.902152
11.7777 0.041545 456 0.892704
11.8366 0.0419877 432 0.902216
11.8788 0.0439233 168 0.943806
11.9469 0.0405858 566 0.872092
12.0077 0.0391479 432 0.841196
12.0751 0.0415821 432 0.8935
12.1153 0.0382507 360 0.821917
12.1711 0.0403393 624 0.866795
12.2203 0.0393988 264 0.846586
12.2718 0.0366384 360 0.787272
12.3453 0.0385712 456 0.828802
12.3969 0.0359272 504 0.77199
12.467 0.0418993 564 0.900317
12.526 0.0384502 384 0.826203
12.5876 0.0351926 462 0.756205
12.6429 0.0372957 624 0.801395
12.7121 0.0365855 432 0.786135
12.7677 0.0375819 624 0.807545
12.8318 0.038348 312 0.824007
12.8807 0.0413017 552 0.887475
12.9504 0.036927 408 0.793474
12.9878 0.0386439 600 0.830364
13.0701 0.0365023 608 0.784347
13.1297 0.0340979 504 0.732683
13.1933 0.0351689 510 0.755696
13.258 0.0334103 600 0.717908
13.3214 0.0363165 492 0.780354
13.3672 0.035208 552 0.756535
13.4446 0.0391602 696 0.84146
13.492 0.0325618 504 0.699676
13.5589 0.0343539 528 0.738182
13.6149 0.0344026 624 0.739231
13.6788 0.0344968 504 0.741253
13.7489 0.0337945 552 0.726162
13.8157 0.0330643 654 0.710474
13.8792 0.0344889 840 0.741083
13.9482 0.0312087 744 0.670601
14.0148 0.0308143 456 0.662126
14.0735 0.0313662 648 0.673985
14.1506 0.0327511 896 0.703743
14.2105 0.0294371 396 0.632533
14.2726 0.0364256 816 0.782699
14.348 0.0311518 672 0.669378
14.4008 0.0301491 552 0.647832
14.474 0.0296964 894 0.638105
14.5447 0.0291549 672 0.62647
14.6112 0.031431 624 0.675377
14.6784 0.0295145 888 0.634196
14.7376 0.0316872 720 0.680883
14.8179 0.0292487 936 0.628485
14.8977 0.0307531 648 0.660811
14.9637 0.0307484 936 0.660709
15.0285 0.0311699 696 0.669766
15.1106 0.0343927 618 0.739018
15.1697 0.0295692 1008 0.635372
15.237 0.028763 872 0.618048
15.3147 0.0288709 960 0.620368
15.3934 0.0297393 888 0.639027
15.4569 0.0299066 648 0.642621
15.5288 0.0272957 840 0.58652
15.5941 0.0313822 912 0.674329
15.6682 0.0280398 774 0.602509
15.7451 0.0286603 1272 0.615842
15.8249 0.0295831 912 0.63567
15.9019 0.0283434 864 0.609031
15.9745 0.028034 924 0.602383
16.0428 0.0283234 1080 0.608603
16.1255 0.0281707 1008 0.605321
16.1989 0.0281213 1128 0.604259
16.2879 0.0281876 768 0.605685
16.35 0.0264305 1046 0.567929
16.4304 0.0270283 1152 0.580774
16.512 0.0269024 1272 0.578068
16.5918 0.0277705 912 0.596722
16.6638 0.0273556 1200 0.587807
16.7465 0.0265055 1080 0.569539
16.81 0.02734 840 0.587471
16.9017 0.0257402 1332 0.553096
16.9783 0.0266861 1062 0.573422
17.0536 0.0262501 1320 0.564052
17.142 0.025495 1248 0.547827
17.2167 0.0254059 1104 0.545913
17.3001 0.0252609 1392 0.542797
17.3739 0.0260581 776 0.559927
17.4601 0.0250191 1728 0.5376
17.5449 0.0232597 1224 0.499795
17.633 0.025665 1254 0.55148
17.7179 0.0243535 1368 0.523299
17.7982 0.0240679 1236 0.517162
17.8748 0.0245094 1608 0.526649
17.9662 0.0247615 1008 0.532066
18.0329 0.0251694 1488 0.540831
18.1298 0.0227661 1440 0.48919
18.2161 0.0230955 1158 0.496266
18.2962 0.023118 1824 0.496752
18.3819 0.0229165 1464 0.49242
18.4763 0.0233192 1448 0.501074
18.557 0.0229945 1560 0.494097
18.6484 0.0220236 1428 0.473235
18.7347 0.0230831 1680 0.496
18.8277 0.0227018 1494 0.487807
18.9164 0.0234747 1944 0.504414
19.0083 0.0214283 1368 0.460442
19.0912 0.0230069 1584 0.494363
19.1791 0.0217462 1776 0.467275
19.2627 0.0212807 1440 0.457271
19.355 0.0218887 1968 0.470335
19.4476 0.0220595 1374 0.474007
19.5383 0.0225375 2100 0.484277
19.6314 0.0216894 1640 0.466053
19.731 0.020493 2496 0.440347
19.8246 0.0219728 1248 0.472142
19.8969 0.0214682 1512 0.461301
20.0004 0.0200836 2280 0.431549
20.0981 0.0204508 1926 0.439439
20.1907 0.0208106 2064 0.44717
20.2923 0.0201398 1920 0.432756
20.3766 0.0194463 1944 0.417855
20.4817 0.0198783 2172 0.427138
20.5802 0.0199788 2256 0.429296
20.6744 0.0204692 1736 0.439833
20.7695 0.0204298 2094 0.438988
20.8661 0.020112 2328 0.432158
20.9635 0.0204152 2256 0.438673
21.0605 0.0189431 1920 0.407043
21.1552 0.0201174 2520 0.432275
21.2598 0.0196063 2088 0.421293
21.3716 0.0192446 2634 0.413522
21.4685 0.0196166 2328 0.421515
21.5636 0.0187558 2304 0.403017
21.67 0.0175632 2568 0.377391
21.7712 0.0186211 2024 0.400123
21.856 0.0179863 2352 0.386483
21.964 0.019099 2718 0.410393
22.0689 0.0182221 2520 0.39155
22.1792 0.01786 2772 0.38377
22.2806 0.0179612 2640 0.385943
22.3891 0.0180881 2880 0.38867
22.4992 0.0181103 2448 0.389147
22.5967 0.0174503 2478 0.374966
22.6978 0.0171687 2904 0.368914
22.8073 0.0172343 2816 0.370323
22.9091 0.017113 3024 0.367717
23.0305 0.0176473 2952 0.379199
23.1358 0.0171329 2796 0.368146
23.2405 0.0163902 2982 0.352185
23.355 0.016947 3312 0.364151
23.4601 0.0168222 2688 0.361468
23.5688 0.0163722 3144 0.351799
23.6855 0.017032 3672 0.365977
23.7877 0.0167201 2328 0.359276
23.9086 0.0168824 4046 0.362762
24.0233 0.0154813 2844 0.332655
24.1291 0.0164217 3600 0.352863
24.2431 0.0163278 3264 0.350846
24.3572 0.0163555 3288 0.351441
24.4685 0.0163403 3198 0.351114
24.5798 0.0160397 3864 0.344656
24.6976 0.015485 3456 0.332735
24.8127 0.015004 3744 0.3224
24.936 0.0151338 3876 0.325189
25.0523 0.0159801 3392 0.343375
25.1669 0.015235 3918 0.327363
25.2872 0.0151482 3864 0.325499
25.4083 0.0149408 4104 0.321041
25.5199 0.0144584 3480 0.310676
25.6387 0.0150084 4080 0.322495
25.7664 0.0147776 4170 0.317535
25.8855 0.0144678 4176 0.310879
26.008 0.0143953 4560 0.309322
26.1336 0.0147537 3656 0.317021
26.2469 0.0146413 4344 0.314606
26.3809 0.0140898 4830 0.302757
26.5071 0.0142536 4416 0.306275
26.6256 0.0140292 3876 0.301454
26.7421 0.0138244 4752 0.297053
26.8761 0.014267 4968 0.306563
27.01 0.0140395 4494 0.301675
27.124 0.0135979 4200 0.292186
27.2568 0.0137302 5792 0.295029
27.3851 0.0137823 4224 0.296148
27.5155 0.013678 5220 0.293907
27.6427 0.0128596 4590 0.276322
27.7657 0.0131995 5328 0.283625
27.902 0.0134081 5304 0.288109
28.0352 0.0132234 5040 0.28414
28.1565 0.0129387 4920 0.278022
28.2918 0.0127543 5750 0.27406
28.4302 0.0125835 5388 0.27039
28.5589 0.0128664 5784 0.276469
28.6971 0.0129553 5400 0.278378
28.8304 0.0125221 5640 0.26907
28.9695 0.0124457 5934 0.267428
29.1035 0.0123889 6120 0.266208
29.2425 0.0121534 5544 0.261147
29.3779 0.0123418 6164 0.265195
29.5153 0.0125539 5838 0.269753
29.6461 0.0117284 6144 0.252016
29.7907 0.0120036 6288 0.257928
29.9258 0.0117255 6576 0.251953
30.0748 0.0120311 6504 0.25852
30.2188 0.0121651 6594 0.2614
30.361 0.0116235 7008 0.249761
30.5003 0.0119111 6200 0.255942
30.6412 0.0114431 6768 0.245885
30.7876 0.0115424 7182 0.248019
30.9298 0.0113344 6864 0.24355
31.0761 0.0113493 7308 0.243869
31.2204 0.0112441 6744 0.241609
31.3652 0.0111089 7686 0.238703
31.5175 0.0109796 7280 0.235926
31.662 0.0111552 7920 0.239699
31.8151 0.0109704 7560 0.235728
31.9599 0.010887 6948 0.233935
32.1058 0.0105527 8430 0.226753
32.2645 0.0105065 8328 0.22576
32.4166 0.0107784 7824 0.231602
32.568 0.0100894 8160 0.216797
32.7167 0.0105525 8030 0.226749
32.8774 0.0101326 9372 0.217725
33.0313 0.00992479 7968 0.21326
33.1826 0.0102482 8568 0.22021
33.3427 0.0100204 8934 0.215315
33.4947 0.010077 8952 0.216531
33.6524 0.0100725 8880 0.216435
33.8146 0.00992575 9548 0.213281
33.9739 0.00989008 9126 0.212514
34.1313 0.00986208 9384 0.211913
34.2874 0.00956299 9288 0.205486
34.4468 0.00976438 9792 0.209813
34.6116 0.00975028 9570 0.20951
34.771 0.00941607 10376 0.202329
34.9362 0.00931839 10152 0.20023
35.1033 0.00934919 9960 0.200892
35.2646 0.0091306 10782 0.196195
35.4377 0.00932651 10992 0.200404
35.6063 0.00890279 10452 0.1913
35.7696 0.00920627 10806 0.197821
35.9426 0.00915533 11312 0.196726
36.1079 0.00897957 11112 0.192949
36.2754 0.00894736 10848 0.192258
36.4449 0.00884348 11394 0.190025
36.6133 0.00889803 11952 0.191197
36.7846 0.00865285 11352 0.185929
36.9601 0.0086252 12584 0.185335
37.1397 0.00870734 12390 0.1871
37.3143 0.00871844 12252 0.187338
37.4848 0.00848551 12240 0.182333
37.663 0.00846233 12486 0.181835
37.8363 0.00835366 13080 0.1795
38.0139 0.0082904 12968 0.178141
38.1916 0.00830624 12612 0.178481
38.369 0.00832595 13974 0.178905
38.5541 0.00811707 13944 0.174417
38.7327 0.00804114 12840 0.172785
38.91 0.00786557 14358 0.169012
39.0994 0.00784153 14588 0.168496
39.2843 0.00780567 14688 0.167725
39.4661 0.00785313 13560 0.168745
39.6505 0.0078098 15582 0.167814
39.8367 0.00766915 14544 0.164792
40.0233 0.00751831 15420 0.16155
40.2152 0.00759705 15614 0.163243
40.399 0.0076136 14880 0.163598
40.5874 0.00747569 16728 0.160635
40.7843 0.00749167 15690 0.160978
40.9716 0.0074319 16248 0.159694
41.1602 0.00735585 16584 0.15806
41.3596 0.00731831 16904 0.157253
41.5548 0.00714801 17430 0.153594
41.7499 0.00709738 16908 0.152506
41.9429 0.00698602 17640 0.150113
42.1439 0.00699299 17550 0.150263
42.34 0.0070171 18696 0.150781
42.5408 0.00691254 17792 0.148534
42.739 0.00689845 18138 0.148231
42.937 0.00685819 19392 0.147366
43.1414 0.00672438 18768 0.144491
43.3421 0.00671836 19038 0.144361
43.5438 0.0066991 19460 0.143948
43.7444 0.00653718 19992 0.140468
43.96 0.00645589 21174 0.138722
44.1671 0.00655769 20040 0.140909
44.3727 0.00646039 20628 0.138818
44.5802 0.00650283 20798 0.13973
44.7878 0.00633126 21480 0.136044
44.9991 0.0063564 21792 0.136584
45.2114 0.00637606 21414 0.137006
45.4235 0.00631714 23100 0.13574
45.6374 0.0061809 21992 0.132813
45.8534 0.00618423 23406 0.132884
46.0666 0.00618847 22536 0.132975
46.284 0.00603119 24348 0.129596
46.5042 0.00601917 23598 0.129338
46.7214 0.00597567 24224 0.128403
46.9406 0.00583375 24648 0.125353
47.1626 0.00582894 24618 0.12525
47.3743 0.00582485 24192 0.125162
47.5977 0.0058251 26208 0.125167
47.8226 0.00573841 25790 0.123305
48.0485 0.00566951 26916 0.121824
48.2752 0.00563406 26214 0.121063
48.5019 0.00565824 27528 0.121582
48.7306 0.00562572 27720 0.120883
48.961 0.00555264 27122 0.119313
49.1868 0.00542018 28632 0.116467
49.4198 0.00545185 28680 0.117147
49.6522 0.00537929 28722 0.115588
49.8833 0.00533679 30000 0.114675
50.1204 0.00527555 29408 0.113359
50.355 0.0053627 30678 0.115232
50.5916 0.00517171 30660 0.111128
50.8313 0.00525373 31494 0.11289
51.0704 0.00514887 31448 0.110637
51.3084 0.00516109 32160 0.1109
51.5543 0.00508457 33090 0.109255
51.795 0.00505139 32664 0.108542
52.0364 0.00498464 32718 0.107108
52.2793 0.00497026 34472 0.106799
52.526 0.00499344 34260 0.107297
52.7713 0.00491405 34302 0.105591
53.0156 0.00487115 35472 0.104669
53.2669 0.00478568 36020 0.102833
53.5188 0.00484889 36942 0.104191
53.77 0.00470661 36360 0.101134
54.0241 0.00470124 38166 0.101018
54.2756 0.00466725 36804 0.100288
54.5284 0.00465408 38864 0.100005
54.787 0.00457011 39366 0.0982008
55.0466 0.00458039 40068 0.0984216
55.3028 0.00447678 38910 0.0961953
55.5606 0.0045329 41360 0.0974011
55.8224 0.00445437 40782 0.0957137
56.083 0.00442731 42204 0.0951324
56.345 0.00438423 41544 0.0942067
56.6114 0.00437017 44510 0.0939045
56.8794 0.00428323 42948 0.0920363
57.145 0.00422345 44478 0.0907518
57.4166 0.00424174 46032 0.091145
57.6877 0.00422707 44402 0.0908296
57.954 0.00414696 46320 0.0891082
58.2264 0.00413024 46848 0.0887491
58.5017 0.00404441 47814 0.0869048
58.7762 0.00404007 48260 0.0868114
59.0569 0.0040163 49758 0.0863007
59.3327 0.00398297 49032 0.0855845
59.6104 0.00398027 49770 0.0855265
59.8885 0.00390315 51056 0.0838694
60.1688 0.00387282 51504 0.0832176
60.453 0.00385631 52866 0.0828629
60.7362 0.00380738 52848 0.0818115
61.0229 0.00378769 54542 0.0813884
61.3094 0.00375944 54276 0.0807814
61.5957 0.00371086 55062 0.0797375
61.8839 0.00372039 56568 0.0799422
62.177 0.00369544 57266 0.0794063
62.4688 0.00368504 58056 0.0791828
62.7616 0.00365266 57750 0.078487
63.0554 0.00361538 60380 0.0776858
63.3541 0.00358261 60390 0.0769817
63.652 0.00361967 61608 0.0777782
63.9512 0.00357191 61362 0.0767519
64.251 0.00352764 63752 0.0758006
64.554 0.00345071 63528 0.0741476
64.8554 0.0034733 64050 0.0746328
65.1549 0.00342408 64784 0.0735753
65.4649 0.00339284 68814 0.072904
65.7741 0.00333241 66156 0.0716055
66.081 0.00333018 68718 0.0715576
66.3899 0.00329985 69104 0.0709058
66.7047 0.00326668 71682 0.0701931
67.0183 0.00324928 70512 0.0698192
67.3306 0.0032316 72278 0.0694394
67.6483 0.00320231 74532 0.0688099
67.9687 0.00317909 74454 0.0683111
68.2871 0.00316569 75540 0.0680231
68.6079 0.00311667 76526 0.0669699
68.9314 0.00312747 78648 0.0672018
69.2548 0.00307176 77370 0.0660049
69.5723 0.00303375 78272 0.0651881
69.8997 0.00301903 82710 0.0648718
70.2314 0.00297151 82146 0.0638508
70.5609 0.00293942 83712 0.0631612
70.8938 0.00295011 84710 0.0633907
71.2273 0.00290045 86172 0.0623237
71.5624 0.00290002 86406 0.0623144
71.8964 0.00284882 88244 0.0612142
72.2353 0.00281475 89670 0.0604822
72.5741 0.00283749 90792 0.0609708
72.9184 0.00277476 93194 0.0596229
73.2605 0.00277485 92352 0.059625
73.6035 0.0027459 94914 0.0590027
73.9481 0.00271388 95504 0.0583149
74.2951 0.00267768 97230 0.0575369
74.6441 0.00268777 98802 0.0577538
74.9957 0.00262559 100952 0.0564177
75.3469 0.0026174 99990 0.0562418
75.6983 0.00259051 103356 0.0556639
76.0565 0.00255545 105014 0.0549105
76.4149 0.00254191 106548 0.0546197
76.7736 0.00253242 106302 0.0544156
77.1306 0.00250576 108002 0.0538428
77.4926 0.00247662 111696 0.0532166
77.8598 0.00246305 112158 0.052925
78.2245 0.00243947 113300 0.0524185
78.5923 0.00242301 115302 0.0520646
78.9616 0.00240718 117396 0.0517246
79.3312 0.0023663 117158 0.0508462
79.7042 0.00236451 121470 0.0508076
80.0776 0.00233185 120660 0.050106
80.4553 0.00231385 125030 0.0497191
80.8343 0.00228934 125388 0.0491924
81.2158 0.00226278 128094 0.0486218
81.5959 0.0022398 127058 0.0481279
81.9781 0.0022286 132336 0.0478873
82.3648 0.00222105 132006 0.0477251
82.7505 0.00218341 134162 0.0469162
83.14 0.0021847 137760 0.0469439
83.5324 0.00215796 137802 0.0463694
83.9214 0.00212884 139016 0.0457437
84.3171 0.00211731 144354 0.045496
84.7141 0.00209326 142814 0.0449792
85.1084 0.00207629 145932 0.0446145
85.5081 0.00206105 148206 0.044287
85.9091 0.00203696 150566 0.0437694
86.3128 0.0020244 152820 0.0434996
86.7194 0.00198563 155142 0.0426664
87.127 0.00197406 157220 0.0424178
87.5368 0.00195946 159198 0.0421042
87.9473 0.00195307 160994 0.0419667
88.3606 0.0019271 164544 0.0414087
88.7753 0.00191728 165282 0.0411977
89.1919 0.00191414 168350 0.0411304
89.6109 0.00189895 171660 0.0408039
90.0336 0.00187372 173622 0.0402618
90.4563 0.00185921 175034 0.0399501
90.8805 0.00183477 178512 0.0394248
91.3051 0.0018234 178646 0.0391805
91.7348 0.00180313 185466 0.0387449
92.1672 0.00177839 185382 0.0382134
92.5992 0.00177637 188252 0.03817
93.0354 0.001761 192126 0.0378396
93.473 0.00174395 193562 0.0374732
93.9107 0.00172091 196176 0.0369783
94.3526 0.00172496 200130 0.0370654
94.7959 0.00169958 201326 0.0365199
95.2394 0.00168761 204972 0.0362628
95.6874 0.00166905 208406 0.0358639
96.1345 0.00166338 208362 0.035742
96.5874 0.00164768 217662 0.0354046
97.0451 0.00163154 217124 0.0350579
97.4982 0.00162137 217446 0.0348395
97.9556 0.00159666 224690 0.0343084
98.4147 0.00158359 224058 0.0340276
98.8771 0.00157206 231848 0.0337798
99.3453 0.00155385 233994 0.0333885
99.8112 0.00155005 234198 0.033307
100.278 0.00153183 239708 0.0329153
100.751 0.0015256 243630 0.0327816
101.226 0.00151221 247010 0.0324937
101.699 0.00149483 246414 0.0321204
102.174 0.00148368 253772 0.0318808
102.654 0.00146009 256902 0.0313739
103.137 0.00144778 261066 0.0311092
103.624 0.0014369 265958 0.0308755
104.11 0.00141825 265098 0.0304748
104.596 0.00141734 271424 0.0304553
105.088 0.00140885 276858 0.0302728
105.585 0.00139361 281186 0.0299454
106.082 0.00137816 282918 0.0296133
106.577 0.00136118 285146 0.0292486
107.077 0.00135517 293280 0.0291194
107.581 0.00134214 294602 0.0288393
108.087 0.00132559 301278 0.0284837
108.595 0.00130894 302954 0.0281259
109.104 0.00130127 307674 0.0279611
109.614 0.00129524 310560 0.0278317
110.13 0.00128209 320834 0.0275491
110.65 0.00126834 321582 0.0272536
111.17 0.00125556 325226 0.026979
111.691 0.00123667 331422 0.0265731
112.216 0.00122863 335066 0.0264004
112.744 0.00121617 341340 0.0261326
113.272 0.00120729 342038 0.0259419
113.803 0.00120565 351354 0.0259065
114.339 0.0011943 355478 0.0256626
114.877 0.00118373 360066 0.0254356
115.416 0.00117209 364634 0.0251853
115.957 0.00116077 369072 0.0249423
116.503 0.00114483 377642 0.0245997
117.053 0.00113587 382074 0.0244071
117.602 0.00112359 384014 0.0241432
118.154 0.00111954 393066 0.0240563
118.707 0.00111028 393950 0.0238572
119.264 0.00109874 404154 0.0236094
119.826 0.00109095 409178 0.0234419
120.388 0.00107754 413334 0.0231538
120.954 0.00106543 421196 0.0228936
121.521 0.00106063 422658 0.0227904
122.091 0.00105175 434990 0.0225997
122.666 0.00103957 437442 0.0223378
123.241 0.00103399 443066 0.022218
123.82 0.00102014 452150 0.0219204
124.401 0.0010117 455538 0.0217391
124.985 0.00100351 463382 0.021563
125.571 0.0009939 468666 0.0213565
126.162 0.000986421 479642 0.0211958
126.756 0.000977553 482814 0.0210053
127.35 0.000967354 489386 0.0207861
127.948 0.000960929 498642 0.0206481
128.55 0.00094662 503450 0.0203406
129.154 0.00093812 512838 0.020158
129.761 0.000934902 517586 0.0200888
130.369 0.000926243 524372 0.0199027
130.98 0.000915852 534270 0.0196795
131.596 0.000908484 540386 0.0195211
132.215 0.000900319 550938 0.0193457
132.836 0.0008955 554270 0.0192422
133.459 0.000885111 564978 0.0190189
134.087 0.000876991 574370 0.0188444
134.718 0.00087011 579614 0.0186966
135.35 0.000862028 587778 0.0185229
135.985 0.000856213 596978 0.018398
136.624 0.000849814 606570 0.0182605
137.267 0.000843775 613982 0.0181307
137.911 0.000838774 621200 0.0180233
138.558 0.00082845 631386 0.0178014
139.208 0.000817752 640418 0.0175715
139.864 0.000810127 651870 0.0174077
140.521 0.000804039 657770 0.0172769
141.18 0.000798845 667082 0.0171653
141.842 0.000792818 675810 0.0170358
142.509 0.000785199 689318 0.016872
143.18 0.00077749 698754 0.0167064
143.854 0.00077067 706922 0.0165599
144.529 0.000766109 715562 0.0164619
145.208 0.000757499 727662 0.0162768
145.889 0.000751102 734426 0.0161394
146.572 0.00074558 745746 0.0160207
147.26 0.000736993 759698 0.0158362
147.952 0.000729045 768140 0.0156654
148.647 0.00072244 778770 0.0155235
149.347 0.000715328 795842 0.0153707
150.049 0.000710588 799442 0.0152688
150.754 0.000701267 816042 0.0150686
151.462 0.000696314 822038 0.0149621
152.173 0.000690337 837722 0.0148337
152.887 0.000682529 846330 0.0146659
153.605 0.000676519 860768 0.0145368
154.327 0.000671395 873722 0.0144267
155.052 0.00066412 885438 0.0142704
155.781 0.000661744 898730 0.0142193
156.513 0.000653518 908402 0.0140425
157.247 0.000649735 923226 0.0139613
157.985 0.000641752 933944 0.0137897
158.727 0.000637018 949730 0.013688
159.472 0.000630765 961278 0.0135536
160.222 0.000625721 981218 0.0134453
160.976 0.000620577 989186 0.0133347
161.73 0.000613803 1001016 0.0131892
162.489 0.000607072 1019138 0.0130445
163.253 0.00060153 1032842 0.0129254
164.019 0.000595235 1045394 0.0127902
164.79 0.000591914 1066230 0.0127188
165.565 0.000588675 1075496 0.0126492
166.341 0.000580173 1090154 0.0124665
167.122 0.000574485 1110378 0.0123443
167.908 0.000570739 1124666 0.0122638
168.697 0.000563462 1139624 0.0121075
169.49 0.000556886 1157114 0.0119662
170.286 0.000553895 1171434 0.0119019
171.085 0.000550411 1188494 0.011827
171.889 0.000543408 1205504 0.0116765
172.697 0.000537902 1226594 0.0115582
173.508 0.000534051 1235562 0.0114755
174.322 0.000529487 1259120 0.0113774
175.141 0.000525129 1274498 0.0112838
175.964 0.00052127 1295594 0.0112008
176.791 0.000515245 1308312 0.0110714
177.621 0.000510579 1333922 0.0109711
178.456 0.000505728 1348418 0.0108669
179.294 0.000500348 1366112 0.0107513
180.136 0.000495857 1389738 0.0106548
180.982 0.000491858 1407458 0.0105688
181.832 0.000486161 1426520 0.0104464
182.687 0.000483348 1448810 0.010386
183.545 0.000480111 1465802 0.0103164
184.406 0.000473959 1488456 0.0101843
185.272 0.000469912 1510766 0.0100973
186.142 0.000465929 1528298 0.0100117
187.016 0.000461774 1552784 0.00992241
187.895 0.000457289 1579538 0.00982605
188.779 0.000452539 1595784 0.00972399
189.665 0.000448706 1619930 0.00964162
190.555 0.00044584 1637186 0.00958003
191.449 0.000441024 1669616 0.00947656
192.35 0.000437308 1691834 0.0093967
193.253 0.000432804 1706952 0.00929993
194.159 0.000428869 1739630 0.00921536
195.073 0.000426364 1765064 0.00916155
195.988 0.000423226 1783538 0.00909412
196.91 0.000418332 1817480 0.00898895
197.835 0.000414915 1837034 0.00891554
198.765 0.000410778 1866512 0.00882663
199.698 0.000407026 1888242 0.00874601
200.636 0.000403189 1917056 0.00866357
201.577 0.000399123 1941554 0.0085762
202.525 0.000395901 1978040 0.00850698
203.477 0.00039242 1997426 0.00843217
204.433 0.000388647 2029256 0.0083511
205.393 0.000384921 2056370 0.00827103
206.357 0.000381929 2084000 0.00820675
207.326 0.000378535 2117778 0.00813381
208.3 0.000375089 2143952 0.00805976
209.278 0.000371853 2175614 0.00799024
210.261 0.000368194 2206400 0.0079116
211.248 0.000364372 2233970 0.00782948
212.241 0.000360836 2276456 0.00775349
213.239 0.000358083 2301848 0.00769434
214.24 0.000353538 2332922 0.00759669
215.246 0.000350078 2366960 0.00752234
216.256 0.000347252 2397698 0.00746161
217.272 0.00034398 2436644 0.00739132
218.293 0.000340622 2472608 0.00731916
219.319 0.000337709 2503050 0.00725657
220.348 0.000335082 2535392 0.00720011
221.383 0.000332007 2581088 0.00713405
222.424 0.00032884 2612762 0.00706599
223.469 0.000325249 2647964 0.00698883
224.518 0.000322092 2687216 0.006921
225.573 0.000319533 2724434 0.00686601
226.633 0.000316414 2765840 0.00679898
227.697 0.000313935 2798504 0.00674571
228.766 0.000310827 2841326 0.00667894
229.841 0.000308159 2886128 0.00662159
230.921 0.000305584 2920808 0.00656626
232.005 0.000302786 2967536 0.00650615
233.094 0.000299692 3000674 0.00643967
234.188 0.000296542 3050324 0.00637198
235.289 0.000294119 3094664 0.00631991
236.395 0.000291776 3136016 0.00626956
237.505 0.000288796 3179546 0.00620553
238.621 0.00028587 3227060 0.00614267
239.742 0.000283394 3271832 0.00608945
240.868 0.000280654 3315440 0.00603059
241.998 0.000277888 3363800 0.00597116
243.135 0.000275186 3414158 0.0059131
244.278 0.000272925 3459752 0.0058645
245.425 0.000270528 3508864 0.00581301
246.578 0.000268033 3560804 0.00575939
247.736 0.000266049 3608912 0.00571676
248.9 0.000263249 3660608 0.00565659
250.068 0.000260816 3707846 0.00560431
251.243 0.000258226 3769664 0.00554865
252.424 0.000255826 3822920 0.00549709
253.609 0.000253101 3863564 0.00543855
254.8 0.000251474 3930704 0.00540357
255.998 0.000248891 3986168 0.00534807
257.2 0.000246963 4034228 0.00530665
258.406 0.000244727 4090816 0.00525859
259.62 0.000242818 4160360 0.00521758
260.841 0.000240393 4213436 0.00516547
262.066 0.000237951 4270976 0.005113
263.296 0.000236138 4332308 0.00507403
264.533 0.000234051 4395896 0.0050292
265.775 0.000231779 4454378 0.00498037
267.023 0.000229843 4517036 0.00493877
268.278 0.000227414 4588552 0.00488658
269.539 0.000225694 4651316 0.00484962
270.805 0.000223649 4711190 0.00480568
272.076 0.000221008 4782704 0.00474893
273.355 0.000218926 4849964 0.00470419
274.639 0.000217665 4917080 0.0046771
275.928 0.000215593 4985260 0.00463257
277.224 0.000213927 5060456 0.00459678
278.527 0.000211786 5127788 0.00455079
279.835 0.000209353 5201672 0.0044985
281.149 0.000208085 5278196 0.00447126
282.47 0.000206008 5350384 0.00442661
283.797 0.000204383 5423492 0.0043917
285.13 0.000202349 5504720 0.00434799
286.469 0.000200478 5581268 0.0043078
287.815 0.000198747 5659270 0.0042706
289.166 0.000196873 5736332 0.00423033
290.524 0.00019535 5823104 0.00419761
291.889 0.00019332 5909900 0.00415398
293.261 0.00019168 5986168 0.00411875
294.637 0.000189579 6064034 0.00407361
296.021 0.000187617 6162248 0.00403144
297.412 0.000186077 6249932 0.00399835
298.81 0.000184281 6331588 0.00395976
300.213 0.000182321 6424736 0.00391765
301.623 0.000180702 6515066 0.00388285
303.04 0.000178965 6607552 0.00384553
304.463 0.000177571 6691412 0.00381557
305.892 0.000175937 6796676 0.00378047
307.33 0.000174295 6894838 0.00374518
308.773 0.000172547 6983324 0.00370763
310.224 0.000170912 7094120 0.00367249
311.681 0.00016983 7182634 0.00364925
313.145 0.000168057 7295588 0.00361114
314.616 0.000166809 7389992 0.00358433
316.094 0.000165319 7499434 0.0035523
317.579 0.000163758 7606244 0.00351877
319.07 0.000162244 7703654 0.00348625
320.568 0.000160553 7823908 0.00344989
322.074 0.000158977 7933148 0.00341604
323.587 0.000157377 8035210 0.00338165
325.107 0.000156107 8168648 0.00335436
326.635 0.000154749 8270402 0.00332519
328.169 0.000153307 8396284 0.00329419
329.71 0.000152188 8496608 0.00327016
331.258 0.000150563 8636482 0.00323523
332.814 0.000149404 8744780 0.00321033
334.377 0.000147991 8878274 0.00317997
335.948 0.000146676 8998288 0.00315172
337.526 0.00014534 9127058 0.00312301
339.111 0.000144172 9258676 0.00309791
340.704 0.000142954 9394994 0.00307175
342.305 0.000141605 9518530 0.00304275
343.912 0.000140243 9652352 0.00301349
345.528 0.000139088 9800506 0.00298868
347.151 0.000137855 9929156 0.00296217
348.782 0.000136811 10079002 0.00293973
350.42 0.000135671 10202930 0.00291524
352.065 0.00013414 10362148 0.00288236
353.719 0.000133198 10508450 0.00286211
355.38 0.000132052 10647784 0.00283749
357.05 0.000130945 10817954 0.00281369
358.727 0.000129711 10950034 0.00278717
360.411 0.000128591 11116484 0.00276312
362.105 0.000127495 11277610 0.00273957
363.806 0.000126278 11430154 0.00271341
365.514 0.000125265 11580074 0.00269166
367.23 0.000124154 11759140 0.00266778
368.955 0.000123052 11924378 0.0026441
370.689 0.000122113 12099850 0.00262391
372.43 0.000120994 12260050 0.00259987
374.18 0.000119891 12439484 0.00257618
375.937 0.000118871 12606226 0.00255426
377.703 0.000118016 12800474 0.00253588
379.477 0.000117125 12964258 0.00251675
381.259 0.0001161 13155874 0.0024947
383.05 0.000115083 13345394 0.00247285
384.849 0.000114175 13525540 0.00245335
386.657 0.00011318 13730122 0.00243197
388.473 0.000112235 13917890 0.00241167
390.298 0.000111424 14114938 0.00239423
392.131 0.000110718 14316682 0.00237907
393.974 0.000109617 14520626 0.00235542
395.824 0.000108925 14708962 0.00234055
397.682 0.000108029 14936002 0.0023213
399.55 0.000107126 15141986 0.00230188
401.428 0.000106324 15366994 0.00228466
403.313 0.000105647 15563242 0.0022701
405.207 0.000104879 15794614 0.00225359
407.111 0.000104137 16021226 0.00223765
409.023 0.000103347 16238338 0.00222067
410.944 0.000102702 16476706 0.00220682
412.874 0.000101952 16717282 0.0021907
414.814 0.000101236 16935730 0.00217532
416.762 0.000100567 17183270 0.00216094
418.719 9.99196e-05 17431546 0.00214703
420.686 9.93121e-05 17672128 0.00213398
422.662 9.86968e-05 17929450 0.00212076
424.648 9.80661e-05 18181246 0.00210721
426.643 9.73813e-05 18436154 0.00209249
428.646 9.68559e-05 18688066 0.0020812
430.659 9.62851e-05 18966160 0.00206894
432.682 9.57288e-05 19228342 0.00205698
434.714 9.51681e-05 19497994 0.00204494
436.756 9.46777e-05 19789402 0.0020344
438.808 9.41433e-05 20048224 0.00202291
440.868 9.38116e-05 20340694 0.00201579
442.939 9.33161e-05 20631698 0.00200514
445.02 9.28966e-05 20920738 0.00199613
447.11 9.24756e-05 21224764 0.00198708
449.211 9.20966e-05 21524794 0.00197894
451.321 9.17648e-05 21819694 0.00197181
453.441 9.15074e-05 22136776 0.00196628
455.571 9.12951e-05 22446490 0.00196171
457.71 9.10082e-05 22753708 0.00195555
459.86 9.08139e-05 23092930 0.00195137
462.02 9.05219e-05 23405020 0.0019451
464.19 9.04169e-05 23744914 0.00194284
466.371 9.02293e-05 24090094 0.00193881
468.561 9.01795e-05 24416584 0.00193774
470.762 9.0063e-05 24763822 0.00193524
472.973 9.0046e-05 25116112 0.00193487
475.194 8.99608e-05 25474348 0.00193304
477.427 9.0024e-05 25839802 0.0019344
479.669 9.01263e-05 26191732 0.0019366
481.921 9.02184e-05 26563339 0.00193858
484.183 8.98232e-05 26678128 0.00193009
486.457 8.9167e-05 26655828 0.00191599
488.742 8.86396e-05 26675140 0.00190465
491.038 8.80025e-05 26644864 0.00189096
493.344 8.74754e-05 26631640 0.00187964
495.661 8.68658e-05 26619904 0.00186654
497.99 8.63388e-05 26596180 0.00185522
500.329 8.58306e-05 26557060 0.00184429
502.679 8.52389e-05 26532520 0.00183158
505.04 8.46985e-05 26493240 0.00181997
507.412 8.41789e-05 26453764 0.0018088
509.795 8.36897e-05 26412544 0.00179829
512.19 8.31873e-05 26360476 0.0017875
514.595 8.26976e-05 26299600 0.00177697
517.012 8.2288e-05 26254092 0.00176817
519.441 8.17975e-05 26178916 0.00175763
521.881 8.12588e-05 26116096 0.00174606
524.332 8.06917e-05 26040928 0.00173387
526.795 8.03535e-05 25967736 0.0017266
529.269 7.99858e-05 25862260 0.0017187
531.755 7.959e-05 25796416 0.0017102
534.253 7.9203e-05 25689396 0.00170188
536.762 7.88526e-05 25577176 0.00169436
539.283 7.84971e-05 25489588 0.00168671
541.816 7.80724e-05 25373328 0.00167759
544.362 7.77594e-05 25250224 0.00167086
546.918 7.74091e-05 25122124 0.00166334
549.487 7.71386e-05 24990660 0.00165752
552.068 7.68225e-05 24856192 0.00165073
554.661 7.64832e-05 24706228 0.00164344
557.266 7.62145e-05 24558204 0.00163767
559.883 7.60495e-05 24392068 0.00163412
562.513 7.5752e-05 24237480 0.00162773
565.155 7.55413e-05 24064336 0.0016232
567.809 7.53099e-05 23876980 0.00161823
570.476 7.50601e-05 23697324 0.00161286
573.156 7.49134e-05 23498488 0.00160971
575.848 7.47175e-05 23292324 0.0016055
578.553 7.46188e-05 23100964 0.00160338
581.271 7.44915e-05 22862988 0.00160065
584 7.43258e-05 22634848 0.00159708
586.743 7.42796e-05 22410012 0.00159609
589.499 7.42456e-05 22160572 0.00159536
592.268 7.42086e-05 21915600 0.00159457
595.05 7.41229e-05 21645516 0.00159273
597.844 7.41526e-05 21372232 0.00159336
600.652 7.42676e-05 21101172 0.00159583
603.474 7.43971e-05 20815564 0.00159862
606.308 7.44403e-05 20504628 0.00159954
609.156 7.45709e-05 20204736 0.00160235
612.017 7.47325e-05 19883356 0.00160582
614.891 7.47532e-05 19552848 0.00160627
617.779 7.49561e-05 19217196 0.00161063
620.681 7.52888e-05 18861736 0.00161778
623.596 7.5516e-05 18502836 0.00162266
626.525 7.57609e-05 18135780 0.00162792
629.467 7.60433e-05 17749600 0.00163399
632.424 7.63824e-05 17354232 0.00164128
635.394 7.67393e-05 16953228 0.00164895
638.378 7.71422e-05 16529656 0.0016576
641.376 7.74559e-05 16099164 0.00166434
644.388 7.80031e-05 15659388 0.0016761
647.415 7.84382e-05 15207864 0.00168545
650.455 7.88947e-05 14736132 0.00169526
653.51 7.94758e-05 14255596 0.00170775
656.579 7.98423e-05 13762332 0.00171562
659.662 8.02798e-05 13252296 0.00172502
662.76 8.06701e-05 12731268 0.00173341
665.872 8.09943e-05 12198720 0.00174037
668.999 8.13826e-05 11649660 0.00174872
672.141 8.15632e-05 11081952 0.0017526
675.296 8.14934e-05 10500652 0.0017511
678.467 8.11219e-05 9911376 0.00174312
681.652 8.03395e-05 9301473 0.0017263
684.856 7.98402e-05 8737218 0.00171558
688.073 7.95972e-05 8239530 0.00171035
691.305 7.94385e-05 7788972 0.00170694
694.552 7.96153e-05 7357452 0.00171074
697.814 7.97344e-05 6958434 0.0017133
701.093 8.00412e-05 6572454 0.00171989
704.385 8.03841e-05 6204966 0.00172726
707.693 8.08451e-05 5851524 0.00173717
711.016 8.10879e-05 5518854 0.00174239
714.356 8.1749e-05 5192928 0.00175659
717.711 8.21986e-05 4883690 0.00176625
721.082 8.30746e-05 4585122 0.00178507
724.468 8.4125e-05 4294452 0.00180765
727.871 8.49093e-05 4020870 0.0018245
731.289 8.57575e-05 3750774 0.00184272
734.723 8.67863e-05 3496122 0.00186483
738.174 8.81431e-05 3250038 0.00189399
741.641 8.89914e-05 3010904 0.00191221
745.123 9.02417e-05 2783520 0.00193908
748.622 9.1839e-05 2566482 0.0019734
752.138 9.35287e-05 2355504 0.00200971
755.668 9.51002e-05 2154350 0.00204348
759.215 9.70864e-05 1964322 0.00208615
762.781 9.89862e-05 1782180 0.00212698
766.364 0.000100734 1608354 0.00216453
769.963 0.000103111 1442012 0.00221561
773.577 0.0001055 1285878 0.00226694
777.208 0.000107667 1137636 0.00231352
780.856 0.000110808 999476 0.00238101
784.519 0.00011347 867846 0.0024382
788.195 0.000116778 746768 0.00250929
791.894 0.00012057 636276 0.00259077
795.615 0.000125047 532566 0.00268697
799.345 0.000129122 435044 0.00277453
803.087 0.000135002 351690 0.00290087
806.861 0.000141351 275630 0.0030373
810.63 0.00014664 204876 0.00315095
814.415 0.000150856 150770 0.00324153
818.252 0.000158431 100542 0.00340431
822.015 0.000167517 59294 0.00359954
825.771 0.000177491 32538 0.00381386
829.571 0.000190841 11726 0.00410071
832.962 0.00023265 1560 0.00499908
835.799 0.000112225 1 0.00241145
