# in Mpc/h Units 
# D1 = 0.321902 
# k P N P(z=0)
0.314159 93.9366 6 906.539
0.444288 51.4592 12 496.61
0.54414 34.2478 8 330.51
0.628319 25.1442 6 242.655
0.702481 16.7257 24 161.412
0.76953 16.3151 24 157.45
0.888577 9.89901 12 95.5308
0.942478 13.009 30 125.544
0.993459 7.59706 24 73.3158
1.04195 9.3049 24 89.7973
1.08828 8.22258 8 79.3523
1.13272 7.68847 24 74.1979
1.17548 8.03773 48 77.5685
1.25664 5.06551 6 48.8849
1.29531 6.18643 48 59.7024
1.33286 4.68639 36 45.2262
1.36939 4.3786 24 42.2558
1.40496 5.89159 24 56.857
1.43966 3.75655 48 36.2528
1.47354 6.28531 24 60.6567
1.53906 4.36033 24 42.0795
1.5708 5.42948 30 52.3975
1.6019 4.02306 72 38.8248
1.63242 3.68241 32 35.5372
1.6918 2.71814 72 26.2315
1.72072 5.4865 48 52.9477
1.77715 5.12751 12 49.4833
1.80471 3.23491 48 31.2186
1.83185 2.97729 48 28.7324
1.85859 3.2662 48 31.5207
1.88496 1.67992 30 16.2122
1.91096 1.37972 24 13.3151
1.93661 3.06331 72 29.5627
1.98692 3.23733 24 31.242
2.0116 3.12051 96 30.1146
2.03598 2.93555 48 28.3297
2.06008 2.96505 24 28.6144
2.0839 1.92871 24 18.6131
2.10744 2.80295 72 27.05
2.13073 2.73994 48 26.4419
2.17656 2.79382 8 26.9619
2.19911 2.69688 54 26.0263
2.22144 2.64317 84 25.5081
2.24355 1.88807 48 18.2209
2.26543 2.74936 24 26.5328
2.28711 2.16328 72 20.8768
2.30859 2.45552 96 23.6971
2.35095 1.77909 48 17.1692
2.37185 2.73054 48 26.3512
2.39257 2.64368 24 25.5129
2.4131 1.96144 72 18.929
2.45366 1.4856 72 14.3369
2.47369 1.73131 96 16.7081
2.51327 1.16923 6 11.2837
2.53283 1.85547 96 17.9063
2.55224 2.06797 96 19.957
2.5715 1.08245 24 10.4462
2.59062 2.06468 48 19.9253
2.6096 1.96942 96 19.006
2.62844 1.87 48 18.0465
2.66573 1.83698 36 17.7279
2.68418 1.91405 48 18.4716
2.7025 1.71153 120 16.5172
2.7207 1.69852 56 16.3917
2.73878 3.1216 24 30.1251
2.75674 1.9286 96 18.612
2.77458 1.85069 48 17.8602
2.80993 2.62107 24 25.2948
2.82743 1.69993 102 16.4053
2.84483 1.54904 48 14.9491
2.86213 1.59512 72 15.3938
2.87932 1.74531 48 16.8432
2.89641 1.37336 48 13.2536
2.91339 1.66165 120 16.0359
2.94708 1.73761 24 16.7689
2.96377 1.72325 144 16.6304
2.98038 1.73287 120 16.7231
2.99689 1.24716 48 12.0358
3.02964 1.73908 48 16.7831
3.04589 1.5912 96 15.3559
3.07812 1.23582 24 11.9264
3.09411 1.47801 48 14.2636
3.11002 1.72392 108 16.6368
3.12585 1.46561 72 14.144
3.14159 1.24632 30 12.0277
3.15726 1.42984 168 13.7988
3.17285 0.882796 48 8.51946
3.20381 1.32196 72 12.7576
3.21917 1.34987 96 13.027
3.23447 1.77937 72 17.1719
3.24969 1.14089 72 11.0102
3.26484 1.37497 32 13.2692
3.27992 1.37025 72 13.2237
3.29493 1.33519 144 12.8854
3.33956 1.38563 96 13.3721
3.3543 1.59828 96 15.4243
3.36898 1.2573 48 12.1336
3.3836 1.19527 72 11.5351
3.39815 1.55682 120 15.0242
3.41264 1.28813 72 12.4311
3.44144 1.27889 48 12.342
3.45575 1.23335 78 11.9025
3.47 1.13521 120 10.9554
3.48419 1.19543 48 11.5365
3.51241 1.18443 144 11.4304
3.52643 1.20943 144 11.6716
3.55431 1.27184 12 12.2739
3.56816 1.09253 144 10.5435
3.58197 1.57571 48 15.2065
3.59572 1.38189 120 13.336
3.60942 1.25176 48 12.0801
3.62306 1.0145 48 9.79044
3.63666 1.24893 168 12.0529
3.6637 1.51929 48 14.662
3.67714 1.45401 96 14.032
3.69054 1.24496 96 12.0145
3.70388 1.5144 72 14.6148
3.71718 1.11986 48 10.8073
3.73043 0.902924 96 8.7137
3.74364 1.14184 48 11.0194
3.76991 1.36374 30 13.1609
3.78298 1.32678 96 12.8042
3.796 1.02263 192 9.86894
3.80898 1.3744 56 13.2637
3.82191 0.623313 24 6.01531
3.8348 1.0971 168 10.5876
3.84765 0.99538 120 9.60596
3.87322 0.99311 72 9.58405
3.88594 1.04813 144 10.1151
3.89861 1.14861 96 11.0847
3.91125 1.00836 96 9.73118
3.9364 1.34922 72 13.0207
3.94892 1.23419 96 11.9106
3.97384 0.920161 24 8.88005
3.98623 1.03426 192 9.98116
3.99859 1.03115 108 9.95116
4.01092 0.891066 24 8.59927
4.0232 1.29004 96 12.4496
4.03545 1.26945 96 12.2509
4.04766 0.976424 120 9.42303
4.07197 1.21966 48 11.7704
4.08407 1.07997 78 10.4223
4.09614 0.967268 144 9.33466
4.10817 0.954428 120 9.21075
4.12016 0.544012 24 5.25001
4.13212 0.989665 168 9.55081
4.14405 0.924038 144 8.91747
4.16779 0.736914 24 7.11162
4.17962 1.3008 48 12.5534
4.19141 0.764513 96 7.37797
4.20316 1.1729 120 11.3192
4.21489 1.25442 72 12.1058
4.22658 0.967044 120 9.3325
4.23824 0.936071 144 9.0336
4.26146 1.15481 48 11.1445
4.27303 0.929227 192 8.96755
4.28456 0.898741 144 8.67334
4.29606 0.894855 48 8.63584
4.31898 1.05708 192 10.2014
4.33039 0.932533 48 8.99945
4.35312 1.64989 8 15.9224
4.36444 0.935234 48 9.02552
4.37573 0.98967 240 9.55085
4.387 0.89025 96 8.5914
4.39823 0.584114 54 5.63702
4.40944 0.906626 120 8.74944
4.42061 0.995316 120 9.60534
4.44288 1.08679 84 10.4881
4.45398 1.01827 144 9.82682
4.46504 0.883763 72 8.52879
4.47608 0.935449 96 9.0276
4.48709 0.922679 48 8.90436
4.49808 0.904293 96 8.72692
4.50903 0.892239 240 8.6106
4.53087 0.785734 24 7.58277
4.54175 1.00318 240 9.68121
4.5526 0.909321 96 8.77544
4.56883 1.16717 144 11.2639
4.585 0.870678 96 8.40252
4.59575 0.732836 72 7.07227
4.61718 0.734801 96 7.09123
4.62785 0.867059 96 8.36759
4.63851 1.10148 120 10.6299
4.64913 0.831612 96 8.02551
4.67484 0.887029 336 8.56031
4.70191 0.875395 48 8.44804
4.71239 0.845197 150 8.15662
4.72285 0.980942 96 9.46663
4.73329 0.908364 120 8.76621
4.75112 0.91536 168 8.83372
4.76446 1.00305 240 9.67996
4.78513 1.00204 24 9.67028
4.79543 0.847673 144 8.18051
4.80571 0.904744 216 8.73127
4.82211 0.872597 120 8.42104
4.83642 1.00451 144 9.69405
4.84661 0.920026 96 8.87875
4.87706 1.0086 144 9.73355
4.88717 0.684777 132 6.60847
4.89726 0.761128 104 7.3453
4.90732 0.793857 72 7.66115
4.922 0.714534 312 6.89564
4.94739 0.918719 96 8.86614
4.95735 0.783918 144 7.56524
4.97264 0.845044 312 8.15513
4.99701 0.785068 48 7.57633
5.00687 0.742942 192 7.1698
5.02655 0.618561 6 5.96945
5.03636 0.793222 192 7.65502
5.05103 0.797808 192 7.69928
5.06567 1.07976 96 10.4203
5.0754 0.930909 216 8.98378
5.08511 0.898762 72 8.67354
5.10448 0.731658 96 7.0609
5.11414 0.824029 96 7.95233
5.12539 0.781849 288 7.54527
5.14301 0.547844 24 5.28699
5.1526 0.745078 264 7.19041
5.16216 0.813432 192 7.85006
5.18125 0.768147 48 7.41304
5.19646 0.893952 240 8.62713
5.20974 0.782844 120 7.55487
5.21921 0.967323 96 9.33519
5.23525 0.854614 240 8.24749
5.26471 0.656899 288 6.33943
5.27563 0.7798 96 7.5255
5.28498 1.01913 72 9.83516
5.30362 0.813654 192 7.85221
5.31292 0.741223 144 7.15321
5.33146 0.976315 36 9.42197
5.34719 0.732276 342 7.06687
5.35916 0.651935 96 6.29153
5.37587 0.756218 264 7.29791
5.38671 0.875226 168 8.44641
5.405 0.638154 120 6.15854
5.41412 0.785363 192 7.57918
5.42984 0.784809 264 7.57383
5.4414 0.931148 56 8.98609
5.45589 0.806832 240 7.78637
5.48556 0.705565 216 6.80909
5.49554 0.623257 240 6.01477
5.50963 0.576763 168 5.56608
5.52599 0.789162 240 7.61585
5.55508 0.611974 144 5.90588
5.56692 0.669168 312 6.45783
5.57577 0.731037 144 7.05491
5.59826 0.663322 264 6.40142
5.62783 0.716237 264 6.91208
5.64176 0.710355 192 6.85531
5.65487 0.633374 102 6.11241
5.66891 0.707384 432 6.82664
5.68967 0.602526 48 5.8147
5.69833 0.627513 288 6.05584
5.71069 0.56338 168 5.43692
5.72964 0.79222 192 7.64535
5.74147 0.65413 144 6.31271
5.75863 0.619905 48 5.98242
5.77277 0.669163 276 6.45779
5.78642 0.641615 192 6.19193
5.80132 0.770743 336 7.43809
5.80982 0.713327 216 6.88399
5.83055 0.607476 216 5.86247
5.84792 0.723906 240 6.98609
5.87392 0.760709 408 7.34125
5.89415 0.63329 24 6.11159
5.90669 0.646309 384 6.23723
5.92421 0.650689 240 6.27951
5.93942 0.69404 168 6.69786
5.96499 0.683181 246 6.59307
5.97997 0.591003 320 5.7035
6.00063 0.699501 288 6.75057
6.01022 0.628559 144 6.06594
6.0348 0.67817 288 6.54471
6.04764 0.651821 336 6.29042
6.0651 0.665143 168 6.41899
6.07555 0.704704 336 6.80078
6.09177 0.744942 96 7.1891
6.10391 0.655265 384 6.32366
6.11603 0.812747 72 7.84345
6.13444 0.708759 336 6.83991
6.15624 0.397353 24 3.83467
6.16996 0.646074 336 6.23496
6.18252 0.578472 168 5.58257
6.19954 0.576251 456 5.56113
6.22004 0.7866 108 7.59112
6.23156 0.686193 264 6.62214
6.24595 0.712129 264 6.87243
6.26564 0.635865 312 6.13644
6.28319 0.408146 30 3.93883
6.29452 0.584205 432 5.6379
6.31756 0.635041 432 6.12849
6.33013 0.660267 192 6.37193
6.35192 0.704562 240 6.79941
6.36456 0.625171 336 6.03324
6.38447 0.584711 240 5.64278
6.3922 0.666758 240 6.43458
6.41275 0.504704 216 4.87067
6.42832 0.675376 312 6.51774
6.44655 0.630463 336 6.08431
6.46894 0.680998 72 6.57201
6.48007 0.642487 624 6.20035
6.49634 0.744612 120 7.18591
6.51021 0.706777 336 6.82078
6.52968 0.651806 32 6.29028
6.54409 0.595159 528 5.74361
6.56562 0.576743 312 5.56589
6.57487 0.505608 96 4.87939
6.59474 0.580821 414 5.60524
6.60897 0.641451 216 6.19036
6.63315 0.565229 480 5.45477
6.6632 0.66366 636 6.40469
6.68355 0.579347 240 5.59102
6.69388 0.515086 168 4.97086
6.7191 0.655205 504 6.32309
6.7321 0.65151 240 6.28742
6.74682 0.551112 456 5.31853
6.7725 0.68633 264 6.62346
6.78639 0.5519 264 5.32613
6.80514 0.587382 552 5.66855
6.82529 0.544697 72 5.25662
6.83702 0.663924 384 6.40723
6.8562 0.619867 336 5.98206
6.86853 0.558312 96 5.38802
6.89291 0.56863 480 5.48759
6.90756 0.728392 174 7.02938
6.92267 0.606707 552 5.85505
6.94474 0.518546 360 5.00425
6.95933 0.535737 432 5.17016
6.98042 0.505322 480 4.87663
7.00371 0.639387 288 6.17043
7.01377 0.50995 168 4.9213
7.03217 0.521905 504 5.03667
7.05566 0.564255 240 5.44537
7.06849 0.545354 440 5.26296
7.09018 0.522268 552 5.04017
7.10861 0.864406 12 8.34199
7.12185 0.536568 528 5.17817
7.14393 0.617942 480 5.96348
7.16393 0.425477 48 4.10609
7.17479 0.538033 624 5.19231
7.19862 0.562455 504 5.428
7.22401 0.622073 198 6.00334
7.23516 0.497329 552 4.7995
7.25595 0.535658 432 5.16939
7.27644 0.599972 312 5.79006
7.29122 0.545949 336 5.26871
7.31192 0.507674 408 4.89933
7.33337 0.507772 432 4.90028
7.34474 0.459236 456 4.43188
7.36312 0.572313 528 5.52313
7.39021 0.546711 456 5.27606
7.40396 0.468058 168 4.51702
7.41823 0.53029 504 5.11759
7.44195 0.54816 336 5.29004
7.45982 0.473962 456 4.574
7.47564 0.541115 408 5.22205
7.49795 0.52591 696 5.07532
7.52344 0.51882 384 5.0069
7.54481 0.576158 126 5.56024
7.558 0.576689 492 5.56536
7.57485 0.507407 528 4.89676
7.59872 0.46891 696 4.52524
7.61833 0.475869 416 4.59239
7.63208 0.48456 264 4.67627
7.65511 0.523206 768 5.04922
7.6749 0.511872 408 4.93984
7.69957 0.489902 360 4.72783
7.71 0.45289 408 4.37064
7.72931 0.478902 456 4.62167
7.75392 0.401971 408 3.87924
7.77036 0.521127 504 5.02916
7.79066 0.561754 648 5.42123
7.81535 0.501404 360 4.83882
7.83053 0.534221 528 5.15553
7.85864 0.517404 582 4.99323
7.87632 0.504222 600 4.86602
7.89523 0.493128 576 4.75895
7.914 0.490415 408 4.73277
7.93268 0.447339 408 4.31707
7.95698 0.448962 624 4.33273
7.97865 0.478587 576 4.61863
8.00144 0.477522 348 4.60835
8.01209 0.455334 576 4.39423
8.03437 0.4403 600 4.24914
8.0589 0.463679 600 4.47475
8.07879 0.492 576 4.74807
8.10331 0.460631 768 4.44534
8.12088 0.477608 240 4.60918
8.14134 0.535596 336 5.16879
8.15994 0.453095 590 4.37262
8.17963 0.449119 744 4.33424
8.20288 0.441153 504 4.25736
8.22478 0.482588 648 4.65724
8.24775 0.450717 696 4.34966
8.26774 0.469846 696 4.53427
8.29585 0.486941 552 4.69924
8.31341 0.512568 648 4.94656
8.33446 0.455694 504 4.39769
8.35037 0.445367 480 4.29803
8.37174 0.46658 600 4.50275
8.39493 0.45894 792 4.42902
8.41471 0.462728 336 4.46558
8.43909 0.468476 588 4.52105
8.46013 0.466442 744 4.50142
8.48605 0.454675 894 4.38787
8.50984 0.433748 648 4.18591
8.53082 0.39302 528 3.79285
8.54904 0.429458 696 4.1445
8.57637 0.411482 648 3.97103
8.59669 0.46472 936 4.48481
8.6208 0.4067 144 3.92487
8.63354 0.45139 840 4.35616
8.66042 0.438927 792 4.23589
8.68183 0.466181 480 4.4989
8.70268 0.488003 536 4.70949
8.72506 0.432149 888 4.17047
8.7477 0.446625 792 4.31017
8.77145 0.407493 744 3.93253
8.79242 0.387634 534 3.74088
8.81805 0.447689 816 4.32044
8.83728 0.432815 408 4.1769
8.8592 0.412506 960 3.98091
8.88614 0.416269 708 4.01722
8.90971 0.418373 1056 4.03753
8.93776 0.421677 864 4.06941
8.95479 0.422785 552 4.0801
8.98268 0.42543 528 4.10563
8.99967 0.381798 936 3.68455
9.02501 0.436322 888 4.21075
9.04798 0.393639 504 3.79883
9.07075 0.395849 696 3.82016
9.08827 0.377446 600 3.64256
9.1155 0.405658 798 3.91482
9.13638 0.406097 912 3.91906
9.1598 0.398242 912 3.84325
9.18648 0.409176 1104 3.94877
9.21077 0.3911 648 3.77433
9.24054 0.403286 912 3.89193
9.25969 0.415133 824 4.00626
9.28649 0.39215 888 3.78446
9.30524 0.419983 456 4.05307
9.32993 0.383462 1068 3.70062
9.35118 0.356652 648 3.44188
9.37753 0.391838 1032 3.78145
9.39943 0.351453 576 3.39171
9.42618 0.382358 1254 3.68997
9.45345 0.366188 792 3.53391
9.47224 0.397692 816 3.83795
9.49886 0.405602 936 3.91428
9.52401 0.34609 912 3.33996
9.54544 0.363375 624 3.50677
9.57046 0.382597 1224 3.69227
9.59495 0.369052 816 3.56156
9.61947 0.36647 888 3.53663
9.64548 0.376806 1152 3.63638
9.67583 0.383181 1104 3.69791
9.69991 0.397113 840 3.83236
9.71865 0.397645 480 3.8375
9.74574 0.364473 894 3.51737
9.76669 0.376707 1236 3.63543
9.79605 0.387753 1184 3.74203
9.82348 0.343423 792 3.31422
9.84219 0.381449 792 3.68119
9.86897 0.375255 1440 3.62142
9.89283 0.375977 864 3.62839
9.92079 0.359264 960 3.4671
9.94684 0.367725 1128 3.54875
9.97686 0.37351 816 3.60458
9.99766 0.376764 1008 3.63598
10.0218 0.337741 1008 3.25939
10.0521 0.341196 1518 3.29272
10.0762 0.375563 816 3.62438
10.1025 0.359211 1104 3.46658
10.13 0.349809 1056 3.37585
10.1552 0.335805 1104 3.2407
10.1774 0.344125 1056 3.321
10.2056 0.32941 1188 3.17899
10.233 0.364961 912 3.52208
10.26 0.355855 1368 3.43419
10.2868 0.338032 1128 3.2622
10.3108 0.337181 1128 3.25398
10.3392 0.339556 992 3.2769
10.3669 0.355622 1326 3.43195
10.3909 0.37757 672 3.64375
10.4156 0.343538 1632 3.31533
10.4477 0.356991 1128 3.44516
10.468 0.324855 1152 3.13503
10.4961 0.338316 1104 3.26493
10.527 0.319823 1560 3.08646
10.556 0.331144 1272 3.19572
10.5803 0.354947 1080 3.42543
10.6074 0.370564 1224 3.57614
10.633 0.346803 960 3.34684
10.6646 0.326482 1332 3.15073
10.6881 0.327279 1158 3.15842
10.7153 0.324166 1656 3.12838
10.7456 0.322993 1248 3.11706
10.7692 0.328951 1152 3.17455
10.7959 0.318621 1272 3.07486
10.8278 0.341687 1608 3.29747
10.8578 0.326795 1464 3.15375
10.8878 0.333423 824 3.21771
10.9128 0.308486 1704 2.97706
10.9379 0.324234 1200 3.12903
10.9681 0.333959 1416 3.22289
10.9964 0.314564 1326 3.03572
11.0235 0.325649 1416 3.14269
11.0496 0.338613 1200 3.2678
11.0767 0.31229 1440 3.01377
11.1104 0.325528 1716 3.14153
11.1386 0.335782 1488 3.24048
11.1683 0.314548 1536 3.03556
11.1955 0.308331 1272 2.97556
11.221 0.319659 1392 3.08488
11.2573 0.309963 1800 2.99131
11.2826 0.341384 1032 3.29454
11.3096 0.305568 1446 2.9489
11.3402 0.308688 1920 2.97901
11.3665 0.294142 1032 2.83863
11.3923 0.307771 1656 2.97015
11.4292 0.299507 2168 2.89041
11.4591 0.312035 1440 3.01131
11.4849 0.286019 1248 2.76024
11.5152 0.294158 1464 2.83879
11.5455 0.306461 1884 2.95751
11.5794 0.302969 1680 2.92381
11.605 0.283356 1392 2.73454
11.6336 0.284302 1590 2.74367
11.6676 0.296549 2040 2.86186
11.6971 0.290675 1728 2.80517
11.728 0.311617 1464 3.00728
11.7556 0.28078 1608 2.70968
11.7865 0.287177 1656 2.77142
11.8171 0.296348 1776 2.85992
11.8458 0.282832 1800 2.72948
11.8722 0.27578 1560 2.66143
11.9022 0.277644 1512 2.67941
11.9368 0.271144 1782 2.61669
11.9681 0.290619 2264 2.80463
12.001 0.275025 1692 2.65414
12.0348 0.282501 2256 2.72629
12.0649 0.298371 1368 2.87944
12.0929 0.27809 2160 2.68372
12.1244 0.272016 1368 2.62511
12.1502 0.276754 1944 2.67083
12.1851 0.272625 1728 2.63098
12.2173 0.273186 2016 2.63639
12.2459 0.281514 1662 2.71676
12.279 0.26794 2592 2.58577
12.3152 0.252729 1680 2.43898
12.3441 0.269052 1992 2.5965
12.3741 0.28342 1920 2.73516
12.4055 0.27097 1968 2.61501
12.4398 0.267219 2004 2.57881
12.4691 0.267587 1920 2.58236
12.5021 0.254385 1952 2.45495
12.5336 0.267485 2304 2.58138
12.5696 0.282821 2118 2.72938
12.6001 0.252073 1848 2.43264
12.6298 0.26455 2064 2.55305
12.6656 0.246667 2352 2.38047
12.6997 0.261814 2184 2.52665
12.7271 0.256019 1896 2.47073
12.7606 0.250082 2472 2.41343
12.7965 0.251872 1944 2.4307
12.8269 0.25112 2088 2.42345
12.8578 0.259688 1968 2.50614
12.8928 0.248315 2250 2.39637
12.9243 0.248619 2472 2.39931
12.9622 0.239645 2832 2.31271
12.9935 0.239768 1776 2.31389
13.0248 0.242961 2496 2.34471
13.0599 0.233769 1856 2.256
13.0924 0.233363 2472 2.25208
13.1278 0.238997 2928 2.30645
13.1613 0.228984 1752 2.20982
13.1941 0.246873 2166 2.38246
13.2228 0.233411 2448 2.25254
13.2609 0.236122 3048 2.27871
13.2985 0.243567 2352 2.35056
13.3341 0.231576 2340 2.23484
13.3669 0.238802 2856 2.30457
13.3981 0.242875 1872 2.34388
13.4328 0.229776 2856 2.21746
13.4672 0.223083 2208 2.15288
13.5027 0.229293 2622 2.2128
13.5372 0.215856 2712 2.08313
13.5706 0.236363 2520 2.28103
13.6106 0.229808 3080 2.21778
13.6462 0.216785 2832 2.09209
13.6782 0.239299 2232 2.30937
13.7154 0.22267 3000 2.14889
13.7476 0.226842 1872 2.18915
13.782 0.226675 2916 2.18754
13.8177 0.223174 2910 2.15375
13.8563 0.218723 3144 2.1108
13.8883 0.221272 2376 2.13539
13.9269 0.212867 3096 2.05428
13.9621 0.225859 2880 2.17966
14.0013 0.219813 2904 2.12131
14.0349 0.207462 2520 2.00212
14.0695 0.210149 3360 2.02805
14.1111 0.222693 2712 2.14911
14.1423 0.214657 2798 2.07155
14.181 0.218521 3048 2.10884
14.2158 0.215241 2724 2.07719
14.2491 0.213146 3264 2.05697
14.2875 0.204915 3048 1.97754
14.3254 0.216635 3024 2.09065
14.3617 0.21519 3120 2.0767
14.4019 0.213369 3456 2.05912
14.4372 0.205524 2334 1.98342
14.472 0.219854 3264 2.12171
14.5088 0.213482 3456 2.06021
14.5462 0.211209 3312 2.03828
14.5799 0.206373 2616 1.99161
14.6203 0.211111 3792 2.03734
14.6599 0.208201 3180 2.00926
14.6973 0.211852 3248 2.04449
14.7343 0.210216 3312 2.0287
14.7747 0.203766 3606 1.96646
14.8116 0.194601 3456 1.87801
14.8465 0.19419 2688 1.87404
14.8883 0.199578 4152 1.92603
14.9273 0.199815 3600 1.92833
14.9656 0.192598 3432 1.85868
15.0056 0.200002 3624 1.93012
15.0456 0.203451 3384 1.96341
15.0848 0.189309 3582 1.82693
15.1203 0.190948 3276 1.84275
15.1572 0.192375 3696 1.85652
15.1966 0.195799 3888 1.88956
15.2357 0.189951 3608 1.83313
15.2769 0.197114 3768 1.90226
15.3164 0.184931 3720 1.78469
15.3575 0.187919 3984 1.81352
15.3971 0.181955 3438 1.75597
15.4322 0.197049 3696 1.90163
15.4717 0.182184 4104 1.75818
15.5131 0.192839 3792 1.861
15.552 0.189046 3828 1.8244
15.5926 0.179976 4008 1.73687
15.6329 0.185181 4032 1.78709
15.6696 0.183334 3768 1.76927
15.714 0.182834 4206 1.76445
15.7514 0.183324 3456 1.76918
15.7915 0.171094 4568 1.65115
15.8322 0.183069 4272 1.76671
15.8721 0.181687 3960 1.75337
15.9156 0.17714 4584 1.7095
15.9588 0.178214 4416 1.71987
15.9995 0.173749 3252 1.67678
16.0387 0.175075 5166 1.68957
16.0805 0.168358 4272 1.62474
16.1203 0.178813 3984 1.72565
16.1623 0.171359 4608 1.65371
16.206 0.175185 4584 1.69064
16.2476 0.169261 4752 1.63346
16.2926 0.16829 4152 1.62409
16.3308 0.168689 4454 1.62794
16.3706 0.168507 4272 1.62619
16.4105 0.173985 4416 1.67905
16.4572 0.165699 5484 1.59908
16.4971 0.174055 3984 1.67972
16.5399 0.163917 5232 1.58189
16.5854 0.163564 4752 1.57848
16.626 0.163583 4200 1.57866
16.6696 0.161879 5070 1.56222
16.7114 0.157271 4848 1.51775
16.7541 0.165444 5376 1.59663
16.7993 0.162282 4824 1.56611
16.8373 0.161072 3912 1.55443
16.8821 0.15697 5708 1.51485
16.9286 0.160745 5424 1.55127
16.9743 0.154121 5046 1.48736
17.0151 0.154405 4872 1.49009
17.0591 0.153976 5112 1.48595
17.1027 0.152786 5640 1.47447
17.1485 0.153674 4920 1.48304
17.1891 0.155932 5040 1.50483
17.2339 0.148446 5736 1.43259
17.2803 0.153884 4734 1.48507
17.3215 0.151705 5580 1.46404
17.3661 0.151089 5592 1.45809
17.4108 0.154109 5432 1.48723
17.4551 0.153159 5616 1.47807
17.5005 0.149516 5640 1.44291
17.5472 0.145121 5232 1.4005
17.5907 0.1537 5622 1.48329
17.6344 0.147988 6192 1.42816
17.6832 0.145751 5760 1.40658
17.727 0.144335 5616 1.39291
17.7706 0.148688 5316 1.43492
17.8179 0.143021 6696 1.38023
17.8659 0.140452 6000 1.35544
17.9128 0.145757 6030 1.40664
17.9594 0.138219 5624 1.33389
18.0036 0.144196 6288 1.39157
18.0498 0.143268 6432 1.38261
18.0972 0.133359 5856 1.28699
18.143 0.137089 6192 1.32299
18.1863 0.142423 5328 1.37446
18.2352 0.137602 7338 1.32793
18.2837 0.135154 6240 1.30431
18.3278 0.137814 6216 1.32998
18.3778 0.134639 7128 1.29934
18.4243 0.134083 5472 1.29397
18.47 0.134017 6984 1.29334
18.5178 0.135131 6422 1.30408
18.5668 0.134049 7176 1.29365
18.6134 0.13258 6312 1.27947
18.6623 0.135442 6756 1.30709
18.71 0.13278 7224 1.2814
18.7595 0.13213 7224 1.27512
18.8071 0.129022 5856 1.24513
18.8564 0.133922 7710 1.29243
18.9065 0.131137 7392 1.26554
18.9507 0.125168 5688 1.20794
18.9981 0.123697 8256 1.19374
19.051 0.121905 7040 1.17645
19.1004 0.128906 7044 1.24401
19.1475 0.126666 7062 1.2224
19.1943 0.126533 7368 1.22111
19.2465 0.127619 7776 1.2316
19.2965 0.123757 7872 1.19432
19.3469 0.126146 7032 1.21738
19.3974 0.127602 8136 1.23143
19.4426 0.120507 6384 1.16296
19.4935 0.123118 8286 1.18816
19.5444 0.124631 7692 1.20276
19.5944 0.1248 8072 1.20439
19.6434 0.118625 7584 1.1448
19.6937 0.121345 7992 1.17104
19.7458 0.118419 7944 1.14281
19.7992 0.115386 8646 1.11354
19.8493 0.117165 8232 1.1307
19.9018 0.121806 8472 1.1755
19.9524 0.1195 7560 1.15324
20.0013 0.114923 8220 1.10907
20.0525 0.117435 8616 1.13331
20.1063 0.115214 8622 1.11188
20.157 0.114089 8336 1.10102
20.2078 0.112483 8184 1.08552
20.2598 0.113385 9312 1.09423
20.3126 0.115484 8736 1.11448
20.3651 0.109637 8184 1.05805
20.4177 0.11063 9354 1.06764
20.4698 0.113653 8544 1.09682
20.5231 0.110298 9816 1.06444
20.576 0.109634 8712 1.05803
20.627 0.108459 8256 1.04669
20.6786 0.110718 9344 1.06849
20.7331 0.106437 9822 1.02718
20.7882 0.10748 9624 1.03724
20.8426 0.107923 9480 1.04152
20.8961 0.107464 9132 1.03709
20.9485 0.108673 9816 1.04875
20.9997 0.107701 8688 1.03938
21.0552 0.106591 10062 1.02866
21.1104 0.106074 10512 1.02367
21.1672 0.103253 10104 0.996449
21.2183 0.104527 8936 1.00875
21.2722 0.104738 10488 1.01078
21.3287 0.100962 9660 0.974335
21.3821 0.104371 10206 1.00724
21.4364 0.103058 10680 0.994564
21.4933 0.105957 10296 1.02255
21.5483 0.100539 10224 0.97026
21.6033 0.102384 10656 0.988059
21.6589 0.103116 10134 0.995123
21.7146 0.102094 11496 0.985268
21.7745 0.0992518 10724 0.957834
21.8273 0.0991415 10656 0.956769
21.8816 0.0971496 10320 0.937547
21.94 0.101057 11592 0.97526
21.9988 0.09903 11358 0.955694
22.054 0.0964017 10632 0.930329
22.1087 0.0966599 11640 0.932821
22.1666 0.0984327 10920 0.949929
22.2221 0.0970716 11004 0.936794
22.2772 0.0941053 11262 0.908167
22.3371 0.0965681 12440 0.931935
22.3946 0.0939251 11712 0.906429
22.4502 0.0924676 10512 0.892363
22.5085 0.0955659 13632 0.922263
22.5697 0.0935641 11496 0.902945
22.6258 0.0932729 11022 0.900134
22.6838 0.0933015 13500 0.900411
22.7451 0.0933608 12624 0.900983
22.8008 0.0917198 11040 0.885146
22.8586 0.0920053 12488 0.887902
22.9186 0.0901823 12774 0.870308
22.9762 0.0899778 12720 0.868335
23.0377 0.0888034 13320 0.857002
23.0988 0.0896436 13044 0.86511
23.1576 0.091072 12552 0.878894
23.2162 0.0875235 12672 0.84465
23.275 0.0889462 13398 0.858379
23.3369 0.0873455 13200 0.842932
23.3935 0.0885562 12968 0.854616
23.4545 0.0873502 13632 0.842977
23.5125 0.0865363 12408 0.835122
23.5748 0.0860789 14562 0.830708
23.6353 0.0858444 13944 0.828445
23.6958 0.0849542 13704 0.819854
23.7592 0.0868195 14256 0.837856
23.8166 0.0850431 12936 0.820713
23.8778 0.0849064 14526 0.819393
23.9404 0.0822011 14864 0.793285
24.0043 0.0838714 14724 0.809405
24.0649 0.0839156 14136 0.809831
24.1248 0.0821475 13776 0.792768
24.1875 0.0821153 15366 0.792457
24.2503 0.0841842 14880 0.812423
24.3119 0.0820168 14736 0.791507
24.3743 0.0810247 15576 0.781932
24.4392 0.0795768 14892 0.767959
24.5001 0.0809056 14774 0.780783
24.5622 0.080224 16128 0.774205
24.6263 0.0795875 14928 0.768062
24.6879 0.0795653 15672 0.767849
24.7527 0.0772603 16176 0.745604
24.8164 0.0777734 15486 0.750556
24.8796 0.0800806 15780 0.772822
24.9442 0.0775135 17712 0.748047
25.0107 0.0763669 15272 0.736982
25.0724 0.0754604 16392 0.728234
25.1394 0.0766023 17070 0.739254
25.2035 0.0750309 16824 0.724089
25.2688 0.075094 16608 0.724698
25.3326 0.0758999 16644 0.732476
25.3969 0.0758494 16512 0.731988
25.4633 0.074632 18366 0.720239
25.5297 0.0755398 16368 0.729
25.5949 0.0741251 18752 0.715348
25.6601 0.0736273 16080 0.710544
25.7231 0.0740169 16920 0.714304
25.7904 0.0732614 19074 0.707013
25.8577 0.0719605 18168 0.694458
25.9252 0.072019 18432 0.695023
25.9924 0.0730884 17856 0.705343
26.0586 0.0722875 18414 0.697614
26.1268 0.071654 19280 0.6915
26.195 0.070198 18828 0.677449
26.2596 0.0699615 17256 0.675167
26.3249 0.0693171 19392 0.668948
26.3952 0.0705588 19446 0.680931
26.4628 0.0691196 19272 0.667042
26.5322 0.0692987 20592 0.668771
26.6014 0.0689803 19008 0.665697
26.6684 0.0694115 18500 0.669859
26.7356 0.0692522 21246 0.668321
26.8047 0.0693058 18696 0.668839
26.8729 0.0676567 21240 0.652924
26.945 0.067276 21048 0.64925
27.0152 0.0674989 20022 0.651401
27.0829 0.0656997 20124 0.634038
27.1495 0.0657984 20280 0.634991
27.2209 0.0655895 22232 0.632975
27.2926 0.0648056 20376 0.62541
27.3615 0.0645079 21390 0.622537
27.4318 0.0641323 21960 0.618912
27.5002 0.0644272 20040 0.621758
27.5719 0.0640871 23268 0.618476
27.6439 0.0633446 21510 0.61131
27.715 0.0632561 22608 0.610456
27.7861 0.0638018 21896 0.615722
27.8576 0.0619751 23304 0.598093
27.9287 0.0614387 20838 0.592917
27.9986 0.0625508 23556 0.603649
28.0714 0.0611889 23184 0.590506
28.1449 0.0612462 24168 0.59106
28.2185 0.0616393 22272 0.594853
28.29 0.0618129 24374 0.596529
28.3629 0.0616805 23328 0.59525
28.4352 0.0607304 23844 0.586081
28.5081 0.0616075 24096 0.594546
28.5827 0.0599121 24942 0.578184
28.6568 0.0600387 24120 0.579407
28.7292 0.0591098 25008 0.570442
28.8041 0.0590295 24776 0.569667
28.8793 0.0604046 25266 0.582937
28.9524 0.0585943 24960 0.565467
29.0269 0.057793 26184 0.557734
29.103 0.0584767 25032 0.564333
29.1757 0.0584597 25392 0.564168
29.251 0.0564463 26526 0.544738
29.3255 0.0571628 25548 0.551652
29.4021 0.0576306 28256 0.556167
29.4795 0.057008 25680 0.550158
29.5542 0.0564958 26526 0.545215
29.6293 0.0568442 27600 0.548578
29.7043 0.0561781 26328 0.542149
29.7817 0.0559381 27996 0.539833
29.8574 0.0563814 27246 0.544112
29.9347 0.0558381 28664 0.538868
30.0127 0.0551336 28320 0.532069
30.089 0.0548064 27408 0.528912
30.1652 0.0540075 28254 0.521202
30.2438 0.0547988 30012 0.528838
30.3223 0.0541478 29040 0.522556
30.4007 0.0541493 28824 0.52257
30.4792 0.053088 29654 0.512328
30.556 0.0534707 29640 0.516021
30.6357 0.0535222 29988 0.516518
30.7145 0.0523872 30672 0.505565
30.7945 0.0524892 29814 0.50655
30.8718 0.0522169 30000 0.503921
30.9495 0.051989 31056 0.501722
31.0305 0.0511813 31208 0.493928
31.1105 0.0515046 31194 0.497048
31.1917 0.0513148 33096 0.495215
31.2716 0.0516067 30480 0.498033
31.3505 0.0507366 31488 0.489635
31.4315 0.0506837 33222 0.489125
31.5119 0.0502709 31476 0.485141
31.5932 0.0502194 34400 0.484644
31.6747 0.0496988 31992 0.479621
31.756 0.04926 32958 0.475386
31.8369 0.0486585 34728 0.469581
31.9214 0.0494456 34368 0.477177
32.0022 0.0489918 32268 0.472797
32.0837 0.0479269 35822 0.462521
32.1676 0.0485845 34512 0.468867
32.2483 0.047885 33384 0.462116
32.331 0.047446 36126 0.457879
32.4146 0.0472468 34788 0.455958
32.4973 0.0473593 36576 0.457043
32.5819 0.0471307 35664 0.454837
32.6656 0.0467449 35846 0.451113
32.7487 0.0465967 37200 0.449683
32.8335 0.0468667 36456 0.452289
32.9169 0.0459115 36804 0.443071
33.0026 0.0462729 37902 0.446558
33.0877 0.046025 37944 0.444166
33.174 0.0455728 38936 0.439802
33.2581 0.0463945 36192 0.447732
33.3424 0.0457461 38898 0.441475
33.4279 0.0453871 39456 0.43801
33.515 0.0449213 39216 0.433515
33.6037 0.0447088 41214 0.431464
33.689 0.0446609 37704 0.431002
33.774 0.0445471 40772 0.429904
33.8615 0.0441884 40056 0.426442
33.9478 0.0443303 40014 0.427811
34.0351 0.0437096 42168 0.421822
34.124 0.0431746 41712 0.416658
34.2119 0.0432342 40818 0.417233
34.2993 0.0430876 42920 0.415818
34.3882 0.0433085 41976 0.417951
34.4753 0.0427109 41424 0.412184
34.5632 0.0425142 43590 0.410285
34.6539 0.0423365 44244 0.408571
34.7436 0.0423221 44256 0.408431
34.8317 0.0418776 40982 0.404142
34.9193 0.0419859 45816 0.405187
35.0108 0.0411176 45360 0.396807
35.1021 0.0407674 44988 0.393428
35.1914 0.0412163 44526 0.39776
35.2811 0.041371 45768 0.399253
35.3715 0.041317 45968 0.398732
35.462 0.0408847 46038 0.394559
35.5548 0.04082 47844 0.393935
35.6465 0.0404398 47736 0.390266
35.7382 0.0402841 46152 0.388763
35.8287 0.0394576 47694 0.380787
35.9205 0.0397337 48464 0.383452
36.0138 0.0395768 49404 0.381937
36.1075 0.0391155 49086 0.377486
36.2003 0.0392907 49080 0.379176
36.2923 0.0391513 49632 0.377831
36.3853 0.0390906 49092 0.377245
36.4786 0.0384857 51494 0.371408
36.5735 0.0382647 51792 0.369275
36.6689 0.0387933 50880 0.374377
36.7611 0.0376166 50430 0.363021
36.8562 0.0377059 53892 0.363882
36.9524 0.0373145 52704 0.360105
37.0461 0.0376558 50534 0.363399
37.1396 0.0372615 54072 0.359594
37.235 0.0368162 53448 0.355296
37.3324 0.0372829 55284 0.3598
37.4296 0.0362792 55422 0.350114
37.5251 0.0362637 53096 0.349964
37.6202 0.0361023 56184 0.348407
37.7181 0.035909 55530 0.346542
37.8148 0.0357331 56952 0.344844
37.9117 0.0356954 55728 0.34448
38.0096 0.0355445 57894 0.343024
38.1077 0.0355594 58088 0.343168
38.2064 0.0355919 57996 0.343481
38.3036 0.0350374 57222 0.33813
38.4004 0.0352053 58368 0.339751
38.4998 0.0345732 61080 0.33365
38.6002 0.0347836 59006 0.335681
38.6989 0.034594 61044 0.333851
38.7988 0.0343671 61128 0.331662
38.8984 0.0341135 59616 0.329214
38.9979 0.0337952 63222 0.326142
39.0985 0.0334709 61044 0.323012
39.1981 0.0336074 62816 0.32433
39.2989 0.0332655 62526 0.32103
39.3992 0.0333314 64416 0.321666
39.501 0.0329748 63156 0.318225
39.6035 0.0328898 66798 0.317404
39.7059 0.0325354 64448 0.313984
39.8075 0.0325589 65424 0.314211
39.9098 0.0323788 65694 0.312473
40.0124 0.0323132 67452 0.31184
40.1149 0.0321572 66528 0.310334
40.2191 0.0317359 68462 0.306269
40.3222 0.0316163 68400 0.305115
40.4256 0.0315944 67236 0.304904
40.53 0.0312314 71910 0.3014
40.6363 0.0313053 69744 0.302114
40.7386 0.0313751 68088 0.302787
40.8419 0.0309256 70250 0.298448
40.9466 0.0305668 72744 0.294986
41.053 0.0309128 71928 0.298325
41.159 0.0307295 72534 0.296556
41.2646 0.0301551 73560 0.291013
41.3712 0.0300482 73988 0.289982
41.4772 0.0303302 73062 0.292703
41.5831 0.0298896 75336 0.288451
41.6906 0.0297238 75648 0.286851
41.7987 0.029541 76458 0.285087
41.906 0.0290915 76904 0.280749
42.0139 0.0294587 76368 0.284293
42.1216 0.0290329 78222 0.280183
42.2297 0.0291626 77940 0.281435
42.3371 0.0288676 77832 0.278588
42.4472 0.0288695 81494 0.278606
42.5562 0.0287325 79440 0.277284
42.6659 0.0287691 80940 0.277638
42.7753 0.0284261 81390 0.274327
42.8856 0.0281006 82848 0.271186
42.996 0.0282359 81806 0.272492
43.1072 0.0277914 85044 0.268202
43.2176 0.027871 82608 0.268971
43.3292 0.0278948 85470 0.2692
43.4392 0.0275365 83400 0.265742
43.5506 0.0277323 86876 0.267631
43.6633 0.0271297 87198 0.261816
43.7751 0.027074 85608 0.261279
43.8881 0.0271883 91104 0.262382
44.0026 0.0270112 86946 0.260673
44.1136 0.0268835 88808 0.25944
44.2274 0.0266832 90360 0.257507
44.3405 0.0265608 89958 0.256326
44.4551 0.0264669 92916 0.25542
44.5696 0.0266345 91046 0.257038
44.6839 0.0261733 93384 0.252587
44.7984 0.0262082 92880 0.252923
44.9142 0.026182 95082 0.252671
45.0292 0.0260046 94464 0.250958
45.1451 0.0258367 95792 0.249338
45.2606 0.0257064 95370 0.248081
45.3774 0.0255602 99624 0.24667
45.4939 0.0254375 94824 0.245486
45.6102 0.025311 101094 0.244265
45.7283 0.0251773 98756 0.242974
45.8464 0.0253282 101550 0.244431
45.9653 0.0247898 101520 0.239235
46.083 0.024803 101088 0.239363
46.201 0.024616 101618 0.237558
46.3191 0.0244071 104568 0.235542
46.4392 0.0242592 103566 0.234114
46.5579 0.0242843 105168 0.234356
46.6782 0.0242479 106692 0.234006
46.7986 0.024092 106046 0.232501
46.9191 0.02387 108960 0.230358
47.0397 0.0238261 106548 0.229934
47.1601 0.0236954 109806 0.228673
47.281 0.0236655 109328 0.228385
47.4019 0.0234856 109854 0.226649
47.524 0.0233035 112884 0.224892
47.6471 0.02333 113832 0.225147
47.7703 0.0231509 112518 0.223419
47.8919 0.023125 113624 0.223169
48.0151 0.0231367 115434 0.223282
48.1378 0.0227472 115056 0.219523
48.2625 0.0226698 119808 0.218776
48.388 0.0225075 116786 0.21721
48.5109 0.0222997 118488 0.215204
48.6355 0.0221354 118398 0.213619
48.7605 0.0221752 122640 0.214003
48.8868 0.0219581 121620 0.211908
49.0127 0.021723 122126 0.209639
49.1384 0.0216123 123888 0.20857
49.2648 0.0215579 123714 0.208045
49.3907 0.0216477 125088 0.208912
49.5181 0.0214024 127424 0.206545
49.6456 0.0214321 126222 0.206831
49.7726 0.0212695 128676 0.205262
49.9009 0.0210825 129126 0.203457
50.0299 0.0209978 132056 0.20264
50.1588 0.0208986 130308 0.201683
50.2871 0.0207391 131814 0.200144
50.4164 0.0207428 133728 0.20018
50.5457 0.0206655 133574 0.199434
50.6763 0.0205537 137772 0.198355
50.806 0.0204934 132888 0.197773
50.9364 0.0202507 140166 0.19543
51.0677 0.0201266 137484 0.194233
51.199 0.0202163 140270 0.195098
51.33 0.0200888 138696 0.193868
51.4617 0.020066 143286 0.193648
51.5948 0.0199474 143436 0.192503
51.728 0.0198144 144680 0.19122
51.8612 0.0196388 144654 0.189526
51.9944 0.0194835 146772 0.188027
52.1276 0.0194361 145710 0.187569
52.2609 0.0193857 148880 0.187083
52.3956 0.0192088 149556 0.185376
52.5302 0.0191258 151326 0.184574
52.6653 0.0191198 151704 0.184517
52.8005 0.0190393 152342 0.18374
52.9367 0.0188292 156876 0.181712
53.0737 0.0188083 154398 0.181511
53.2091 0.0186281 156744 0.179771
53.3461 0.0184751 157274 0.178294
53.4833 0.0184335 160416 0.177893
53.6213 0.0184526 161016 0.178078
53.7601 0.0182716 162258 0.176331
53.8972 0.0181969 160880 0.17561
54.0355 0.0182149 164310 0.175784
54.1742 0.0180294 165780 0.173994
54.3141 0.0179283 167454 0.173018
54.4533 0.0178352 166520 0.172119
54.5929 0.0176955 169290 0.170771
54.7333 0.0177371 171552 0.171172
54.8742 0.0175576 171120 0.169441
55.0156 0.017485 174734 0.168739
55.1569 0.0174687 173628 0.168582
55.2995 0.0172737 177438 0.1667
55.4406 0.0174162 174728 0.168076
55.5832 0.0171512 180474 0.165519
55.7266 0.0171774 179904 0.165772
55.8696 0.0171191 180726 0.165209
56.0132 0.0169458 183932 0.163536
56.1569 0.016884 182328 0.16294
56.3011 0.0167533 187350 0.161679
56.4471 0.0166644 188676 0.160821
56.5927 0.0166452 187766 0.160635
56.7371 0.0165636 189408 0.159848
56.8838 0.0165089 192594 0.15932
57.0301 0.0164117 193632 0.158382
57.1771 0.0162713 194030 0.157026
57.3236 0.0161395 195852 0.155755
57.4711 0.016127 197070 0.155634
57.618 0.0160604 198416 0.154991
57.7665 0.0160847 201018 0.155226
57.9147 0.0159815 201744 0.154231
58.0633 0.0159506 202806 0.153932
58.2129 0.0158323 207212 0.15279
58.3628 0.0157489 205614 0.151986
58.5129 0.0156133 210096 0.150677
58.6636 0.0156319 208812 0.150856
58.8139 0.0154087 211502 0.148702
58.965 0.0153779 213912 0.148405
59.1179 0.0153869 217362 0.148492
59.2701 0.0152934 215360 0.14759
59.4221 0.0151471 218526 0.146178
59.5747 0.015173 219300 0.146428
59.7282 0.0150132 222726 0.144885
59.8809 0.0150453 221480 0.145195
60.0349 0.0148533 225978 0.143342
60.1888 0.0149323 225192 0.144105
60.3444 0.0147712 232382 0.14255
60.4997 0.014683 228348 0.141699
60.6552 0.0145763 232974 0.140669
60.8106 0.0146419 232524 0.141302
60.9674 0.0144947 238310 0.139881
61.1244 0.0143436 236064 0.138424
61.2815 0.0144024 240498 0.138991
61.4388 0.0143372 240536 0.138362
61.5968 0.0142467 243174 0.137488
61.7548 0.0142635 244452 0.137651
61.9144 0.0141313 249678 0.136375
62.0739 0.0140601 248432 0.135688
62.234 0.0139406 251682 0.134534
62.3932 0.0139857 250032 0.13497
62.5527 0.0138325 254126 0.133491
62.7132 0.0137333 256788 0.132533
62.8757 0.01365 261654 0.13173
63.0381 0.0136063 260676 0.131308
63.1996 0.013487 260846 0.130157
63.3622 0.0134568 267240 0.129866
63.5255 0.0134444 264810 0.129746
63.6877 0.013371 267560 0.129038
63.8519 0.0132671 273894 0.128035
64.0167 0.0131493 271554 0.126898
64.1806 0.0131194 274616 0.12661
64.3453 0.0130236 276426 0.125685
64.5106 0.0128874 280896 0.12437
64.6769 0.0128475 280286 0.123986
64.843 0.0128085 284748 0.123609
65.0109 0.012827 288774 0.123788
65.1777 0.0127357 285264 0.122906
65.3455 0.0126553 292730 0.122131
65.5132 0.0125832 289776 0.121435
65.6811 0.0125586 295314 0.121197
65.8496 0.0125125 296288 0.120753
66.0197 0.0124102 302190 0.119765
66.1897 0.0123335 300564 0.119025
66.3601 0.0122497 305702 0.118217
66.5303 0.0121787 303510 0.117531
66.7004 0.0121087 308652 0.116856
66.873 0.0120659 314558 0.116442
67.0452 0.0119741 311988 0.115557
67.2167 0.0119483 314166 0.115308
67.3893 0.0118859 319856 0.114705
67.5627 0.0118134 319770 0.114005
67.736 0.0117122 323448 0.113029
67.9099 0.0117298 324522 0.113199
68.0843 0.0116442 329726 0.112373
68.2601 0.0115716 332016 0.111672
68.4362 0.0114914 334626 0.110898
68.612 0.01147 335168 0.110692
68.7884 0.0113648 338658 0.109677
68.9655 0.0113977 343800 0.109994
69.1432 0.0112872 342110 0.108928
69.3207 0.0112105 347556 0.108187
69.4995 0.0112068 350334 0.108152
69.6777 0.0111559 349538 0.10766
69.8564 0.0111326 355776 0.107435
70.0364 0.0109844 357534 0.106006
70.2163 0.0109456 360068 0.105631
70.3968 0.0109229 362454 0.105412
70.5773 0.0108264 365028 0.104481
70.7588 0.0107522 369782 0.103764
70.9406 0.0107492 369918 0.103736
71.1227 0.0106716 374796 0.102987
71.3065 0.01066 379982 0.102875
71.4899 0.0106543 378780 0.10282
71.6738 0.0105681 384414 0.101988
71.8578 0.0105335 383942 0.101654
72.0427 0.010486 392340 0.101196
72.2278 0.0104125 387750 0.100486
72.4132 0.0103805 398828 0.100177
72.5999 0.0103589 396150 0.0999686
72.7859 0.0101561 401364 0.0980122
72.9733 0.0101349 405398 0.0978069
73.1618 0.0101122 409662 0.097588
73.3494 0.0100579 407364 0.0970643
73.5378 0.00998268 414878 0.0963383
73.7266 0.00994325 415908 0.0959578
73.9161 0.00987256 421094 0.0952756
74.1066 0.00985223 424146 0.0950793
74.2971 0.00977715 426792 0.0943548
74.4885 0.00970865 431078 0.0936938
74.6798 0.00970446 431538 0.0936534
74.8715 0.00966296 438096 0.0932529
75.0646 0.00959665 440258 0.0926129
75.2577 0.00952731 444936 0.0919437
75.4513 0.00949027 445530 0.0915863
75.645 0.00945592 451022 0.0912548
75.8399 0.0093979 455808 0.0906948
76.0354 0.0093366 457122 0.0901032
76.2304 0.00929874 459488 0.0897379
76.4264 0.00926442 466050 0.0894067
76.6232 0.00920326 467550 0.0888165
76.8199 0.00915997 471692 0.0883987
77.0177 0.00911645 476262 0.0879787
77.2151 0.00909702 475634 0.0877912
77.4132 0.00905596 484896 0.0873949
77.6125 0.00899511 484782 0.0868077
77.8115 0.00894964 489914 0.0863689
78.0117 0.0089065 495264 0.0859526
78.2131 0.00886838 500082 0.0855847
78.4143 0.00880192 500456 0.0849433
78.6159 0.00877369 506682 0.0846709
78.8177 0.00875412 507134 0.084482
79.0203 0.00866645 516012 0.083636
79.2243 0.00861712 518838 0.0831599
79.4272 0.00857563 515978 0.0827595
79.6311 0.00856274 530376 0.0826351
79.8371 0.00849482 529734 0.0819797
80.0421 0.00843843 532778 0.0814354
80.2477 0.00844535 537816 0.0815022
80.4541 0.00836249 541322 0.0807026
80.6607 0.00834943 546414 0.0805765
80.8685 0.00830934 551916 0.0801896
81.0764 0.00823278 553094 0.0794508
81.2845 0.00823595 558474 0.0794814
81.4935 0.00819327 564552 0.0790695
81.7033 0.00816024 566498 0.0787508
81.913 0.00810438 571878 0.0782117
82.1239 0.00802975 577724 0.0774914
82.3355 0.00800772 582438 0.0772788
82.5465 0.00796176 579690 0.0768353
82.758 0.0079406 592112 0.0766311
82.9721 0.00788823 598134 0.0761258
83.1855 0.00783961 596618 0.0756565
83.3989 0.00777452 603792 0.0750284
83.6131 0.00776693 606738 0.0749551
83.8282 0.00774855 614870 0.0747777
84.044 0.00768827 617940 0.074196
84.2603 0.00764661 623510 0.073794
84.477 0.0076158 626322 0.0734967
84.6934 0.00757568 629328 0.0731095
84.911 0.00753854 639050 0.0727511
85.1297 0.00751711 641766 0.0725442
85.3485 0.00744985 647306 0.0718951
85.5682 0.00743717 653112 0.0717727
85.7884 0.00740725 656874 0.071484
86.0089 0.00739023 662126 0.0713198
86.2299 0.00733464 666780 0.0707833
86.4514 0.00730847 670934 0.0705307
86.6737 0.00728004 679698 0.0702564
86.8964 0.00723122 680064 0.0697852
87.12 0.00718162 691682 0.0693065
87.3448 0.00715768 694686 0.0690755
87.569 0.00710578 695450 0.0685747
87.7937 0.00704393 705840 0.0679778
88.0203 0.00705457 712314 0.0680805
88.2462 0.00702506 710150 0.0677957
88.4726 0.00699458 723276 0.0675015
88.7001 0.00693454 723230 0.0669221
88.9284 0.00690447 736218 0.0666319
89.1579 0.00687776 738662 0.0663742
89.3867 0.00682654 740364 0.0658799
89.6161 0.00682201 748398 0.0658361
89.8463 0.00676142 753290 0.0652514
90.0772 0.00674264 762138 0.0650702
90.3085 0.00668102 763784 0.0644755
90.5413 0.00666863 778170 0.064356
90.7746 0.00661522 776006 0.0638404
91.0075 0.00658136 783738 0.0635137
91.2418 0.00656232 794256 0.06333
91.4765 0.00654122 792962 0.0631263
91.7111 0.0064717 801846 0.0624555
91.9473 0.00646023 813170 0.0623448
92.1839 0.00641743 812880 0.0619317
92.4211 0.00639291 824282 0.0616951
92.6591 0.00636236 827622 0.0614003
92.8972 0.00634867 834186 0.0612682
93.1361 0.00629296 841472 0.0607305
93.375 0.00626366 841890 0.0604477
93.6147 0.0062294 856262 0.0601172
93.8558 0.00619482 861042 0.0597834
94.0972 0.00616245 867476 0.059471
94.3397 0.00613157 877470 0.059173
94.5823 0.00611085 876842 0.058973
94.8248 0.00605337 886686 0.0584183
95.0688 0.00602091 896130 0.0581051
95.3133 0.00602048 899528 0.0581009
95.5582 0.00598352 908634 0.0577443
95.804 0.00594855 915134 0.0574068
96.0501 0.00592106 920034 0.0571414
96.2972 0.00590286 933212 0.0569659
96.545 0.00587809 933582 0.0567268
96.7929 0.00585427 944786 0.0564969
97.0421 0.00582028 952422 0.0561689
97.2918 0.00578218 958850 0.0558012
97.5418 0.00574152 964152 0.0554088
97.7929 0.00571749 977106 0.0551769
98.0448 0.00569772 980390 0.0549861
98.2967 0.00564678 987162 0.0544945
98.5494 0.00563662 997082 0.0543965
98.803 0.00561153 1005240 0.0541543
99.0568 0.00556562 1008218 0.0537113
99.3112 0.00553306 1020270 0.0533971
99.567 0.00549751 1029386 0.0530539
99.8227 0.00548808 1030422 0.052963
100.079 0.00547264 1048556 0.0528139
100.337 0.00544626 1044762 0.0525594
100.594 0.00541577 1061342 0.0522651
100.853 0.00538959 1066122 0.0520125
101.112 0.00536182 1080278 0.0517445
101.372 0.00533827 1080882 0.0515172
101.633 0.00530599 1095860 0.0512057
101.895 0.00527165 1101246 0.0508743
102.156 0.00525849 1105722 0.0507473
102.419 0.005225 1122854 0.0504241
102.683 0.00519238 1122522 0.0501093
102.946 0.00517956 1135754 0.0499855
103.211 0.00512694 1146096 0.0494778
103.476 0.00511445 1150154 0.0493573
103.743 0.0050893 1165614 0.0491145
104.01 0.00507736 1169954 0.0489993
104.276 0.00504579 1174794 0.0486946
104.544 0.00502077 1188782 0.0484532
104.813 0.0049884 1202250 0.0481407
105.083 0.00496499 1207520 0.0479149
105.354 0.00493075 1221258 0.0475845
105.624 0.00490587 1222682 0.0473443
105.896 0.00488077 1236822 0.0471021
106.168 0.0048589 1245962 0.046891
106.441 0.00483347 1251582 0.0466456
106.714 0.00481212 1263914 0.0464396
106.989 0.00478213 1277892 0.0461502
107.264 0.00477341 1287302 0.046066
107.541 0.00473968 1295394 0.0457405
107.817 0.00471685 1300334 0.0455201
108.094 0.00468772 1315458 0.0452391
108.372 0.00466095 1325810 0.0449807
108.651 0.00464355 1334190 0.0448128
108.93 0.0046238 1343954 0.0446222
109.21 0.00458812 1357794 0.0442778
109.491 0.00457036 1363328 0.0441064
109.771 0.00454563 1371210 0.0438678
110.054 0.00453356 1394666 0.0437514
110.338 0.00449972 1396910 0.0434248
110.621 0.00447232 1410546 0.0431603
110.906 0.00446268 1416590 0.0430673
111.19 0.00442965 1429794 0.0427485
111.477 0.00442094 1449338 0.0426645
111.764 0.00438841 1451382 0.0423505
112.051 0.00436612 1459178 0.0421355
112.338 0.00434538 1474866 0.0419353
112.627 0.00432568 1486952 0.0417451
112.917 0.00431022 1500402 0.0415959
113.208 0.00428382 1512098 0.0413412
113.499 0.00426948 1521486 0.0412028
113.791 0.004239 1531346 0.0409086
114.083 0.00421467 1544826 0.0406739
114.376 0.00419518 1556654 0.0404857
114.67 0.00417424 1570562 0.0402837
114.965 0.00414573 1579914 0.0400086
115.261 0.00413418 1598798 0.0398971
115.558 0.00410108 1603074 0.0395777
115.855 0.00408696 1620794 0.0394414
116.153 0.0040726 1631262 0.0393028
116.451 0.00404187 1639754 0.0390063
116.751 0.00401773 1658106 0.0387733
117.051 0.00399954 1667510 0.0385978
117.351 0.00398409 1679754 0.0384487
117.653 0.00395609 1698164 0.0381784
117.956 0.00393402 1707206 0.0379655
118.259 0.00391684 1717866 0.0377997
118.563 0.00389956 1737602 0.0376329
118.868 0.0038829 1745166 0.0374721
119.174 0.00386349 1768226 0.0372848
119.48 0.0038403 1771986 0.037061
119.788 0.00382002 1789838 0.0368653
120.096 0.00379669 1802874 0.0366401
120.404 0.00377785 1814282 0.0364583
120.714 0.00376814 1834154 0.0363646
121.024 0.00373977 1843710 0.0360908
121.336 0.00372789 1859306 0.0359762
121.647 0.00371095 1870050 0.0358127
121.96 0.00368942 1891334 0.0356049
122.274 0.00367216 1898490 0.0354384
122.588 0.00365532 1921898 0.0352758
122.903 0.00363416 1926590 0.0350717
123.219 0.00361022 1950426 0.0348406
123.536 0.00359053 1966178 0.0346506
123.854 0.00357365 1973922 0.0344877
124.172 0.00355801 1991942 0.0343368
124.492 0.00353106 2008394 0.0340767
124.811 0.00351104 2021802 0.0338835
125.132 0.00349718 2039858 0.0337497
125.454 0.003483 2057670 0.0336129
125.777 0.00346209 2069354 0.033411
126.1 0.00345311 2086922 0.0333244
126.424 0.00343428 2101206 0.0331427
126.75 0.00341039 2122514 0.0329121
127.076 0.00339593 2133600 0.0327726
127.402 0.00337909 2148026 0.03261
127.73 0.00336455 2177030 0.0324698
128.059 0.00335241 2183874 0.0323526
128.387 0.00333355 2194802 0.0321706
128.717 0.00331173 2228706 0.03196
129.049 0.00329963 2238902 0.0318432
129.381 0.00328263 2249906 0.0316792
129.713 0.00326361 2273034 0.0314956
130.047 0.0032469 2286386 0.0313344
130.381 0.00323264 2303982 0.0311967
130.716 0.00321444 2326394 0.0310211
131.052 0.00319583 2342522 0.0308415
131.389 0.00317671 2361450 0.030657
131.727 0.00316507 2375606 0.0305447
132.066 0.00314354 2398010 0.0303369
132.405 0.00313581 2411016 0.0302623
132.746 0.0031128 2442266 0.0300402
133.087 0.00310172 2449086 0.0299333
133.429 0.00308246 2476418 0.0297475
133.772 0.00306321 2484818 0.0295617
134.116 0.00305312 2516802 0.0294643
134.461 0.00304159 2530442 0.029353
134.807 0.00302535 2554382 0.0291963
135.154 0.0030067 2565978 0.0290163
135.502 0.00299556 2590778 0.0289088
135.85 0.00298024 2606874 0.0287609
136.199 0.00296198 2631164 0.0285847
136.549 0.00294934 2649554 0.0284627
136.9 0.0029366 2666754 0.0283398
137.252 0.00292109 2693714 0.0281902
137.606 0.0029036 2715650 0.0280213
137.959 0.00288718 2725038 0.0278629
138.313 0.00287079 2755226 0.0277047
138.669 0.00285688 2773802 0.0275704
139.026 0.00284283 2798760 0.0274349
139.383 0.00282834 2820002 0.027295
139.742 0.00281114 2837054 0.027129
140.101 0.00279853 2870922 0.0270074
140.462 0.00278686 2881346 0.0268947
140.823 0.00277375 2902394 0.0267682
141.185 0.0027524 2928498 0.0265622
141.547 0.00274093 2947664 0.0264515
141.911 0.00273154 2979758 0.0263608
142.277 0.00271915 2998434 0.0262413
142.643 0.0027025 3024578 0.0260806
143.01 0.00268794 3043514 0.0259401
143.377 0.00267541 3061818 0.0258192
143.746 0.0026592 3091868 0.0256627
144.115 0.00264216 3114722 0.0254983
144.486 0.0026286 3143634 0.0253674
144.857 0.0026185 3160586 0.02527
145.23 0.00260281 3184658 0.0251185
145.603 0.00259326 3222000 0.0250263
145.978 0.00257965 3231974 0.0248951
146.353 0.00256122 3262802 0.0247171
146.729 0.00254894 3286002 0.0245987
147.106 0.00253813 3312602 0.0244943
147.485 0.00252671 3337568 0.0243842
147.864 0.00251427 3366362 0.0242641
148.244 0.00250055 3396018 0.0241317
148.625 0.00248409 3408926 0.0239728
149.007 0.00247795 3444482 0.0239136
149.39 0.0024631 3467784 0.0237702
149.774 0.00244965 3498770 0.0236405
150.16 0.00243824 3524282 0.0235303
150.546 0.00242449 3548354 0.0233977
150.933 0.00241365 3580968 0.0232931
151.321 0.00240053 3607658 0.0231664
151.71 0.00238555 3634646 0.0230218
152.1 0.00237765 3660666 0.0229456
152.491 0.00236217 3689696 0.0227962
152.884 0.0023484 3722978 0.0226634
153.277 0.00234055 3749090 0.0225876
153.671 0.00232465 3773754 0.0224341
154.066 0.00231958 3805976 0.0223852
154.462 0.00230648 3833522 0.0222588
154.859 0.00229435 3862434 0.0221418
155.257 0.00228133 3903374 0.0220161
155.657 0.00227223 3917240 0.0219283
156.057 0.00225544 3961082 0.0217662
156.458 0.00224927 3985818 0.0217067
156.861 0.00223437 4017122 0.0215629
157.264 0.0022234 4050344 0.021457
157.668 0.00221324 4079402 0.021359
158.073 0.00220088 4102290 0.0212397
158.48 0.00219147 4147256 0.0211489
158.887 0.0021786 4173074 0.0210247
159.296 0.00216682 4204082 0.020911
159.705 0.00216078 4241100 0.0208527
160.116 0.00214664 4268354 0.0207162
160.528 0.00213876 4310354 0.0206402
160.94 0.00212792 4336802 0.0205356
161.354 0.00212095 4373568 0.0204683
161.769 0.00210593 4401866 0.0203233
162.185 0.00209694 4440074 0.0202366
162.602 0.00208371 4476560 0.0201089
163.02 0.00207535 4509378 0.0200283
163.44 0.0020654 4546658 0.0199323
163.86 0.00205136 4583720 0.0197967
164.282 0.00204231 4613090 0.0197094
164.704 0.00202869 4650386 0.019578
165.127 0.00201846 4686120 0.0194792
165.552 0.00201015 4713410 0.019399
165.977 0.00200244 4757864 0.0193247
166.404 0.00198798 4793786 0.019185
166.832 0.00197948 4840422 0.019103
167.261 0.00196816 4868024 0.0189938
167.691 0.00195722 4904978 0.0188883
168.122 0.00194849 4946690 0.018804
168.554 0.00193569 4985120 0.0186804
168.988 0.00192837 5023338 0.0186098
169.423 0.00191919 5067146 0.0185212
169.858 0.00190928 5094296 0.0184256
170.295 0.00189815 5139554 0.0183181
170.733 0.00188729 5182520 0.0182134
171.172 0.00187595 5223618 0.0181039
171.612 0.00186604 5252786 0.0180083
172.053 0.00185903 5301128 0.0179406
172.496 0.00184991 5349314 0.0178527
172.939 0.0018398 5379920 0.0177551
173.384 0.00183108 5428778 0.0176709
173.83 0.00182146 5458488 0.0175781
174.277 0.00181177 5513570 0.0174846
174.725 0.00180226 5549522 0.0173928
175.174 0.00179061 5588936 0.0172803
175.624 0.00178173 5646746 0.0171947
176.076 0.00177517 5677520 0.0171314
176.529 0.00176438 5723130 0.0170272
176.982 0.00175539 5769560 0.0169405
177.438 0.00174757 5817050 0.016865
177.894 0.00173903 5857202 0.0167826
178.351 0.00172813 5906408 0.0166774
178.81 0.00172118 5946794 0.0166103
179.27 0.00171064 6000396 0.0165086
179.731 0.00170094 6038906 0.016415
180.193 0.00169178 6091256 0.0163266
180.656 0.00168288 6140858 0.0162407
181.121 0.00167376 6177776 0.0161527
181.586 0.00166779 6239738 0.0160951
182.053 0.00165792 6270456 0.0159998
182.521 0.001648 6326018 0.0159041
182.991 0.00163923 6384392 0.0158195
183.461 0.00162873 6427970 0.0157182
183.933 0.00162156 6477032 0.0156489
184.406 0.001613 6519386 0.0155663
184.88 0.00160465 6578144 0.0154858
185.355 0.00159853 6629210 0.0154267
185.832 0.00159 6675720 0.0153443
186.31 0.00158077 6738554 0.0152553
186.789 0.00157126 6772208 0.0151635
187.269 0.00156517 6835742 0.0151047
187.75 0.00155631 6893840 0.0150193
188.233 0.00154762 6937658 0.0149354
188.717 0.00153975 6992360 0.0148595
189.202 0.00153236 7055024 0.0147881
189.689 0.00152486 7095962 0.0147157
190.176 0.00151685 7160064 0.0146384
190.666 0.001509 7221338 0.0145626
191.156 0.00150003 7261952 0.0144761
191.647 0.00149344 7331066 0.0144125
192.14 0.00148492 7376108 0.0143303
192.634 0.00147702 7444178 0.0142541
193.13 0.00147111 7498544 0.014197
193.626 0.0014621 7553096 0.01411
194.124 0.00145209 7605074 0.0140135
194.623 0.00144458 7677224 0.013941
195.123 0.00143646 7730426 0.0138626
195.625 0.00143036 7797984 0.0138037
196.128 0.00142431 7853588 0.0137454
196.633 0.0014169 7911458 0.0136738
197.138 0.00140914 7965872 0.013599
197.645 0.00140092 8040818 0.0135196
198.153 0.00139319 8091080 0.013445
198.663 0.00138727 8170088 0.0133879
199.174 0.00137872 8227610 0.0133054
199.686 0.00137369 8278412 0.0132569
200.199 0.00136555 8352296 0.0131783
200.714 0.0013586 8419322 0.0131113
201.23 0.00135063 8471912 0.0130343
201.747 0.00134507 8540552 0.0129807
202.266 0.00133695 8612762 0.0129023
202.786 0.00133159 8694428 0.0128506
203.308 0.00132453 8739866 0.0127825
203.831 0.00131775 8821520 0.012717
204.355 0.00130989 8874512 0.0126411
204.88 0.00130281 8948306 0.0125728
205.407 0.00129653 9023400 0.0125122
205.935 0.00128899 9093620 0.0124394
206.465 0.00128263 9151952 0.0123781
206.995 0.00127503 9229178 0.0123047
207.527 0.00127013 9302240 0.0122575
208.061 0.0012623 9377192 0.0121819
208.596 0.00125513 9446270 0.0121127
209.133 0.00125069 9521792 0.0120698
209.67 0.00124407 9588752 0.0120059
210.209 0.00123708 9670178 0.0119385
210.75 0.00123086 9742832 0.0118785
211.292 0.0012245 9819980 0.0118171
211.835 0.00121978 9888560 0.0117715
212.38 0.00121395 9971810 0.0117152
212.926 0.00120659 10045688 0.0116443
213.474 0.00120103 10131500 0.0115905
214.022 0.00119505 10193840 0.0115329
214.573 0.00118915 10289138 0.011476
215.125 0.00118334 10359176 0.0114198
215.677 0.00117639 10435556 0.0113528
216.232 0.00117141 10527032 0.0113047
216.788 0.00116561 10604282 0.0112488
217.345 0.00115853 10681544 0.0111805
217.904 0.0011523 10773116 0.0111203
218.465 0.00114564 10854352 0.0110561
219.026 0.00114095 10925264 0.0110108
219.589 0.0011355 11022962 0.0109582
220.154 0.00112873 11104076 0.0108928
220.72 0.00112315 11198888 0.010839
221.288 0.00111637 11274560 0.0107736
221.857 0.00111185 11362352 0.0107299
222.427 0.00110554 11450918 0.0106691
222.999 0.00109789 11540792 0.0105952
223.573 0.00109358 11638856 0.0105536
224.147 0.00108662 11715836 0.0104865
224.724 0.00108305 11809448 0.010452
225.302 0.00107702 11906312 0.0103938
225.881 0.00106998 11989478 0.0103259
226.462 0.00106532 12091352 0.0102809
227.044 0.00106059 12185264 0.0102353
227.628 0.00105426 12267320 0.0101742
228.213 0.00104956 12372476 0.0101289
228.8 0.00104269 12468856 0.0100625
229.388 0.00103985 12568520 0.0100351
229.978 0.0010327 12652574 0.00996613
230.569 0.00102687 12752984 0.00990982
231.162 0.00102145 12859160 0.00985754
231.756 0.00101752 12949244 0.00981965
232.352 0.00101218 13055168 0.00976812
232.95 0.00100668 13151840 0.00971504
233.549 0.0010016 13271996 0.00966596
234.149 0.000996036 13354232 0.00961229
234.751 0.000991073 13465052 0.0095644
235.355 0.000986649 13566064 0.0095217
235.96 0.000980802 13671944 0.00946527
236.567 0.000976018 13776566 0.0094191
237.175 0.000970256 13890512 0.0093635
237.785 0.000965408 13999112 0.00931671
238.397 0.00096038 14097908 0.00926819
239.009 0.000955188 14203280 0.00921809
239.624 0.000950422 14324084 0.00917209
240.24 0.000944309 14438080 0.0091131
240.858 0.000939647 14534936 0.00906811
241.477 0.000935463 14653316 0.00902773
242.098 0.000929826 14776880 0.00897333
242.721 0.00092552 14873084 0.00893177
243.345 0.000920529 15008984 0.00888361
243.971 0.000916343 15105272 0.00884321
244.598 0.000911765 15237076 0.00879903
245.227 0.000907101 15350984 0.00875402
245.857 0.000902983 15445892 0.00871428
246.489 0.000898306 15598592 0.00866914
247.123 0.000893183 15704288 0.0086197
247.759 0.000888627 15842660 0.00857574
248.396 0.000883938 15932848 0.00853049
249.034 0.000879146 16083092 0.00848424
249.675 0.000874988 16195904 0.00844411
250.317 0.000871121 16313708 0.00840679
250.96 0.000866334 16448672 0.00836059
251.605 0.000862362 16589012 0.00832226
252.252 0.000857253 16698160 0.00827296
252.901 0.00085284 16835390 0.00823037
253.551 0.000848689 16968356 0.00819031
254.203 0.000843805 17101592 0.00814317
254.857 0.000839494 17226524 0.00810157
255.513 0.000834732 17365816 0.00805562
256.169 0.000830856 17485796 0.00801822
256.828 0.00082619 17631224 0.00797318
257.488 0.000821764 17771780 0.00793047
258.151 0.000817164 17908096 0.00788608
258.814 0.000813221 18033524 0.00784802
259.479 0.000808457 18177278 0.00780205
260.147 0.00080445 18323780 0.00776338
260.816 0.000800151 18474272 0.0077219
261.486 0.000796577 18609292 0.0076874
262.159 0.000792397 18751232 0.00764707
262.833 0.000787338 18896948 0.00759824
263.509 0.000783313 19043600 0.00755939
264.186 0.000778739 19187434 0.00751526
264.866 0.000775139 19343312 0.00748052
265.547 0.000770764 19484900 0.00743829
266.229 0.000767315 19639040 0.00740501
266.914 0.000763194 19790812 0.00736524
267.6 0.000758999 19944428 0.00732476
268.288 0.000755117 20083934 0.0072873
268.978 0.000751553 20264708 0.0072529
269.67 0.000748116 20416744 0.00721973
270.363 0.00074419 20561780 0.00718184
271.058 0.000739604 20722592 0.00713758
271.755 0.000735863 20897122 0.00710148
272.454 0.000731957 21038948 0.00706378
273.155 0.000727965 21220016 0.00702526
273.857 0.000723846 21375740 0.00698551
274.561 0.00072012 21538654 0.00694955
275.267 0.000716452 21710852 0.00691415
275.975 0.000713024 21863168 0.00688108
276.684 0.00070929 22042780 0.00684503
277.396 0.000705292 22225562 0.00680645
278.109 0.000701156 22374104 0.00676654
278.824 0.00069755 22567564 0.00673174
279.541 0.000694201 22732424 0.00669942
280.26 0.00069094 22921610 0.00666795
280.981 0.000686867 23086564 0.00662864
281.703 0.000683293 23262032 0.00659415
282.427 0.000679673 23433890 0.00655921
283.153 0.000676024 23636092 0.006524
283.882 0.000672616 23824040 0.00649111
284.612 0.000669167 23985218 0.00645782
285.343 0.000665457 24179260 0.00642202
286.077 0.000662072 24376712 0.00638935
286.813 0.0006587 24544178 0.00635681
287.55 0.000655312 24753748 0.00632412
288.29 0.000652118 24937064 0.00629329
289.031 0.000648779 25134674 0.00626107
289.774 0.000645413 25307668 0.00622859
290.519 0.000641516 25517864 0.00619098
291.266 0.000638306 25728626 0.00616
292.015 0.000635065 25893652 0.00612872
292.766 0.000631529 26127710 0.0060946
293.519 0.000628315 26319604 0.00606359
294.273 0.000625329 26520908 0.00603477
295.03 0.000621855 26726654 0.00600124
295.788 0.000619063 26929204 0.00597429
296.549 0.000615803 27145994 0.00594284
297.312 0.000612317 27352564 0.0059092
298.076 0.000609475 27572150 0.00588177
298.843 0.000606287 27769916 0.005851
299.611 0.000602818 27998308 0.00581752
300.382 0.000599927 28207190 0.00578962
301.154 0.000597009 28426180 0.00576147
301.928 0.000593881 28624130 0.00573127
302.704 0.000590362 28896460 0.00569732
303.483 0.000587219 29080694 0.00566698
304.263 0.000584004 29319836 0.00563596
305.046 0.000581062 29532394 0.00560756
305.83 0.000578667 29767340 0.00558445
306.616 0.000575509 30014194 0.00555398
307.405 0.000572424 30224432 0.00552421
308.195 0.00056956 30473410 0.00549656
308.988 0.000566641 30702596 0.0054684
309.782 0.000563077 30930418 0.005434
310.578 0.000560184 31176008 0.00540608
311.377 0.000557675 31426922 0.00538187
312.178 0.000554744 31653868 0.00535358
312.98 0.000551868 31911962 0.00532583
313.785 0.000549062 32153338 0.00529875
314.592 0.00054614 32400824 0.00527055
315.401 0.00054356 32673226 0.00524565
316.212 0.000540498 32897276 0.0052161
317.025 0.000537846 33149338 0.00519051
317.84 0.000535049 33432602 0.00516351
318.657 0.000532343 33673084 0.0051374
319.476 0.000529401 33919790 0.00510901
320.298 0.000526703 34217764 0.00508297
321.122 0.000524049 34469282 0.00505736
321.948 0.000521561 34723138 0.00503335
322.775 0.000518846 34993172 0.00500715
323.605 0.000516066 35281954 0.00498032
324.437 0.000513161 35524210 0.00495228
325.271 0.000510475 35815028 0.00492637
326.108 0.000507789 36103222 0.00490044
326.946 0.000505332 36363554 0.00487673
327.787 0.000502795 36666988 0.00485224
328.63 0.000500135 36930554 0.00482658
329.475 0.000497332 37232002 0.00479953
330.322 0.000494591 37512140 0.00477308
331.171 0.000491948 37794946 0.00474757
332.023 0.000489203 38093978 0.00472107
332.877 0.000486732 38400652 0.00469723
333.733 0.000484271 38670034 0.00467348
334.591 0.000481666 38996498 0.00464834
335.451 0.000479331 39277894 0.00462581
336.314 0.00047658 39591956 0.00459926
337.178 0.000474139 39888106 0.0045757
338.045 0.000471813 40208698 0.00455326
338.914 0.000469103 40517882 0.0045271
339.786 0.000466772 40820764 0.00450461
340.66 0.000464712 41154026 0.00448473
341.536 0.000462446 41459578 0.00446286
342.414 0.000459993 41788306 0.00443918
343.294 0.000457587 42081866 0.00441596
344.177 0.000454886 42446572 0.00438989
345.062 0.000452841 42763874 0.00437016
345.949 0.000450643 43094746 0.00434895
346.839 0.000448305 43426258 0.00432639
347.73 0.000445921 43752578 0.00430338
348.624 0.000443704 44101090 0.00428199
349.521 0.000441613 44436868 0.00426181
350.42 0.000439368 44782802 0.00424014
351.321 0.000436933 45128914 0.00421665
352.224 0.000434566 45483370 0.0041938
353.13 0.000432552 45816314 0.00417436
354.037 0.000430301 46188442 0.00415264
354.948 0.000427922 46553674 0.00412968
355.861 0.000425814 46895978 0.00410934
356.776 0.000423428 47266582 0.00408631
357.693 0.000421545 47633458 0.00406814
358.613 0.000419394 47988956 0.00404738
359.535 0.000417229 48376618 0.00402648
360.459 0.000414878 48746386 0.0040038
361.386 0.000413015 49117010 0.00398582
362.315 0.000411 49488418 0.00396638
363.247 0.000408997 49895914 0.00394705
364.181 0.000406862 50262466 0.00392644
365.117 0.000404938 50665130 0.00390788
366.056 0.00040288 51039802 0.00388801
366.997 0.000400865 51446590 0.00386856
367.941 0.000398942 51844810 0.00385001
368.887 0.000396907 52248530 0.00383037
369.836 0.000394783 52642810 0.00380987
370.787 0.000392877 53061658 0.00379148
371.74 0.000391024 53477170 0.0037736
372.696 0.000389012 53869586 0.00375417
373.654 0.00038714 54282286 0.00373611
374.615 0.000385368 54713002 0.00371902
375.578 0.000383715 55139536 0.00370306
376.544 0.000381637 55571090 0.00368301
377.512 0.000379754 55982746 0.00366483
378.483 0.000377925 56420434 0.00364718
379.456 0.000375949 56893246 0.00362811
380.432 0.000374048 57287866 0.00360977
381.41 0.000372085 57743522 0.00359082
382.39 0.000370347 58181746 0.00357405
383.373 0.000368661 58643734 0.00355778
384.359 0.000366956 59099032 0.00354133
385.348 0.00036518 59564794 0.00352419
386.339 0.000363394 60009410 0.00350695
387.332 0.000361909 60480010 0.00349262
388.328 0.000360191 60944086 0.00347604
389.326 0.000358302 61411906 0.00345781
390.327 0.000356672 61897144 0.00344208
391.331 0.000355012 62377450 0.00342606
392.337 0.000353258 62855294 0.00340914
393.346 0.000351581 63328810 0.00339295
394.358 0.000349768 63845434 0.00337545
395.372 0.000348389 64315900 0.00336214
396.388 0.000346848 64821082 0.00334727
397.407 0.000345206 65323114 0.00333142
398.429 0.000343632 65803834 0.00331624
399.453 0.00034196 66337516 0.0033001
400.481 0.00034026 66866810 0.00328369
401.511 0.000338781 67364626 0.00326942
402.543 0.000337294 67877710 0.00325507
403.578 0.000336123 68429272 0.00324377
404.616 0.000334283 68934970 0.00322601
405.656 0.000332923 69468262 0.00321289
406.699 0.000331396 69998872 0.00319815
407.745 0.000330015 70555138 0.00318483
408.793 0.000328612 71098054 0.00317128
409.844 0.000327169 71666560 0.00315736
410.898 0.000325797 72194566 0.00314412
411.955 0.0003242 72762586 0.00312871
413.014 0.000322719 73331672 0.00311442
414.076 0.000321503 73882918 0.00310268
415.141 0.000320141 74467456 0.00308953
416.208 0.000318927 75008962 0.00307782
417.278 0.000317647 75649294 0.00306546
418.351 0.000316283 76200112 0.00305231
419.427 0.000315023 76798606 0.00304014
420.505 0.000313834 77363128 0.00302867
421.586 0.000312615 77993662 0.00301691
422.671 0.000311424 78583960 0.00300541
423.757 0.000310218 79193662 0.00299378
424.847 0.000309058 79812544 0.00298258
425.939 0.000307924 80441746 0.00297163
427.035 0.000306729 81027292 0.0029601
428.133 0.000305628 81674242 0.00294948
429.233 0.000304555 82306036 0.00293912
430.337 0.00030343 82931794 0.00292826
431.444 0.000302448 83595436 0.00291879
432.553 0.000301431 84226090 0.00290898
433.665 0.000300504 84905020 0.00290002
434.78 0.000299381 85521378 0.00288919
435.898 0.000298415 86208148 0.00287987
437.019 0.000297254 86867170 0.00286866
438.143 0.000296371 87522292 0.00286014
439.269 0.000295471 88222264 0.00285146
440.399 0.000294598 88892302 0.00284303
441.531 0.000293776 89582572 0.0028351
442.666 0.000292853 90272914 0.00282619
443.805 0.000291947 90984868 0.00281745
444.946 0.000291152 91689400 0.00280978
446.09 0.000290292 92388094 0.00280147
447.237 0.000289334 93094336 0.00279223
448.387 0.000288406 93815556 0.00278327
449.54 0.000287691 94551622 0.00277638
450.696 0.000287038 95291992 0.00277007
451.855 0.000286409 96010564 0.00276401
453.016 0.000285721 96766954 0.00275736
454.181 0.000284963 97501132 0.00275004
455.349 0.000284352 98254180 0.00274415
456.52 0.000283624 99021864 0.00273713
457.694 0.000283049 99782158 0.00273158
458.871 0.000282421 100571620 0.00272552
460.051 0.000281919 101334952 0.00272067
461.233 0.000281298 102118276 0.00271468
462.419 0.000280619 102902278 0.00270812
463.608 0.000280247 103719888 0.00270454
464.8 0.000279827 104491492 0.00270048
465.995 0.000279477 105311284 0.0026971
467.194 0.000279094 106140496 0.00269341
468.395 0.000278823 106951822 0.0026908
469.599 0.0002785 107791596 0.00268768
470.807 0.000278263 108606772 0.00268539
472.017 0.000278137 109435288 0.00268417
473.231 0.000277768 110302564 0.00268062
474.448 0.000277622 111143388 0.00267921
475.668 0.000277636 112020700 0.00267934
476.891 0.000277604 112894306 0.00267903
478.117 0.000277609 113729956 0.00267908
479.346 0.000277544 114639612 0.00267845
480.579 0.000277693 115499620 0.00267989
481.815 0.000277633 116421520 0.00267931
483.053 0.00027709 116939335 0.00267406
484.295 0.000275841 116939280 0.00266201
485.54 0.000274704 116943532 0.00265104
486.789 0.000273713 116899072 0.00264148
488.04 0.000272548 116889072 0.00263023
489.295 0.000271345 116872720 0.00261862
490.553 0.00027014 116858284 0.002607
491.815 0.000269129 116795044 0.00259724
493.079 0.000268101 116788176 0.00258732
494.347 0.000267031 116732812 0.002577
495.618 0.000265982 116648368 0.00256687
496.892 0.000264904 116650344 0.00255646
498.17 0.000263814 116564920 0.00254595
499.451 0.000262844 116498052 0.00253659
500.735 0.000261755 116435392 0.00252608
502.023 0.000260578 116367904 0.00251472
503.314 0.000259603 116257824 0.00250531
504.608 0.000258628 116196436 0.0024959
505.905 0.000257591 116095600 0.0024859
507.206 0.000256608 115986576 0.00247641
508.51 0.000255499 115891240 0.00246571
509.818 0.000254486 115796928 0.00245593
511.129 0.000253567 115651240 0.00244706
512.443 0.000252524 115542868 0.002437
513.761 0.000251628 115417320 0.00242834
515.082 0.000250613 115277548 0.00241856
516.406 0.000249606 115132296 0.00240883
517.734 0.000248654 114982240 0.00239965
519.065 0.000247849 114819180 0.00239188
520.399 0.000246829 114670768 0.00238203
521.738 0.000246003 114525108 0.00237406
523.079 0.000245108 114298600 0.00236543
524.424 0.000244232 114176136 0.00235697
525.773 0.000243378 113947792 0.00234873
527.124 0.000242528 113768896 0.00234053
528.48 0.000241607 113558592 0.00233164
529.839 0.000240764 113367724 0.0023235
531.201 0.000240072 113127276 0.00231682
532.567 0.000239265 112914256 0.00230904
533.936 0.00023847 112688340 0.00230137
535.309 0.000237688 112426152 0.00229382
536.686 0.000236753 112198672 0.0022848
538.066 0.000236229 111958488 0.00227974
539.449 0.000235369 111666640 0.00227144
540.836 0.000234689 111400152 0.00226488
542.227 0.00023399 111137236 0.00225813
543.621 0.000233287 110862960 0.00225134
545.019 0.0002326 110551120 0.00224472
546.42 0.000232027 110256372 0.00223919
547.825 0.000231242 109929480 0.00223161
549.234 0.000230579 109648240 0.00222521
550.646 0.000230041 109288116 0.00222002
552.062 0.000229325 108971368 0.00221311
553.481 0.000228662 108615876 0.00220672
554.904 0.000228059 108258792 0.0022009
556.331 0.000227504 107896156 0.00219554
557.762 0.000226917 107548044 0.00218988
559.196 0.000226329 107155156 0.0021842
560.634 0.000225829 106745640 0.00217938
562.075 0.000225203 106381152 0.00217333
563.52 0.000224713 105950332 0.0021686
564.969 0.000224145 105560460 0.00216312
566.422 0.000223687 105095832 0.0021587
567.878 0.000223187 104691448 0.00215387
569.339 0.000222691 104227416 0.00214909
570.802 0.000222143 103768020 0.0021438
572.27 0.000221805 103321584 0.00214054
573.742 0.0002213 102828700 0.00213567
575.217 0.000220848 102352788 0.0021313
576.696 0.000220444 101856600 0.00212741
578.179 0.00022012 101332732 0.00212428
579.665 0.000219706 100832628 0.00212028
581.156 0.000219486 100293552 0.00211816
582.65 0.000219054 99747192 0.00211399
584.148 0.000218694 99219016 0.00211052
585.65 0.000218374 98641428 0.00210742
587.156 0.00021804 98075004 0.0021042
588.666 0.000217694 97492236 0.00210086
590.179 0.000217462 96889368 0.00209863
591.697 0.00021718 96288544 0.0020959
593.218 0.000216819 95667084 0.00209242
594.744 0.000216641 95038752 0.00209071
596.273 0.000216454 94392264 0.0020889
597.806 0.000216375 93742056 0.00208814
599.343 0.00021633 93080044 0.0020877
600.884 0.000216189 92395188 0.00208634
602.429 0.000216078 91699368 0.00208527
603.978 0.000216092 90981384 0.00208541
605.531 0.000216053 90300588 0.00208503
607.088 0.000216091 89544360 0.0020854
608.649 0.0002163 88824232 0.00208741
610.214 0.000216224 88040328 0.00208668
611.783 0.000216184 87297984 0.00208629
613.356 0.00021642 86497968 0.00208857
614.933 0.000216504 85707504 0.00208938
616.514 0.000216592 84898392 0.00209023
618.099 0.00021668 84056904 0.00209108
619.689 0.000216978 83247912 0.00209395
621.282 0.000217099 82396368 0.00209512
622.88 0.000217234 81516660 0.00209642
624.481 0.000217352 80625504 0.00209757
626.087 0.000217562 79743588 0.00209959
627.696 0.000217813 78851196 0.00210201
629.311 0.000218203 77904480 0.00210577
630.928 0.000218555 76957480 0.00210917
632.551 0.000218924 76018464 0.00211273
634.177 0.000219402 75041040 0.00211735
635.808 0.00021962 74065920 0.00211945
637.442 0.000220067 73055520 0.00212376
639.081 0.000220655 72045396 0.00212944
640.725 0.000221081 70993964 0.00213355
642.372 0.000221691 69966888 0.00213944
644.024 0.000222095 68889276 0.00214334
645.68 0.000222551 67824288 0.00214774
647.34 0.000223104 66704700 0.00215308
649.004 0.000223653 65602596 0.00215838
650.673 0.00022413 64452240 0.00216298
652.346 0.000224691 63318708 0.00216839
654.023 0.0002253 62140668 0.00217426
655.705 0.00022576 60969048 0.00217871
657.391 0.00022618 59742948 0.00218276
659.081 0.000226905 58545444 0.00218976
660.775 0.000227272 57293532 0.0021933
662.474 0.000227775 56035064 0.00219815
664.178 0.000228144 54769164 0.00220171
665.885 0.000228545 53467236 0.00220559
667.597 0.000228949 52159800 0.00220949
669.314 0.000229087 50824572 0.00221081
671.035 0.00022915 49478256 0.00221143
672.76 0.000229321 48107940 0.00221307
674.49 0.000228872 46713656 0.00220874
676.224 0.000228581 45286716 0.00220593
677.962 0.000227918 43878768 0.00219953
679.705 0.000227066 42417696 0.00219131
681.452 0.000225803 40952868 0.00217912
683.205 0.000224381 39518069 0.0021654
684.962 0.000223571 38220792 0.00215758
686.723 0.00022303 37010586 0.00215236
688.489 0.000222618 35872284 0.00214838
690.259 0.000222027 34769120 0.00214268
692.034 0.000221823 33713676 0.00214071
693.814 0.000221508 32679294 0.00213767
695.597 0.0002215 31689516 0.0021376
697.386 0.000221475 30731648 0.00213735
699.179 0.000221288 29789496 0.00213555
700.977 0.000221317 28876206 0.00213583
702.78 0.000221502 27977588 0.00213761
704.586 0.000221669 27112026 0.00213923
706.398 0.000221847 26263032 0.00214095
708.215 0.000222061 25433732 0.00214301
710.036 0.000222386 24617118 0.00214615
711.861 0.000222738 23829618 0.00214954
713.691 0.000223448 23045474 0.00215639
715.526 0.000223777 22291164 0.00215957
717.366 0.000224198 21548138 0.00216363
719.211 0.000224737 20822178 0.00216883
721.06 0.000225258 20107248 0.00217386
722.914 0.000225955 19406348 0.00218059
724.772 0.000226259 18723654 0.00218352
726.636 0.000227283 18059312 0.00219341
728.504 0.000227985 17402742 0.00220018
730.377 0.000228996 16754724 0.00220993
732.255 0.000230248 16135814 0.00222202
734.138 0.0002314 15515232 0.00223313
736.025 0.000232578 14911028 0.0022445
737.918 0.000234043 14330256 0.00225864
739.815 0.000235199 13745288 0.0022698
741.717 0.000236783 13186902 0.00228508
743.624 0.000238766 12629240 0.00230422
745.536 0.000240537 12094086 0.00232131
747.453 0.000242415 11563610 0.00233944
749.375 0.000243764 11050836 0.00235246
751.302 0.000245425 10549550 0.00236848
753.233 0.000247574 10053218 0.00238923
755.17 0.000249535 9573252 0.00240815
757.111 0.000251742 9108968 0.00242945
759.058 0.000254252 8650770 0.00245367
761.009 0.000256098 8203508 0.00247149
762.966 0.000258172 7772340 0.0024915
764.927 0.00026062 7352690 0.00251512
766.894 0.000263652 6941804 0.00254439
768.866 0.00026691 6542412 0.00257582
770.843 0.000270479 6154682 0.00261027
772.825 0.000273549 5779532 0.0026399
774.811 0.000277209 5414334 0.00267522
776.803 0.000280675 5062910 0.00270866
778.8 0.000285148 4721528 0.00275184
780.802 0.000289797 4393398 0.0027967
782.81 0.000293832 4074230 0.00283564
784.822 0.000298521 3767654 0.00288089
786.839 0.000302812 3472146 0.00292231
788.861 0.000307149 3188006 0.00296415
790.888 0.000311928 2916440 0.00301028
792.921 0.000317216 2661902 0.0030613
794.961 0.000322494 2410242 0.00311225
797.003 0.000329779 2171384 0.00318254
799.05 0.000337032 1949174 0.00325254
801.105 0.000344708 1738592 0.00332662
803.163 0.000351701 1533366 0.0033941
805.226 0.000358588 1347812 0.00346057
807.296 0.000365158 1170398 0.00352397
809.37 0.000373187 1004792 0.00360146
811.448 0.000378147 853736 0.00364933
813.531 0.000389477 711416 0.00375866
815.621 0.000399538 587334 0.00385576
817.718 0.000405422 468236 0.00391254
819.802 0.000415045 363320 0.00400542
821.909 0.000421689 280856 0.00406953
824.035 0.000431884 198080 0.00416791
826.109 0.000446071 128864 0.00430483
828.186 0.000450157 83264 0.00434426
830.313 0.000476619 42368 0.00459963
832.391 0.000480994 15296 0.00464185
834.243 0.000482534 2046 0.00465671
835.799 0.00258983 1 0.0249933
