# in Mpc/h Units 
# D1 = 0.425202 
# k P N P(z=0)
0.314159 164.43 6 909.476
0.444288 92.3988 12 511.066
0.54414 61.7166 8 341.36
0.628319 50.4842 6 279.233
0.702481 32.1784 24 177.981
0.76953 30.8081 24 170.402
0.888577 16.5271 12 91.4127
0.942478 25.8815 30 143.153
0.993459 15.4678 24 85.5536
1.04195 20.4112 24 112.896
1.08828 15.5629 8 86.0797
1.13272 17.5438 24 97.0363
1.17548 18.0467 48 99.8177
1.25664 13.3529 6 73.8562
1.29531 13.4031 48 74.1337
1.33286 10.1896 36 56.3596
1.36939 8.56924 24 47.3972
1.40496 12.3995 24 68.5825
1.43966 9.45608 48 52.3024
1.47354 16.8437 24 93.1637
1.53906 9.5922 24 53.0553
1.5708 13.961 30 77.2195
1.6019 8.15661 72 45.1149
1.63242 8.40796 32 46.5051
1.6918 7.00454 72 38.7427
1.72072 9.82349 48 54.3346
1.77715 10.0902 12 55.8099
1.80471 5.5866 48 30.9
1.83185 7.72744 48 42.7411
1.85859 7.66286 48 42.3839
1.88496 4.58464 30 25.358
1.91096 4.25112 24 23.5133
1.93661 6.56851 72 36.331
1.98692 7.24272 24 40.0601
2.0116 7.08017 96 39.161
2.03598 7.67454 48 42.4485
2.06008 7.09095 24 39.2206
2.0839 5.74025 24 31.7498
2.10744 5.47753 72 30.2967
2.13073 6.46424 48 35.7543
2.17656 7.75614 8 42.8999
2.19911 6.52844 54 36.1093
2.22144 7.39424 84 40.8982
2.24355 4.75258 48 26.2869
2.26543 7.49334 24 41.4463
2.28711 5.54218 72 30.6543
2.30859 4.35427 96 24.0838
2.35095 4.76824 48 26.3735
2.37185 5.85422 48 32.3802
2.39257 8.7724 24 48.5209
2.4131 6.57583 72 36.3714
2.45366 4.89516 72 27.0755
2.47369 4.8821 96 27.0033
2.51327 2.98856 6 16.5299
2.53283 4.27845 96 23.6644
2.55224 5.27519 96 29.1775
2.5715 4.08227 24 22.5794
2.59062 4.99348 48 27.6193
2.6096 5.59506 96 30.9468
2.62844 3.96466 48 21.9289
2.66573 4.28769 36 23.7155
2.68418 5.05855 48 27.9792
2.7025 3.8354 120 21.2139
2.7207 4.28316 56 23.6905
2.73878 7.19937 24 39.8203
2.75674 4.56641 96 25.2572
2.77458 3.99329 48 22.0872
2.80993 5.29604 24 29.2928
2.82743 4.75896 102 26.3222
2.84483 2.81263 48 15.5569
2.86213 4.3035 72 23.803
2.87932 3.52373 48 19.49
2.89641 3.58157 48 19.81
2.91339 4.08266 120 22.5815
2.94708 4.77053 24 26.3862
2.96377 4.81681 144 26.6422
2.98038 3.72729 120 20.616
2.99689 2.42414 48 13.4081
3.02964 4.39109 48 24.2875
3.04589 4.21985 96 23.3403
3.07812 2.89542 24 16.0148
3.09411 4.51254 48 24.9592
3.11002 3.86975 108 21.4039
3.12585 3.22839 72 17.8565
3.14159 4.19318 30 23.1928
3.15726 3.59001 168 19.8566
3.17285 3.55898 48 19.685
3.20381 3.6243 72 20.0463
3.21917 3.74478 96 20.7127
3.23447 4.2049 72 23.2577
3.24969 3.311 72 18.3134
3.26484 3.01112 32 16.6548
3.27992 3.38825 72 18.7407
3.29493 4.15844 144 23.0007
3.33956 3.06844 96 16.9718
3.3543 4.32194 96 23.905
3.36898 4.791 48 26.4994
3.3836 2.87589 72 15.9068
3.39815 3.93014 120 21.738
3.41264 2.80726 72 15.5272
3.44144 4.20277 48 23.2459
3.45575 3.3026 78 18.2669
3.47 2.68023 120 14.8246
3.48419 3.18013 48 17.5896
3.51241 3.27288 144 18.1026
3.52643 3.52712 144 19.5088
3.55431 2.43496 12 13.468
3.56816 2.90875 144 16.0885
3.58197 3.47154 48 19.2014
3.59572 3.60718 120 19.9516
3.60942 3.35169 48 18.5385
3.62306 2.581 48 14.2757
3.63666 3.72447 168 20.6003
3.6637 3.46536 48 19.1672
3.67714 3.70947 96 20.5174
3.69054 3.06327 96 16.9432
3.70388 2.96081 72 16.3765
3.71718 3.05395 48 16.8916
3.73043 3.56491 96 19.7178
3.74364 3.32277 48 18.3785
3.76991 2.23164 30 12.3434
3.78298 3.14476 96 17.3939
3.796 2.86387 192 15.8403
3.80898 3.76341 56 20.8157
3.82191 3.42458 24 18.9417
3.8348 2.64785 168 14.6455
3.84765 2.67517 120 14.7966
3.87322 2.63264 72 14.5613
3.88594 2.82061 144 15.6011
3.89861 2.85584 96 15.7959
3.91125 2.4935 96 13.7917
3.9364 3.2572 72 18.0158
3.94892 2.77715 96 15.3606
3.97384 3.53476 24 19.5511
3.98623 2.77296 192 15.3375
3.99859 3.00991 108 16.6481
4.01092 3.13259 24 17.3266
4.0232 2.80162 96 15.496
4.03545 2.62768 96 14.5339
4.04766 2.7381 120 15.1446
4.07197 3.33959 48 18.4715
4.08407 3.17612 78 17.5674
4.09614 2.93383 144 16.2272
4.10817 3.17612 120 17.5674
4.12016 3.37725 24 18.6799
4.13212 2.7672 168 15.3056
4.14405 3.11831 144 17.2476
4.16779 2.14356 24 11.8562
4.17962 2.53485 48 14.0205
4.19141 2.71387 96 15.0106
4.20316 3.05558 120 16.9007
4.21489 2.89298 72 16.0013
4.22658 2.96869 120 16.4201
4.23824 2.4211 144 13.3913
4.26146 2.70998 48 14.9891
4.27303 2.54877 192 14.0975
4.28456 2.26509 144 12.5284
4.29606 3.29806 48 18.2418
4.31898 2.54039 192 14.0511
4.33039 2.25206 48 12.4563
4.35312 2.51829 8 13.9289
4.36444 2.4706 48 13.6651
4.37573 3.15332 240 17.4413
4.387 2.59646 96 14.3613
4.39823 2.06835 54 11.4402
4.40944 2.55869 120 14.1523
4.42061 1.977 120 10.9349
4.44288 2.67293 84 14.7842
4.45398 2.17691 144 12.0407
4.46504 2.2377 72 12.3769
4.47608 1.97972 96 10.95
4.48709 2.095 48 11.5876
4.49808 2.60585 96 14.4132
4.50903 2.40789 240 13.3182
4.53087 1.82599 24 10.0997
4.54175 2.65226 240 14.6699
4.5526 2.76636 96 15.3009
4.56883 3.08452 144 17.0608
4.585 2.65817 96 14.7026
4.59575 2.46016 72 13.6074
4.61718 2.20276 96 12.1836
4.62785 2.6561 96 14.6911
4.63851 2.25427 120 12.4686
4.64913 1.98037 96 10.9536
4.67484 2.31226 336 12.7893
4.70191 2.4332 48 13.4582
4.71239 2.42779 150 13.4283
4.72285 3.31015 96 18.3087
4.73329 2.81384 120 15.5636
4.75112 2.74095 168 15.1604
4.76446 2.57096 240 14.2202
4.78513 2.7203 24 15.0462
4.79543 2.08757 144 11.5465
4.80571 2.28858 216 12.6583
4.82211 1.94804 120 10.7748
4.83642 2.09327 144 11.578
4.84661 2.12604 96 11.7593
4.87706 2.47232 144 13.6746
4.88717 2.51539 132 13.9129
4.89726 2.63629 104 14.5815
4.90732 2.26327 72 12.5183
4.922 2.92771 312 16.1934
4.94739 1.73677 96 9.60619
4.95735 2.64705 144 14.6411
4.97264 2.53742 312 14.0347
4.99701 2.81675 48 15.5797
5.00687 2.51191 192 13.8936
5.02655 0.93647 6 5.17969
5.03636 2.23297 192 12.3508
5.05103 2.6745 192 14.7929
5.06567 3.14747 96 17.4089
5.0754 2.48037 216 13.7192
5.08511 1.74047 72 9.6267
5.10448 2.36046 96 13.0559
5.11414 1.64277 96 9.0863
5.12539 2.44386 288 13.5172
5.14301 3.1106 24 17.205
5.1526 2.28623 264 12.6453
5.16216 1.97232 192 10.9091
5.18125 1.76131 48 9.74195
5.19646 2.4687 240 13.6546
5.20974 2.30725 120 12.7616
5.21921 2.25125 96 12.4518
5.23525 2.68776 240 14.8662
5.26471 2.14464 288 11.8622
5.27563 2.00921 96 11.1131
5.28498 2.28178 72 12.6207
5.30362 2.12613 192 11.7598
5.31292 1.90544 144 10.5392
5.33146 1.89936 36 10.5055
5.34719 2.26115 342 12.5066
5.35916 2.37498 96 13.1362
5.37587 2.31851 264 12.8239
5.38671 2.27593 168 12.5884
5.405 2.32177 120 12.8419
5.41412 1.87969 192 10.3967
5.42984 2.4978 264 13.8156
5.4414 1.91886 56 10.6134
5.45589 2.12344 240 11.7449
5.48556 2.03778 216 11.2711
5.49554 1.92806 240 10.6643
5.50963 1.92009 168 10.6202
5.52599 2.0428 240 11.2989
5.55508 2.44647 144 13.5316
5.56692 2.02204 312 11.1841
5.57577 2.40334 144 13.2931
5.59826 1.7343 264 9.59255
5.62783 1.99 264 11.0068
5.64176 1.85115 192 10.2389
5.65487 2.1694 102 11.9991
5.66891 1.96192 432 10.8515
5.68967 2.16043 48 11.9495
5.69833 2.00454 288 11.0873
5.71069 2.35396 168 13.02
5.72964 1.95385 192 10.8069
5.74147 2.12425 144 11.7494
5.75863 1.16772 48 6.45877
5.77277 1.92818 276 10.6649
5.78642 1.90185 192 10.5193
5.80132 2.06891 336 11.4433
5.80982 2.15589 216 11.9244
5.83055 1.96706 216 10.88
5.84792 2.05541 240 11.3687
5.87392 1.76546 408 9.76492
5.89415 1.83225 24 10.1343
5.90669 2.04635 384 11.3185
5.92421 1.7467 240 9.66113
5.93942 1.64596 168 9.10393
5.96499 2.08044 246 11.5071
5.97997 1.70964 320 9.45618
6.00063 1.83544 288 10.152
6.01022 2.02688 144 11.2109
6.0348 1.74947 288 9.67645
6.04764 1.90928 336 10.5604
6.0651 2.08342 168 11.5236
6.07555 1.90541 336 10.539
6.09177 2.00942 96 11.1143
6.10391 1.92552 384 10.6502
6.11603 1.84957 72 10.2302
6.13444 2.01157 336 11.1262
6.15624 0.848515 24 4.69321
6.16996 1.74102 336 9.62972
6.18252 1.98311 168 10.9687
6.19954 1.75741 456 9.72037
6.22004 1.51754 108 8.39362
6.23156 1.78491 264 9.87247
6.24595 1.89688 264 10.4918
6.26564 1.76945 312 9.78696
6.28319 1.57704 30 8.72276
6.29452 1.75025 432 9.68081
6.31756 1.96248 432 10.8546
6.33013 2.00476 192 11.0885
6.35192 1.57111 240 8.68994
6.36456 1.54742 336 8.55893
6.38447 1.94039 240 10.7325
6.3922 1.87123 240 10.3499
6.41275 1.85911 216 10.2829
6.42832 1.94041 312 10.7326
6.44655 1.79093 336 9.9058
6.46894 1.72949 72 9.56594
6.48007 1.84871 624 10.2254
6.49634 1.88045 120 10.4009
6.51021 1.66322 336 9.19943
6.52968 1.54247 32 8.53154
6.54409 1.69828 528 9.39335
6.56562 1.83606 312 10.1554
6.57487 1.40527 96 7.77264
6.59474 1.47399 414 8.15279
6.60897 1.60037 216 8.85176
6.63315 1.6471 480 9.11023
6.6632 1.67638 636 9.27221
6.68355 1.5456 240 8.54883
6.69388 1.65769 168 9.16882
6.7191 1.56681 504 8.66618
6.7321 1.5008 240 8.30102
6.74682 1.48122 456 8.19273
6.7725 1.7772 264 9.82984
6.78639 1.71106 264 9.46403
6.80514 1.68724 552 9.33224
6.82529 1.68274 72 9.30738
6.83702 1.45003 384 8.02021
6.8562 1.82522 336 10.0955
6.86853 1.80692 96 9.9942
6.89291 1.44788 480 8.00836
6.90756 1.296 174 7.16828
6.92267 1.44613 552 7.99868
6.94474 1.38651 360 7.6689
6.95933 1.60125 432 8.85663
6.98042 1.63367 480 9.03595
7.00371 1.41195 288 7.80963
7.01377 1.26833 168 7.01524
7.03217 1.61122 504 8.91177
7.05566 1.7556 240 9.71034
7.06849 1.53494 440 8.48989
7.09018 1.37587 552 7.61007
7.10861 0.964811 12 5.33645
7.12185 1.48225 528 8.19847
7.14393 1.41516 480 7.82737
7.16393 1.5956 48 8.82541
7.17479 1.38124 624 7.63978
7.19862 1.28039 504 7.08195
7.22401 1.45305 198 8.03694
7.23516 1.51699 552 8.3906
7.25595 1.43788 432 7.95304
7.27644 1.24343 312 6.87754
7.29122 1.45119 336 8.02668
7.31192 1.50207 408 8.3081
7.33337 1.18309 432 6.54377
7.34474 1.47979 456 8.18487
7.36312 1.64273 528 9.08609
7.39021 1.50782 456 8.33987
7.40396 1.61024 168 8.90636
7.41823 1.33922 504 7.40736
7.44195 1.32789 336 7.34469
7.45982 1.389 456 7.68265
7.47564 1.22146 408 6.75597
7.49795 1.3544 696 7.49127
7.52344 1.40992 384 7.79836
7.54481 1.66055 126 9.18463
7.558 1.35697 492 7.50551
7.57485 1.26033 528 6.971
7.59872 1.34309 696 7.42876
7.61833 1.30722 416 7.23032
7.63208 1.13231 264 6.26292
7.65511 1.36788 768 7.56583
7.6749 1.40065 408 7.74712
7.69957 1.41479 360 7.82531
7.71 1.33476 408 7.38267
7.72931 1.3375 456 7.3978
7.75392 1.54088 408 8.52276
7.77036 1.22833 504 6.79398
7.79066 1.47962 648 8.1839
7.81535 1.22861 360 6.79552
7.83053 1.3156 528 7.27668
7.85864 1.39172 582 7.69772
7.87632 1.33876 600 7.40481
7.89523 1.26145 576 6.97717
7.914 1.19646 408 6.61772
7.93268 1.30559 408 7.22133
7.95698 1.33091 624 7.36139
7.97865 1.34717 576 7.45129
8.00144 1.32235 348 7.314
8.01209 1.28418 576 7.10289
8.03437 1.31608 600 7.27932
8.0589 1.38616 600 7.66697
8.07879 1.11164 576 6.14855
8.10331 1.22152 768 6.75632
8.12088 1.25923 240 6.96489
8.14134 1.18845 336 6.5734
8.15994 1.40213 590 7.75528
8.17963 1.25678 744 6.95133
8.20288 1.21203 504 6.70382
8.22478 1.18619 648 6.56094
8.24775 1.30264 696 7.20504
8.26774 1.25025 696 6.91524
8.29585 1.2217 552 6.75734
8.31341 1.16531 648 6.4454
8.33446 1.24301 504 6.87517
8.35037 1.28191 480 7.09035
8.37174 1.3094 600 7.24242
8.39493 1.27728 792 7.06474
8.41471 1.28437 336 7.10395
8.43909 1.20896 588 6.68689
8.46013 1.16149 744 6.42432
8.48605 1.13476 894 6.27646
8.50984 1.16854 648 6.46331
8.53082 1.24097 528 6.86391
8.54904 1.22244 696 6.76143
8.57637 1.3023 648 7.20311
8.59669 1.09762 936 6.07101
8.6208 1.24578 144 6.89051
8.63354 1.1667 840 6.4531
8.66042 1.2392 792 6.85413
8.68183 1.13418 480 6.27327
8.70268 1.10827 536 6.12996
8.72506 1.18379 888 6.54764
8.7477 1.17074 792 6.47548
8.77145 1.12594 744 6.22769
8.79242 1.12937 534 6.24665
8.81805 1.12662 816 6.23142
8.83728 1.16155 408 6.42461
8.8592 1.11182 960 6.14957
8.88614 1.13462 708 6.27568
8.90971 1.17789 1056 6.51503
8.93776 1.17053 864 6.4743
8.95479 1.15739 552 6.40162
8.98268 1.12409 528 6.21743
8.99967 1.11054 936 6.1425
9.02501 1.08426 888 5.99712
9.04798 1.06343 504 5.88194
9.07075 1.02092 696 5.64681
9.08827 1.10587 600 6.11666
9.1155 0.997712 798 5.51843
9.13638 1.06447 912 5.88768
9.1598 1.08692 912 6.01182
9.18648 1.01212 1104 5.59815
9.21077 1.06345 648 5.88202
9.24054 1.07357 912 5.93802
9.25969 1.04761 824 5.7944
9.28649 1.03015 888 5.69787
9.30524 1.00366 456 5.55132
9.32993 1.06607 1068 5.89653
9.35118 1.06142 648 5.87078
9.37753 1.0082 1032 5.57644
9.39943 1.03489 576 5.72404
9.42618 0.964881 1254 5.33684
9.45345 0.963923 792 5.33154
9.47224 0.966298 816 5.34468
9.49886 0.987022 936 5.4593
9.52401 0.907604 912 5.02004
9.54544 1.0552 624 5.83641
9.57046 1.03358 1224 5.7168
9.59495 0.917804 816 5.07645
9.61947 0.894126 888 4.94549
9.64548 0.968537 1152 5.35706
9.67583 0.96866 1104 5.35774
9.69991 0.928922 840 5.13795
9.71865 0.989396 480 5.47243
9.74574 0.930906 894 5.14892
9.76669 0.960103 1236 5.31041
9.79605 0.927088 1184 5.1278
9.82348 0.963306 792 5.32813
9.84219 0.966989 792 5.3485
9.86897 0.916368 1440 5.06851
9.89283 0.897704 864 4.96528
9.92079 0.846509 960 4.68211
9.94684 0.895805 1128 4.95477
9.97686 0.871657 816 4.82121
9.99766 0.874403 1008 4.83639
10.0218 0.873918 1008 4.83371
10.0521 0.922672 1518 5.10337
10.0762 0.898264 816 4.96837
10.1025 0.915659 1104 5.06459
10.13 0.870885 1056 4.81694
10.1552 0.922937 1104 5.10484
10.1774 0.883193 1056 4.88501
10.2056 0.969499 1188 5.36238
10.233 0.888217 912 4.9128
10.26 0.877861 1368 4.85552
10.2868 0.911078 1128 5.03925
10.3108 0.905017 1128 5.00573
10.3392 0.862739 992 4.77188
10.3669 0.900254 1326 4.97938
10.3909 0.892849 672 4.93842
10.4156 0.802726 1632 4.43995
10.4477 0.855575 1128 4.73226
10.468 0.84039 1152 4.64826
10.4961 0.849625 1104 4.69935
10.527 0.827282 1560 4.57577
10.556 0.860027 1272 4.75688
10.5803 0.874631 1080 4.83766
10.6074 0.843301 1224 4.66437
10.633 0.773429 960 4.2779
10.6646 0.875015 1332 4.83978
10.6881 0.826555 1158 4.57174
10.7153 0.841172 1656 4.65259
10.7456 0.834822 1248 4.61747
10.7692 0.783207 1152 4.33198
10.7959 0.745728 1272 4.12468
10.8278 0.825806 1608 4.5676
10.8578 0.86612 1464 4.79058
10.8878 0.858672 824 4.74939
10.9128 0.808273 1704 4.47062
10.9379 0.830052 1200 4.59109
10.9681 0.792893 1416 4.38555
10.9964 0.765328 1326 4.23309
11.0235 0.777414 1416 4.29994
11.0496 0.752071 1200 4.15977
11.0767 0.748519 1440 4.14012
11.1104 0.784652 1716 4.33997
11.1386 0.703171 1488 3.8893
11.1683 0.73164 1536 4.04676
11.1955 0.72062 1272 3.98581
11.221 0.749893 1392 4.14772
11.2573 0.737756 1800 4.08059
11.2826 0.796209 1032 4.4039
11.3096 0.731285 1446 4.0448
11.3402 0.687251 1920 3.80124
11.3665 0.729208 1032 4.03331
11.3923 0.72908 1656 4.0326
11.4292 0.70162 2168 3.88072
11.4591 0.695064 1440 3.84446
11.4849 0.692191 1248 3.82857
11.5152 0.660848 1464 3.65521
11.5455 0.725603 1884 4.01337
11.5794 0.68634 1680 3.7962
11.605 0.682121 1392 3.77287
11.6336 0.657548 1590 3.63695
11.6676 0.679868 2040 3.7604
11.6971 0.729701 1728 4.03604
11.728 0.664506 1464 3.67544
11.7556 0.711045 1608 3.93285
11.7865 0.673239 1656 3.72374
11.8171 0.645069 1776 3.56793
11.8458 0.661817 1800 3.66057
11.8722 0.637075 1560 3.52371
11.9022 0.657542 1512 3.63692
11.9368 0.65028 1782 3.59675
11.9681 0.665282 2264 3.67973
12.001 0.668391 1692 3.69693
12.0348 0.675854 2256 3.7382
12.0649 0.642837 1368 3.55559
12.0929 0.629693 2160 3.48288
12.1244 0.678314 1368 3.75181
12.1502 0.66616 1944 3.68459
12.1851 0.628573 1728 3.47669
12.2173 0.671041 2016 3.71158
12.2459 0.583394 1662 3.2268
12.279 0.603004 2592 3.33526
12.3152 0.617602 1680 3.41601
12.3441 0.615932 1992 3.40677
12.3741 0.613324 1920 3.39235
12.4055 0.640734 1968 3.54396
12.4398 0.622143 2004 3.44112
12.4691 0.604796 1920 3.34517
12.5021 0.621486 1952 3.43749
12.5336 0.605587 2304 3.34955
12.5696 0.586622 2118 3.24465
12.6001 0.608988 1848 3.36836
12.6298 0.587201 2064 3.24786
12.6656 0.557933 2352 3.08598
12.6997 0.590955 2184 3.26862
12.7271 0.572805 1896 3.16823
12.7606 0.590967 2472 3.26869
12.7965 0.578162 1944 3.19786
12.8269 0.583337 2088 3.22648
12.8578 0.605399 1968 3.34851
12.8928 0.575929 2250 3.18551
12.9243 0.576935 2472 3.19107
12.9622 0.589562 2832 3.26092
12.9935 0.565207 1776 3.12621
13.0248 0.577171 2496 3.19238
13.0599 0.569124 1856 3.14787
13.0924 0.546328 2472 3.02179
13.1278 0.558426 2928 3.0887
13.1613 0.58206 1752 3.21942
13.1941 0.551338 2166 3.0495
13.2228 0.553869 2448 3.0635
13.2609 0.54287 3048 3.00266
13.2985 0.560007 2352 3.09744
13.3341 0.551004 2340 3.04765
13.3669 0.544577 2856 3.0121
13.3981 0.542597 1872 3.00115
13.4328 0.566529 2856 3.13352
13.4672 0.535262 2208 2.96058
13.5027 0.525696 2622 2.90767
13.5372 0.543633 2712 3.00688
13.5706 0.540338 2520 2.98866
13.6106 0.519542 3080 2.87363
13.6462 0.519559 2832 2.87373
13.6782 0.531747 2232 2.94114
13.7154 0.504454 3000 2.79018
13.7476 0.501017 1872 2.77117
13.782 0.510866 2916 2.82564
13.8177 0.520415 2910 2.87846
13.8563 0.509369 3144 2.81736
13.8883 0.520403 2376 2.87839
13.9269 0.519871 3096 2.87545
13.9621 0.510833 2880 2.82546
14.0013 0.514349 2904 2.84491
14.0349 0.521124 2520 2.88238
14.0695 0.500851 3360 2.77025
14.1111 0.51443 2712 2.84536
14.1423 0.465716 2798 2.57591
14.181 0.467253 3048 2.58442
14.2158 0.488745 2724 2.70329
14.2491 0.495291 3264 2.7395
14.2875 0.485687 3048 2.68637
14.3254 0.472694 3024 2.61451
14.3617 0.478067 3120 2.64423
14.4019 0.464951 3456 2.57168
14.4372 0.490207 2334 2.71138
14.472 0.450208 3264 2.49014
14.5088 0.451115 3456 2.49515
14.5462 0.455834 3312 2.52126
14.5799 0.45685 2616 2.52688
14.6203 0.461505 3792 2.55262
14.6599 0.447673 3180 2.47612
14.6973 0.454291 3248 2.51272
14.7343 0.466935 3312 2.58266
14.7747 0.433139 3606 2.39573
14.8116 0.44002 3456 2.43379
14.8465 0.439294 2688 2.42977
14.8883 0.44019 4152 2.43473
14.9273 0.443283 3600 2.45184
14.9656 0.441598 3432 2.44251
15.0056 0.43862 3624 2.42604
15.0456 0.420533 3384 2.32601
15.0848 0.423259 3582 2.34108
15.1203 0.435275 3276 2.40754
15.1572 0.415525 3696 2.2983
15.1966 0.413578 3888 2.28753
15.2357 0.407178 3608 2.25214
15.2769 0.425619 3768 2.35413
15.3164 0.418801 3720 2.31642
15.3575 0.409612 3984 2.2656
15.3971 0.4216 3438 2.3319
15.4322 0.407323 3696 2.25294
15.4717 0.396216 4104 2.1915
15.5131 0.413272 3792 2.28584
15.552 0.412018 3828 2.27891
15.5926 0.402783 4008 2.22783
15.6329 0.406128 4032 2.24633
15.6696 0.411102 3768 2.27384
15.714 0.398977 4206 2.20677
15.7514 0.381517 3456 2.1102
15.7915 0.39365 4568 2.17731
15.8322 0.394554 4272 2.18231
15.8721 0.394289 3960 2.18085
15.9156 0.376621 4584 2.08312
15.9588 0.390711 4416 2.16106
15.9995 0.393387 3252 2.17585
16.0387 0.385993 5166 2.13496
16.0805 0.377566 4272 2.08835
16.1203 0.374295 3984 2.07025
16.1623 0.369874 4608 2.0458
16.206 0.377913 4584 2.09027
16.2476 0.38375 4752 2.12255
16.2926 0.383205 4152 2.11954
16.3308 0.36013 4454 1.99191
16.3706 0.366757 4272 2.02856
16.4105 0.350402 4416 1.9381
16.4572 0.366095 5484 2.0249
16.4971 0.362193 3984 2.00332
16.5399 0.3572 5232 1.97571
16.5854 0.360771 4752 1.99546
16.626 0.367546 4200 2.03293
16.6696 0.357361 5070 1.97659
16.7114 0.356856 4848 1.9738
16.7541 0.355907 5376 1.96855
16.7993 0.343833 4824 1.90177
16.8373 0.343555 3912 1.90023
16.8821 0.342799 5708 1.89605
16.9286 0.355793 5424 1.96792
16.9743 0.343972 5046 1.90254
17.0151 0.348222 4872 1.92605
17.0591 0.350679 5112 1.93963
17.1027 0.337086 5640 1.86445
17.1485 0.322966 4920 1.78635
17.1891 0.326142 5040 1.80392
17.2339 0.31973 5736 1.76845
17.2803 0.331633 4734 1.83429
17.3215 0.321686 5580 1.77927
17.3661 0.333543 5592 1.84485
17.4108 0.322465 5432 1.78358
17.4551 0.3209 5616 1.77493
17.5005 0.316166 5640 1.74874
17.5472 0.314341 5232 1.73865
17.5907 0.314395 5622 1.73895
17.6344 0.303761 6192 1.68013
17.6832 0.316581 5760 1.75104
17.727 0.311041 5616 1.72039
17.7706 0.312469 5316 1.72829
17.8179 0.309451 6696 1.7116
17.8659 0.307421 6000 1.70037
17.9128 0.301009 6030 1.66491
17.9594 0.296834 5624 1.64181
18.0036 0.301768 6288 1.6691
18.0498 0.295498 6432 1.63442
18.0972 0.297931 5856 1.64788
18.143 0.294433 6192 1.62853
18.1863 0.297451 5328 1.64523
18.2352 0.291003 7338 1.60956
18.2837 0.289337 6240 1.60034
18.3278 0.289348 6216 1.60041
18.3778 0.293242 7128 1.62194
18.4243 0.286149 5472 1.58271
18.47 0.287286 6984 1.589
18.5178 0.290267 6422 1.60549
18.5668 0.286914 7176 1.58695
18.6134 0.284274 6312 1.57235
18.6623 0.280041 6756 1.54893
18.71 0.271132 7224 1.49965
18.7595 0.265958 7224 1.47103
18.8071 0.277559 5856 1.5352
18.8564 0.277495 7710 1.53485
18.9065 0.272569 7392 1.5076
18.9507 0.272759 5688 1.50865
18.9981 0.271007 8256 1.49896
19.051 0.269413 7040 1.49014
19.1004 0.268908 7044 1.48735
19.1475 0.258215 7062 1.42821
19.1943 0.262879 7368 1.454
19.2465 0.260451 7776 1.44058
19.2965 0.26475 7872 1.46436
19.3469 0.246017 7032 1.36074
19.3974 0.258212 8136 1.42819
19.4426 0.262172 6384 1.45009
19.4935 0.251555 8286 1.39137
19.5444 0.251613 7692 1.39169
19.5944 0.253757 8072 1.40355
19.6434 0.249436 7584 1.37965
19.6937 0.251942 7992 1.39351
19.7458 0.250076 7944 1.38319
19.7992 0.243336 8646 1.34591
19.8493 0.247366 8232 1.3682
19.9018 0.243777 8472 1.34835
19.9524 0.242859 7560 1.34327
20.0013 0.244603 8220 1.35292
20.0525 0.240978 8616 1.33287
20.1063 0.238805 8622 1.32085
20.157 0.238363 8336 1.31841
20.2078 0.237262 8184 1.31232
20.2598 0.238995 9312 1.3219
20.3126 0.238285 8736 1.31797
20.3651 0.23213 8184 1.28393
20.4177 0.227185 9354 1.25658
20.4698 0.230505 8544 1.27494
20.5231 0.228475 9816 1.26371
20.576 0.228894 8712 1.26603
20.627 0.230929 8256 1.27729
20.6786 0.224448 9344 1.24144
20.7331 0.22284 9822 1.23255
20.7882 0.225967 9624 1.24984
20.8426 0.229491 9480 1.26933
20.8961 0.225998 9132 1.25001
20.9485 0.221467 9816 1.22495
20.9997 0.220294 8688 1.21846
21.0552 0.224787 10062 1.24331
21.1104 0.223159 10512 1.23431
21.1672 0.223883 10104 1.23832
21.2183 0.211469 8936 1.16965
21.2722 0.219467 10488 1.21389
21.3287 0.209536 9660 1.15896
21.3821 0.212321 10206 1.17437
21.4364 0.214124 10680 1.18434
21.4933 0.217226 10296 1.2015
21.5483 0.207187 10224 1.14597
21.6033 0.212751 10656 1.17674
21.6589 0.211249 10134 1.16843
21.7146 0.208788 11496 1.15483
21.7745 0.203913 10724 1.12786
21.8273 0.207247 10656 1.1463
21.8816 0.202708 10320 1.12119
21.94 0.201678 11592 1.1155
21.9988 0.197924 11358 1.09473
22.054 0.202544 10632 1.12029
22.1087 0.199857 11640 1.10543
22.1666 0.199565 10920 1.10381
22.2221 0.198311 11004 1.09687
22.2772 0.197116 11262 1.09027
22.3371 0.198261 12440 1.0966
22.3946 0.197627 11712 1.09309
22.4502 0.195556 10512 1.08164
22.5085 0.195485 13632 1.08124
22.5697 0.195325 11496 1.08036
22.6258 0.188001 11022 1.03985
22.6838 0.18706 13500 1.03465
22.7451 0.192114 12624 1.0626
22.8008 0.186776 11040 1.03307
22.8586 0.189565 12488 1.0485
22.9186 0.189948 12774 1.05062
22.9762 0.181975 12720 1.00652
23.0377 0.186697 13320 1.03264
23.0988 0.188347 13044 1.04176
23.1576 0.187923 12552 1.03942
23.2162 0.186561 12672 1.03188
23.275 0.184391 13398 1.01988
23.3369 0.188151 13200 1.04068
23.3935 0.182474 12968 1.00928
23.4545 0.182461 13632 1.00921
23.5125 0.178616 12408 0.987938
23.5748 0.17633 14562 0.975297
23.6353 0.177584 13944 0.982233
23.6958 0.176399 13704 0.97568
23.7592 0.177261 14256 0.980445
23.8166 0.177341 12936 0.980885
23.8778 0.171803 14526 0.950259
23.9404 0.175336 14864 0.969798
24.0043 0.167526 14724 0.926601
24.0649 0.173231 14136 0.958154
24.1248 0.168796 13776 0.933625
24.1875 0.173882 15366 0.961754
24.2503 0.167616 14880 0.927097
24.3119 0.165677 14736 0.916375
24.3743 0.16784 15576 0.928336
24.4392 0.166166 14892 0.919077
24.5001 0.16537 14774 0.914673
24.5622 0.163361 16128 0.903565
24.6263 0.164819 14928 0.911628
24.6879 0.161195 15672 0.891584
24.7527 0.162382 16176 0.898148
24.8164 0.165017 15486 0.912724
24.8796 0.161549 15780 0.893543
24.9442 0.159132 17712 0.880174
25.0107 0.157971 15272 0.87375
25.0724 0.159241 16392 0.880775
25.1394 0.160035 17070 0.885168
25.2035 0.157355 16824 0.870344
25.2688 0.15536 16608 0.859312
25.3326 0.154439 16644 0.854215
25.3969 0.154702 16512 0.85567
25.4633 0.151583 18366 0.83842
25.5297 0.154529 16368 0.854716
25.5949 0.151649 18752 0.838784
25.6601 0.14882 16080 0.823135
25.7231 0.151343 16920 0.837091
25.7904 0.149391 19074 0.826297
25.8577 0.147659 18168 0.816716
25.9252 0.146926 18432 0.81266
25.9924 0.148779 17856 0.822911
26.0586 0.148086 18414 0.819076
26.1268 0.146553 19280 0.810595
26.195 0.145351 18828 0.803947
26.2596 0.145323 17256 0.803796
26.3249 0.144282 19392 0.798037
26.3952 0.143372 19446 0.793002
26.4628 0.141971 19272 0.785255
26.5322 0.141203 20592 0.781005
26.6014 0.141374 19008 0.781951
26.6684 0.138694 18500 0.767127
26.7356 0.137224 21246 0.758997
26.8047 0.139311 18696 0.770542
26.8729 0.13703 21240 0.757926
26.945 0.138032 21048 0.763465
27.0152 0.134445 20022 0.743629
27.0829 0.135735 20124 0.750764
27.1495 0.134835 20280 0.745785
27.2209 0.13466 22232 0.744815
27.2926 0.134784 20376 0.745499
27.3615 0.13441 21390 0.743433
27.4318 0.131198 21960 0.725666
27.5002 0.132136 20040 0.730857
27.5719 0.132366 23268 0.732128
27.6439 0.130467 21510 0.721625
27.715 0.130071 22608 0.719434
27.7861 0.130309 21896 0.720753
27.8576 0.128582 23304 0.711199
27.9287 0.129031 20838 0.713683
27.9986 0.128664 23556 0.71165
28.0714 0.128073 23184 0.708381
28.1449 0.126399 24168 0.699124
28.2185 0.12768 22272 0.70621
28.29 0.125906 24374 0.696398
28.3629 0.125368 23328 0.693422
28.4352 0.12458 23844 0.689064
28.5081 0.123699 24096 0.684188
28.5827 0.122187 24942 0.675829
28.6568 0.122691 24120 0.678616
28.7292 0.121675 25008 0.672993
28.8041 0.121683 24776 0.673037
28.8793 0.12189 25266 0.674186
28.9524 0.121994 24960 0.67476
29.0269 0.121605 26184 0.672607
29.103 0.11967 25032 0.661904
29.1757 0.119278 25392 0.659736
29.251 0.120287 26526 0.665316
29.3255 0.117673 25548 0.650858
29.4021 0.115567 28256 0.63921
29.4795 0.117316 25680 0.648883
29.5542 0.116125 26526 0.642298
29.6293 0.115555 27600 0.639146
29.7043 0.1155 26328 0.638839
29.7817 0.115512 27996 0.638906
29.8574 0.114184 27246 0.631563
29.9347 0.113229 28664 0.626279
30.0127 0.114397 28320 0.632741
30.089 0.112361 27408 0.621477
30.1652 0.111026 28254 0.614095
30.2438 0.111968 30012 0.619302
30.3223 0.110149 29040 0.609245
30.4007 0.109615 28824 0.606288
30.4792 0.109501 29654 0.605662
30.556 0.108101 29640 0.597913
30.6357 0.109857 29988 0.607628
30.7145 0.107734 30672 0.595885
30.7945 0.10776 29814 0.596029
30.8718 0.105735 30000 0.584827
30.9495 0.10574 31056 0.584857
31.0305 0.10532 31208 0.582534
31.1105 0.105041 31194 0.580992
31.1917 0.105479 33096 0.583415
31.2716 0.10334 30480 0.571585
31.3505 0.101737 31488 0.562716
31.4315 0.10314 33222 0.570478
31.5119 0.102545 31476 0.567187
31.5932 0.101931 34400 0.563786
31.6747 0.101832 31992 0.56324
31.756 0.100865 32958 0.557892
31.8369 0.10038 34728 0.55521
31.9214 0.0992895 34368 0.549178
32.0022 0.0985192 32268 0.544918
32.0837 0.099779 35822 0.551886
32.1676 0.0986981 34512 0.545907
32.2483 0.0971816 33384 0.53752
32.331 0.098342 36126 0.543938
32.4146 0.0989571 34788 0.54734
32.4973 0.0972721 36576 0.53802
32.5819 0.0965344 35664 0.53394
32.6656 0.0978624 35846 0.541285
32.7487 0.096256 37200 0.5324
32.8335 0.0949653 36456 0.525261
32.9169 0.094459 36804 0.522461
33.0026 0.0945222 37902 0.52281
33.0877 0.0943646 37944 0.521938
33.174 0.0935178 38936 0.517255
33.2581 0.093728 36192 0.518417
33.3424 0.0935946 38898 0.517679
33.4279 0.0913225 39456 0.505112
33.515 0.0919673 39216 0.508679
33.6037 0.090762 41214 0.502012
33.689 0.0901399 37704 0.498571
33.774 0.0915042 40772 0.506117
33.8615 0.0895902 40056 0.495531
33.9478 0.0899726 40014 0.497646
34.0351 0.0889743 42168 0.492124
34.124 0.0898663 41712 0.497058
34.2119 0.0875116 40818 0.484034
34.2993 0.0883212 42920 0.488512
34.3882 0.0878491 41976 0.485901
34.4753 0.0879487 41424 0.486452
34.5632 0.0880073 43590 0.486776
34.6539 0.087313 44244 0.482936
34.7436 0.0866919 44256 0.4795
34.8317 0.0862339 40982 0.476967
34.9193 0.0852324 45816 0.471427
35.0108 0.0849372 45360 0.469795
35.1021 0.0845236 44988 0.467507
35.1914 0.0837946 44526 0.463475
35.2811 0.0832454 45768 0.460437
35.3715 0.0836973 45968 0.462937
35.462 0.0826866 46038 0.457347
35.5548 0.0816307 47844 0.451506
35.6465 0.0819071 47736 0.453035
35.7382 0.0809492 46152 0.447737
35.8287 0.0813106 47694 0.449736
35.9205 0.0810392 48464 0.448234
36.0138 0.0807992 49404 0.446907
36.1075 0.0800531 49086 0.442781
36.2003 0.0801021 49080 0.443051
36.2923 0.0789778 49632 0.436833
36.3853 0.079133 49092 0.437691
36.4786 0.0791338 51494 0.437696
36.5735 0.0797804 51792 0.441272
36.6689 0.0778757 50880 0.430737
36.7611 0.0772701 50430 0.427388
36.8562 0.0771135 53892 0.426521
36.9524 0.0762244 52704 0.421604
37.0461 0.0757897 50534 0.419199
37.1396 0.0761104 54072 0.420973
37.235 0.0764729 53448 0.422978
37.3324 0.0751212 55284 0.415501
37.4296 0.0754069 55422 0.417082
37.5251 0.0750977 53096 0.415372
37.6202 0.0738198 56184 0.408304
37.7181 0.074838 55530 0.413935
37.8148 0.0732715 56952 0.405271
37.9117 0.0731786 55728 0.404757
38.0096 0.0735579 57894 0.406855
38.1077 0.0730916 58088 0.404276
38.2064 0.0721871 57996 0.399273
38.3036 0.0720338 57222 0.398425
38.4004 0.0712606 58368 0.394149
38.4998 0.0721052 61080 0.39882
38.6002 0.0708689 59006 0.391982
38.6989 0.0701226 61044 0.387854
38.7988 0.0702436 61128 0.388523
38.8984 0.0696936 59616 0.385481
38.9979 0.069355 63222 0.383608
39.0985 0.069479 61044 0.384294
39.1981 0.0690723 62816 0.382045
39.2989 0.0687045 62526 0.38001
39.3992 0.0679621 64416 0.375904
39.501 0.0673322 63156 0.37242
39.6035 0.067248 66798 0.371954
39.7059 0.0668031 64448 0.369493
39.8075 0.06687 65424 0.369864
39.9098 0.066534 65694 0.368005
40.0124 0.0662108 67452 0.366217
40.1149 0.0659779 66528 0.364929
40.2191 0.0656903 68462 0.363338
40.3222 0.0656821 68400 0.363293
40.4256 0.0650252 67236 0.35966
40.53 0.0650703 71910 0.359909
40.6363 0.0648995 69744 0.358965
40.7386 0.0647962 68088 0.358393
40.8419 0.0634635 70250 0.351022
40.9466 0.0640677 72744 0.354364
41.053 0.0633002 71928 0.350119
41.159 0.0631478 72534 0.349276
41.2646 0.0628771 73560 0.347779
41.3712 0.0623564 73988 0.344898
41.4772 0.0618112 73062 0.341883
41.5831 0.0617639 75336 0.341621
41.6906 0.0609635 75648 0.337194
41.7987 0.0613642 76458 0.339411
41.906 0.0610298 76904 0.337561
42.0139 0.0606865 76368 0.335662
42.1216 0.0602708 78222 0.333363
42.2297 0.0598449 77940 0.331007
42.3371 0.0601271 77832 0.332568
42.4472 0.0594936 81494 0.329064
42.5562 0.0591104 79440 0.326945
42.6659 0.058926 80940 0.325925
42.7753 0.0587199 81390 0.324785
42.8856 0.0580901 82848 0.321301
42.996 0.057777 81806 0.31957
43.1072 0.0575498 85044 0.318313
43.2176 0.0574906 82608 0.317985
43.3292 0.0569825 85470 0.315175
43.4392 0.0570467 83400 0.31553
43.5506 0.0564714 86876 0.312348
43.6633 0.0558988 87198 0.309181
43.7751 0.0559865 85608 0.309666
43.8881 0.0554429 91104 0.306659
44.0026 0.0548886 86946 0.303593
44.1136 0.0550216 88808 0.304329
44.2274 0.0548553 90360 0.303409
44.3405 0.0544099 89958 0.300946
44.4551 0.0542909 92916 0.300287
44.5696 0.0536216 91046 0.296585
44.6839 0.0540125 93384 0.298748
44.7984 0.0530622 92880 0.293492
44.9142 0.0532575 95082 0.294571
45.0292 0.0524013 94464 0.289836
45.1451 0.052533 95792 0.290565
45.2606 0.0525289 95370 0.290542
45.3774 0.0519141 99624 0.287141
45.4939 0.0520749 94824 0.288031
45.6102 0.0513013 101094 0.283752
45.7283 0.0512775 98756 0.28362
45.8464 0.0513234 101550 0.283874
45.9653 0.0507064 101520 0.280461
46.083 0.0507013 101088 0.280433
46.201 0.0505177 101618 0.279418
46.3191 0.0498723 104568 0.275848
46.4392 0.0494373 103566 0.273442
46.5579 0.0492552 105168 0.272435
46.6782 0.0490953 106692 0.27155
46.7986 0.048965 106046 0.27083
46.9191 0.048598 108960 0.2688
47.0397 0.0481762 106548 0.266466
47.1601 0.0482178 109806 0.266697
47.281 0.0484675 109328 0.268078
47.4019 0.0479935 109854 0.265456
47.524 0.0475199 112884 0.262837
47.6471 0.0469782 113832 0.25984
47.7703 0.0467472 112518 0.258563
47.8919 0.0463645 113624 0.256446
48.0151 0.0466005 115434 0.257751
48.1378 0.0461417 115056 0.255214
48.2625 0.0456108 119808 0.252277
48.388 0.0459076 116786 0.253919
48.5109 0.0454374 118488 0.251318
48.6355 0.0453234 118398 0.250687
48.7605 0.0449169 122640 0.248439
48.8868 0.0447663 121620 0.247606
49.0127 0.044222 122126 0.244596
49.1384 0.0440457 123888 0.243621
49.2648 0.0440554 123714 0.243674
49.3907 0.0433731 125088 0.2399
49.5181 0.0437793 127424 0.242147
49.6456 0.043236 126222 0.239142
49.7726 0.0431343 128676 0.23858
49.9009 0.0428233 129126 0.236859
50.0299 0.0426918 132056 0.236132
50.1588 0.0426468 130308 0.235883
50.2871 0.0419518 131814 0.232039
50.4164 0.0419601 133728 0.232085
50.5457 0.0419345 133574 0.231943
50.6763 0.0412889 137772 0.228372
50.806 0.0411851 132888 0.227798
50.9364 0.0411003 140166 0.227329
51.0677 0.040832 137484 0.225845
51.199 0.0407156 140270 0.225202
51.33 0.0404373 138696 0.223662
51.4617 0.0403172 143286 0.222998
51.5948 0.0403183 143436 0.223004
51.728 0.0397093 144680 0.219636
51.8612 0.039582 144654 0.218932
51.9944 0.0393218 146772 0.217492
52.1276 0.0391963 145710 0.216798
52.2609 0.0390673 148880 0.216085
52.3956 0.038842 149556 0.214838
52.5302 0.0386531 151326 0.213794
52.6653 0.0382568 151704 0.211602
52.8005 0.0380447 152342 0.210429
52.9367 0.0377629 156876 0.20887
53.0737 0.0378155 154398 0.209161
53.2091 0.037474 156744 0.207272
53.3461 0.0377173 157274 0.208617
53.4833 0.0371892 160416 0.205696
53.6213 0.0369826 161016 0.204554
53.7601 0.03686 162258 0.203876
53.8972 0.0367397 160880 0.20321
54.0355 0.0363889 164310 0.20127
54.1742 0.0364165 165780 0.201423
54.3141 0.0362478 167454 0.20049
54.4533 0.0359558 166520 0.198875
54.5929 0.0359112 169290 0.198628
54.7333 0.0354546 171552 0.196102
54.8742 0.0353208 171120 0.195362
55.0156 0.0351532 174734 0.194435
55.1569 0.0348188 173628 0.192585
55.2995 0.0346189 177438 0.19148
55.4406 0.0343984 174728 0.19026
55.5832 0.0343541 180474 0.190015
55.7266 0.0342312 179904 0.189336
55.8696 0.034124 180726 0.188743
56.0132 0.0336875 183932 0.186329
56.1569 0.0338166 182328 0.187042
56.3011 0.033508 187350 0.185335
56.4471 0.033276 188676 0.184052
56.5927 0.0331587 187766 0.183404
56.7371 0.0328154 189408 0.181505
56.8838 0.0329473 192594 0.182234
57.0301 0.0323402 193632 0.178876
57.1771 0.0323916 194030 0.179161
57.3236 0.03224 195852 0.178322
57.4711 0.0320858 197070 0.177469
57.618 0.0319069 198416 0.17648
57.7665 0.0318238 201018 0.17602
57.9147 0.0313837 201744 0.173586
58.0633 0.0312682 202806 0.172947
58.2129 0.0312666 207212 0.172938
58.3628 0.0311122 205614 0.172084
58.5129 0.0310267 210096 0.171611
58.6636 0.0308934 208812 0.170874
58.8139 0.0307018 211502 0.169814
58.965 0.0303505 213912 0.167871
59.1179 0.0302282 217362 0.167194
59.2701 0.0300782 215360 0.166365
59.4221 0.0298509 218526 0.165108
59.5747 0.0297199 219300 0.164383
59.7282 0.0295411 222726 0.163394
59.8809 0.0293331 221480 0.162244
60.0349 0.0292565 225978 0.16182
60.1888 0.0290107 225192 0.160461
60.3444 0.0290181 232382 0.160501
60.4997 0.0289161 228348 0.159937
60.6552 0.0287303 232974 0.15891
60.8106 0.0285566 232524 0.157949
60.9674 0.0284343 238310 0.157273
61.1244 0.0283249 236064 0.156668
61.2815 0.0280064 240498 0.154906
61.4388 0.0279625 240536 0.154663
61.5968 0.0277919 243174 0.153719
61.7548 0.0277654 244452 0.153573
61.9144 0.0276124 249678 0.152727
62.0739 0.0275506 248432 0.152385
62.234 0.0272777 251682 0.150875
62.3932 0.0271425 250032 0.150127
62.5527 0.0269707 254126 0.149177
62.7132 0.026978 256788 0.149218
62.8757 0.0267571 261654 0.147995
63.0381 0.0267471 260676 0.14794
63.1996 0.0264725 260846 0.146422
63.3622 0.02634 267240 0.145689
63.5255 0.0262177 264810 0.145012
63.6877 0.0262987 267560 0.145461
63.8519 0.0259517 273894 0.143541
64.0167 0.0257935 271554 0.142666
64.1806 0.0257567 274616 0.142463
64.3453 0.0255907 276426 0.141544
64.5106 0.0255355 280896 0.141239
64.6769 0.0254298 280286 0.140654
64.843 0.0252588 284748 0.139708
65.0109 0.025037 288774 0.138482
65.1777 0.024983 285264 0.138183
65.3455 0.0248738 292730 0.137579
65.5132 0.0247472 289776 0.136879
65.6811 0.0246409 295314 0.136291
65.8496 0.0245788 296288 0.135948
66.0197 0.0244111 302190 0.13502
66.1897 0.0241917 300564 0.133806
66.3601 0.0240497 305702 0.133021
66.5303 0.0240135 303510 0.132821
66.7004 0.0238934 308652 0.132156
66.873 0.0237259 314558 0.13123
67.0452 0.0236196 311988 0.130642
67.2167 0.0235418 314166 0.130212
67.3893 0.0233671 319856 0.129245
67.5627 0.0232084 319770 0.128367
67.736 0.0231851 323448 0.128239
67.9099 0.0229638 324522 0.127015
68.0843 0.0229063 329726 0.126696
68.2601 0.0228236 332016 0.126239
68.4362 0.0226919 334626 0.125511
68.612 0.0225898 335168 0.124946
68.7884 0.022528 338658 0.124604
68.9655 0.0223646 343800 0.1237
69.1432 0.0223421 342110 0.123576
69.3207 0.0221558 347556 0.122545
69.4995 0.021972 350334 0.121529
69.6777 0.0218781 349538 0.12101
69.8564 0.0217081 355776 0.120069
70.0364 0.0216681 357534 0.119848
70.2163 0.0215887 360068 0.119409
70.3968 0.0215203 362454 0.11903
70.5773 0.0212854 365028 0.117731
70.7588 0.0211151 369782 0.11679
70.9406 0.0210852 369918 0.116624
71.1227 0.0210357 374796 0.11635
71.3065 0.0207983 379982 0.115037
71.4899 0.0207881 378780 0.114981
71.6738 0.0207012 384414 0.1145
71.8578 0.0204581 383942 0.113155
72.0427 0.020439 392340 0.11305
72.2278 0.0203773 387750 0.112708
72.4132 0.0203243 398828 0.112415
72.5999 0.020102 396150 0.111186
72.7859 0.0200546 401364 0.110923
72.9733 0.020017 405398 0.110716
73.1618 0.0198218 409662 0.109636
73.3494 0.0197697 407364 0.109348
73.5378 0.0196696 414878 0.108794
73.7266 0.0195928 415908 0.108369
73.9161 0.0195217 421094 0.107976
74.1066 0.0193337 424146 0.106936
74.2971 0.0192686 426792 0.106576
74.4885 0.0191111 431078 0.105705
74.6798 0.0190913 431538 0.105596
74.8715 0.0189479 438096 0.104803
75.0646 0.0188902 440258 0.104483
75.2577 0.0187204 444936 0.103544
75.4513 0.0186503 445530 0.103157
75.645 0.0185654 451022 0.102687
75.8399 0.018423 455808 0.101899
76.0354 0.0183836 457122 0.101681
76.2304 0.0182958 459488 0.101195
76.4264 0.0182214 466050 0.100784
76.6232 0.0180939 467550 0.100079
76.8199 0.0180154 471692 0.0996449
77.0177 0.0179328 476262 0.0991877
77.2151 0.0178394 475634 0.0986713
77.4132 0.017815 484896 0.0985363
77.6125 0.0176169 484782 0.0974404
77.8115 0.0174857 489914 0.0967151
78.0117 0.0173915 495264 0.096194
78.2131 0.017328 500082 0.0958429
78.4143 0.0172625 500456 0.0954806
78.6159 0.0171779 506682 0.0950123
78.8177 0.0170798 507134 0.0944697
79.0203 0.0169862 516012 0.093952
79.2243 0.0169581 518838 0.0937968
79.4272 0.0168426 515978 0.0931579
79.6311 0.0167525 530376 0.0926595
79.8371 0.0167086 529734 0.0924168
80.0421 0.0165573 532778 0.0915797
80.2477 0.0164902 537816 0.0912088
80.4541 0.0163825 541322 0.0906128
80.6607 0.0162988 546414 0.0901502
80.8685 0.0162284 551916 0.0897606
81.0764 0.0161935 553094 0.0895674
81.2845 0.0161302 558474 0.0892174
81.4935 0.0160045 564552 0.0885223
81.7033 0.0159132 566498 0.088017
81.913 0.0158181 571878 0.087491
82.1239 0.0157992 577724 0.0873865
82.3355 0.0156856 582438 0.0867584
82.5465 0.0156051 579690 0.0863133
82.758 0.0154875 592112 0.0856628
82.9721 0.015415 598134 0.0852619
83.1855 0.0153458 596618 0.0848788
83.3989 0.0152622 603792 0.0844163
83.6131 0.0152045 606738 0.0840972
83.8282 0.0151429 614870 0.0837564
84.044 0.0150956 617940 0.0834951
84.2603 0.0150014 623510 0.082974
84.477 0.0149567 626322 0.0827266
84.6934 0.0148598 629328 0.0821909
84.911 0.0147725 639050 0.081708
85.1297 0.0147171 641766 0.0814013
85.3485 0.0146644 647306 0.0811101
85.5682 0.0145798 653112 0.0806424
85.7884 0.0144689 656874 0.0800286
86.0089 0.0144204 662126 0.0797606
86.2299 0.0143264 666780 0.0792407
86.4514 0.0142872 670934 0.0790235
86.6737 0.0141668 679698 0.0783576
86.8964 0.0141042 680064 0.0780113
87.12 0.014 691682 0.0774351
87.3448 0.0139477 694686 0.0771461
87.569 0.0139334 695450 0.0770666
87.7937 0.0138737 705840 0.0767363
88.0203 0.0137595 712314 0.0761047
88.2462 0.0137149 710150 0.0758582
88.4726 0.0136229 723276 0.0753492
88.7001 0.0135634 723230 0.0750202
88.9284 0.0134807 736218 0.0745631
89.1579 0.0134205 738662 0.0742301
89.3867 0.0133246 740364 0.0736993
89.6161 0.0132413 748398 0.0732385
89.8463 0.0131794 753290 0.0728965
90.0772 0.0131273 762138 0.0726084
90.3085 0.0130608 763784 0.0722405
90.5413 0.0130498 778170 0.0721797
90.7746 0.0129675 776006 0.0717244
91.0075 0.0128954 783738 0.0713255
91.2418 0.0128529 794256 0.0710903
91.4765 0.0127442 792962 0.0704895
91.7111 0.0127171 801846 0.0703391
91.9473 0.0126588 813170 0.0700169
92.1839 0.0125337 812880 0.0693249
92.4211 0.0125188 824282 0.0692424
92.6591 0.0124487 827622 0.068855
92.8972 0.0123826 834186 0.0684893
93.1361 0.0123037 841472 0.0680525
93.375 0.0122459 841890 0.067733
93.6147 0.0121642 856262 0.0672811
93.8558 0.0121443 861042 0.0671711
94.0972 0.012043 867476 0.0666111
94.3397 0.0120244 877470 0.0665081
94.5823 0.0119479 876842 0.066085
94.8248 0.0118704 886686 0.0656561
95.0688 0.0117884 896130 0.0652024
95.3133 0.0117439 899528 0.0649565
95.5582 0.0116366 908634 0.0643628
95.804 0.011626 915134 0.0643042
96.0501 0.0115517 920034 0.0638936
96.2972 0.0115017 933212 0.0636169
96.545 0.0114237 933582 0.0631853
96.7929 0.0113474 944786 0.0627633
97.0421 0.0112932 952422 0.0624636
97.2918 0.0112419 958850 0.06218
97.5418 0.0111964 964152 0.061928
97.7929 0.011143 977106 0.0616327
98.0448 0.0110944 980390 0.0613642
98.2967 0.0110171 987162 0.0609364
98.5494 0.0109868 997082 0.0607687
98.803 0.0109641 1005240 0.0606436
99.0568 0.0108599 1008218 0.060067
99.3112 0.0108063 1020270 0.0597703
99.567 0.0107605 1029386 0.0595172
99.8227 0.0107033 1030422 0.059201
100.079 0.0106571 1048556 0.0589455
100.337 0.0106023 1044762 0.0586421
100.594 0.0105466 1061342 0.0583339
100.853 0.0104755 1066122 0.0579411
101.112 0.0104533 1080278 0.0578179
101.372 0.0103851 1080882 0.0574407
101.633 0.0103202 1095860 0.057082
101.895 0.0102664 1101246 0.0567845
102.156 0.0102431 1105722 0.0566557
102.419 0.0101677 1122854 0.0562385
102.683 0.0101191 1122522 0.0559695
102.946 0.0100667 1135754 0.0556799
103.211 0.0100278 1146096 0.0554645
103.476 0.00999219 1150154 0.0552677
103.743 0.00994165 1165614 0.0549881
104.01 0.00990001 1169954 0.0547578
104.276 0.00983978 1174794 0.0544247
104.544 0.00978806 1188782 0.0541386
104.813 0.00973786 1202250 0.0538609
105.083 0.00968319 1207520 0.0535586
105.354 0.00960974 1221258 0.0531523
105.624 0.00955583 1222682 0.0528541
105.896 0.00954382 1236822 0.0527877
106.168 0.00947172 1245962 0.0523889
106.441 0.00940937 1251582 0.052044
106.714 0.00937281 1263914 0.0518418
106.989 0.00930151 1277892 0.0514474
107.264 0.009255 1287302 0.0511902
107.541 0.00922039 1295394 0.0509987
107.817 0.00917709 1300334 0.0507593
108.094 0.00911021 1315458 0.0503894
108.372 0.00906387 1325810 0.050133
108.651 0.00904149 1334190 0.0500092
108.93 0.0089889 1343954 0.0497184
109.21 0.00892507 1357794 0.0493653
109.491 0.00888414 1363328 0.0491389
109.771 0.00884162 1371210 0.0489037
110.054 0.0087761 1394666 0.0485413
110.338 0.00874801 1396910 0.048386
110.621 0.00869226 1410546 0.0480776
110.906 0.00866384 1416590 0.0479204
111.19 0.00861303 1429794 0.0476394
111.477 0.00857738 1449338 0.0474422
111.764 0.00852688 1451382 0.0471629
112.051 0.00847663 1459178 0.0468849
112.338 0.00844214 1474866 0.0466942
112.627 0.008407 1486952 0.0464998
112.917 0.00836835 1500402 0.046286
113.208 0.00830151 1512098 0.0459163
113.499 0.0082743 1521486 0.0457658
113.791 0.00821491 1531346 0.0454373
114.083 0.00817174 1544826 0.0451986
114.376 0.0081368 1556654 0.0450053
114.67 0.00808804 1570562 0.0447356
114.965 0.0080583 1579914 0.0445711
115.261 0.00802234 1598798 0.0443722
115.558 0.0079817 1603074 0.0441475
115.855 0.00793743 1620794 0.0439026
116.153 0.00789672 1631262 0.0436774
116.451 0.00785242 1639754 0.0434324
116.751 0.00783034 1658106 0.0433103
117.051 0.00777512 1667510 0.0430049
117.351 0.00772928 1679754 0.0427513
117.653 0.00769355 1698164 0.0425536
117.956 0.00765135 1707206 0.0423203
118.259 0.00761215 1717866 0.0421034
118.563 0.0075644 1737602 0.0418393
118.868 0.00752742 1745166 0.0416348
119.174 0.00748637 1768226 0.0414078
119.48 0.00744691 1771986 0.0411895
119.788 0.00741258 1789838 0.0409996
120.096 0.00739831 1802874 0.0409207
120.404 0.00736537 1814282 0.0407385
120.714 0.00731271 1834154 0.0404472
121.024 0.00726738 1843710 0.0401965
121.336 0.00721793 1859306 0.039923
121.647 0.00719761 1870050 0.0398106
121.96 0.0071578 1891334 0.0395904
122.274 0.00711713 1898490 0.0393655
122.588 0.00706934 1921898 0.0391011
122.903 0.00704937 1926590 0.0389907
123.219 0.00700968 1950426 0.0387711
123.536 0.00697102 1966178 0.0385573
123.854 0.00694162 1973922 0.0383947
124.172 0.0068918 1991942 0.0381191
124.492 0.00686019 2008394 0.0379443
124.811 0.00683127 2021802 0.0377843
125.132 0.00678298 2039858 0.0375172
125.454 0.00674397 2057670 0.0373015
125.777 0.00671764 2069354 0.0371558
126.1 0.00666794 2086922 0.036881
126.424 0.00663588 2101206 0.0367036
126.75 0.00659918 2122514 0.0365006
127.076 0.00655186 2133600 0.0362389
127.402 0.0065215 2148026 0.036071
127.73 0.00648614 2177030 0.0358754
128.059 0.00645001 2183874 0.0356756
128.387 0.00641244 2194802 0.0354677
128.717 0.00637903 2228706 0.0352829
129.049 0.00635427 2238902 0.035146
129.381 0.00632585 2249906 0.0349888
129.713 0.00629118 2273034 0.0347971
130.047 0.00625214 2286386 0.0345811
130.381 0.00621828 2303982 0.0343939
130.716 0.0061779 2326394 0.0341705
131.052 0.00615138 2342522 0.0340238
131.389 0.00611792 2361450 0.0338387
131.727 0.00608165 2375606 0.0336381
132.066 0.00604733 2398010 0.0334483
132.405 0.00601918 2411016 0.0332926
132.746 0.00597963 2442266 0.0330738
133.087 0.00594916 2449086 0.0329053
133.429 0.00591579 2476418 0.0327207
133.772 0.0058853 2484818 0.0325521
134.116 0.00584923 2516802 0.0323526
134.461 0.00581789 2530442 0.0321792
134.807 0.00579208 2554382 0.0320365
135.154 0.00576042 2565978 0.0318614
135.502 0.00573029 2590778 0.0316947
135.85 0.00570104 2606874 0.0315329
136.199 0.00567751 2631164 0.0314028
136.549 0.00564116 2649554 0.0312017
136.9 0.005613 2666754 0.031046
137.252 0.00557544 2693714 0.0308382
137.606 0.00554473 2715650 0.0306684
137.959 0.00552376 2725038 0.0305524
138.313 0.00549638 2755226 0.0304009
138.669 0.00547488 2773802 0.030282
139.026 0.00544463 2798760 0.0301147
139.383 0.00541882 2820002 0.0299719
139.742 0.0053834 2837054 0.029776
140.101 0.00537067 2870922 0.0297056
140.462 0.00533719 2881346 0.0295205
140.823 0.0053049 2902394 0.0293419
141.185 0.00527684 2928498 0.0291866
141.547 0.00525067 2947664 0.0290419
141.911 0.00522024 2979758 0.0288736
142.277 0.00518922 2998434 0.028702
142.643 0.00516201 3024578 0.0285515
143.01 0.00513572 3043514 0.0284061
143.377 0.00512053 3061818 0.0283221
143.746 0.00508375 3091868 0.0281186
144.115 0.00505774 3114722 0.0279748
144.486 0.00502975 3143634 0.02782
144.857 0.00501471 3160586 0.0277368
145.23 0.00497622 3184658 0.0275239
145.603 0.00495418 3222000 0.027402
145.978 0.00493022 3231974 0.0272695
146.353 0.00491662 3262802 0.0271942
146.729 0.00488988 3286002 0.0270463
147.106 0.00486122 3312602 0.0268878
147.485 0.00483575 3337568 0.0267469
147.864 0.00480627 3366362 0.0265839
148.244 0.00477887 3396018 0.0264323
148.625 0.00476063 3408926 0.0263315
149.007 0.00473438 3444482 0.0261863
149.39 0.00470271 3467784 0.0260111
149.774 0.0046797 3498770 0.0258838
150.16 0.00466148 3524282 0.025783
150.546 0.00463348 3548354 0.0256282
150.933 0.00461587 3580968 0.0255308
151.321 0.00459217 3607658 0.0253997
151.71 0.00456483 3634646 0.0252485
152.1 0.00454632 3660666 0.0251461
152.491 0.00451015 3689696 0.024946
152.884 0.00449407 3722978 0.0248571
153.277 0.00447458 3749090 0.0247493
153.671 0.00444864 3773754 0.0246058
154.066 0.00442762 3805976 0.0244896
154.462 0.0044049 3833522 0.0243639
154.859 0.00438614 3862434 0.0242601
155.257 0.00436745 3903374 0.0241567
155.657 0.00434127 3917240 0.0240119
156.057 0.00432264 3961082 0.0239089
156.458 0.00430539 3985818 0.0238135
156.861 0.0042806 4017122 0.0236764
157.264 0.00425726 4050344 0.0235473
157.668 0.00424018 4079402 0.0234528
158.073 0.00421225 4102290 0.0232983
158.48 0.00419345 4147256 0.0231943
158.887 0.00416991 4173074 0.0230641
159.296 0.00415303 4204082 0.0229708
159.705 0.00413045 4241100 0.0228459
160.116 0.0041061 4268354 0.0227112
160.528 0.00408458 4310354 0.0225921
160.94 0.00406494 4336802 0.0224835
161.354 0.00404659 4373568 0.0223821
161.769 0.00402085 4401866 0.0222396
162.185 0.00399613 4440074 0.0221029
162.602 0.00397825 4476560 0.022004
163.02 0.00396148 4509378 0.0219113
163.44 0.00394006 4546658 0.0217928
163.86 0.00391772 4583720 0.0216692
164.282 0.00389861 4613090 0.0215635
164.704 0.00388122 4650386 0.0214674
165.127 0.00385306 4686120 0.0213116
165.552 0.00383751 4713410 0.0212256
165.977 0.00381179 4757864 0.0210834
166.404 0.00379961 4793786 0.0210159
166.832 0.00377171 4840422 0.0208616
167.261 0.00375495 4868024 0.0207689
167.691 0.00373788 4904978 0.0206745
168.122 0.0037252 4946690 0.0206044
168.554 0.00370217 4985120 0.020477
168.988 0.00368683 5023338 0.0203922
169.423 0.00367074 5067146 0.0203032
169.858 0.00364623 5094296 0.0201676
170.295 0.00362673 5139554 0.0200598
170.733 0.00360996 5182520 0.019967
171.172 0.00359226 5223618 0.0198691
171.612 0.00357013 5252786 0.0197467
172.053 0.00355097 5301128 0.0196407
172.496 0.00353332 5349314 0.0195431
172.939 0.00351473 5379920 0.0194402
173.384 0.00350518 5428778 0.0193875
173.83 0.00347879 5458488 0.0192415
174.277 0.00347054 5513570 0.0191959
174.725 0.00344826 5549522 0.0190726
175.174 0.00343079 5588936 0.018976
175.624 0.00341285 5646746 0.0188768
176.076 0.00339403 5677520 0.0187727
176.529 0.00337938 5723130 0.0186916
176.982 0.00336289 5769560 0.0186004
177.438 0.00334249 5817050 0.0184876
177.894 0.00332739 5857202 0.0184041
178.351 0.00330675 5906408 0.0182899
178.81 0.00328986 5946794 0.0181965
179.27 0.00327353 6000396 0.0181062
179.731 0.00325878 6038906 0.0180246
180.193 0.00324198 6091256 0.0179317
180.656 0.00322441 6140858 0.0178345
181.121 0.00320777 6177776 0.0177424
181.586 0.00319328 6239738 0.0176623
182.053 0.00317752 6270456 0.0175752
182.521 0.00316103 6326018 0.0174839
182.991 0.00314026 6384392 0.017369
183.461 0.00312295 6427970 0.0172733
183.933 0.00310877 6477032 0.0171949
184.406 0.00309262 6519386 0.0171055
184.88 0.00307264 6578144 0.016995
185.355 0.00306122 6629210 0.0169319
185.832 0.00304461 6675720 0.01684
186.31 0.00302873 6738554 0.0167521
186.789 0.00301226 6772208 0.0166611
187.269 0.00299807 6835742 0.0165826
187.75 0.0029848 6893840 0.0165092
188.233 0.00296209 6937658 0.0163835
188.717 0.00295146 6992360 0.0163248
189.202 0.00293828 7055024 0.0162519
189.689 0.00292463 7095962 0.0161764
190.176 0.00291089 7160064 0.0161004
190.666 0.00289623 7221338 0.0160193
191.156 0.00288394 7261952 0.0159513
191.647 0.00287052 7331066 0.0158771
192.14 0.00285253 7376108 0.0157776
192.634 0.00283578 7444178 0.0156849
193.13 0.0028212 7498544 0.0156043
193.626 0.00280569 7553096 0.0155185
194.124 0.00279032 7605074 0.0154335
194.623 0.00277583 7677224 0.0153533
195.123 0.00276378 7730426 0.0152867
195.625 0.00274882 7797984 0.0152039
196.128 0.00273252 7853588 0.0151138
196.633 0.00271884 7911458 0.0150381
197.138 0.00270757 7965872 0.0149758
197.645 0.00269153 8040818 0.0148871
198.153 0.00267967 8091080 0.0148215
198.663 0.00266824 8170088 0.0147583
199.174 0.00265268 8227610 0.0146722
199.686 0.00263959 8278412 0.0145998
200.199 0.00262349 8352296 0.0145107
200.714 0.00261135 8419322 0.0144436
201.23 0.00259646 8471912 0.0143613
201.747 0.00258129 8540552 0.0142773
202.266 0.00257258 8612762 0.0142292
202.786 0.00255618 8694428 0.0141384
203.308 0.00254439 8739866 0.0140733
203.831 0.0025327 8821520 0.0140086
204.355 0.00251687 8874512 0.013921
204.88 0.00250233 8948306 0.0138406
205.407 0.00249283 9023400 0.0137881
205.935 0.00247883 9093620 0.0137106
206.465 0.00246887 9151952 0.0136555
206.995 0.00245751 9229178 0.0135927
207.527 0.0024434 9302240 0.0135147
208.061 0.00243168 9377192 0.0134498
208.596 0.00242151 9446270 0.0133936
209.133 0.00240718 9521792 0.0133143
209.67 0.00239412 9588752 0.0132421
210.209 0.00238272 9670178 0.013179
210.75 0.00237146 9742832 0.0131167
211.292 0.00235865 9819980 0.0130459
211.835 0.00234671 9888560 0.0129799
212.38 0.00233459 9971810 0.0129128
212.926 0.00232407 10045688 0.0128546
213.474 0.0023108 10131500 0.0127812
214.022 0.00229844 10193840 0.0127129
214.573 0.00228787 10289138 0.0126544
215.125 0.002275 10359176 0.0125832
215.677 0.00226489 10435556 0.0125273
216.232 0.00225221 10527032 0.0124572
216.788 0.00223805 10604282 0.0123788
217.345 0.00222761 10681544 0.0123211
217.904 0.0022152 10773116 0.0122525
218.465 0.0022027 10854352 0.0121833
219.026 0.0021941 10925264 0.0121358
219.589 0.00218012 11022962 0.0120584
220.154 0.00216912 11104076 0.0119976
220.72 0.00216099 11198888 0.0119526
221.288 0.0021526 11274560 0.0119062
221.857 0.00214021 11362352 0.0118377
222.427 0.00212797 11450918 0.01177
222.999 0.00211437 11540792 0.0116948
223.573 0.00210148 11638856 0.0116235
224.147 0.0020927 11715836 0.0115749
224.724 0.00208218 11809448 0.0115167
225.302 0.00207187 11906312 0.0114597
225.881 0.00206135 11989478 0.0114015
226.462 0.00204961 12091352 0.0113366
227.044 0.00204131 12185264 0.0112906
227.628 0.00202944 12267320 0.011225
228.213 0.00201952 12372476 0.0111702
228.8 0.00200977 12468856 0.0111162
229.388 0.00199969 12568520 0.0110604
229.978 0.00198873 12652574 0.0109998
230.569 0.0019777 12752984 0.0109388
231.162 0.00196721 12859160 0.0108808
231.756 0.00195685 12949244 0.0108235
232.352 0.00194782 13055168 0.0107736
232.95 0.0019392 13151840 0.0107259
233.549 0.00192917 13271996 0.0106704
234.149 0.00192014 13354232 0.0106204
234.751 0.00190953 13465052 0.0105618
235.355 0.0018999 13566064 0.0105085
235.96 0.00188945 13671944 0.0104507
236.567 0.00187884 13776566 0.010392
237.175 0.00186973 13890512 0.0103417
237.785 0.00185959 13999112 0.0102856
238.397 0.00184925 14097908 0.0102283
239.009 0.00184005 14203280 0.0101775
239.624 0.00182943 14324084 0.0101187
240.24 0.00182033 14438080 0.0100684
240.858 0.00181189 14534936 0.0100217
241.477 0.00180305 14653316 0.00997283
242.098 0.00179231 14776880 0.00991341
242.721 0.00178485 14873084 0.00987218
243.345 0.00177447 15008984 0.00981473
243.971 0.00176336 15105272 0.00975328
244.598 0.00175418 15237076 0.00970249
245.227 0.0017454 15350984 0.00965394
245.857 0.00173607 15445892 0.00960233
246.489 0.00172636 15598592 0.00954862
247.123 0.0017176 15704288 0.00950018
247.759 0.00170938 15842660 0.0094547
248.396 0.00170079 15932848 0.00940721
249.034 0.00169068 16083092 0.00935127
249.675 0.00168306 16195904 0.00930912
250.317 0.00167495 16313708 0.00926428
250.96 0.00166467 16448672 0.00920743
251.605 0.0016543 16589012 0.00915007
252.252 0.00164562 16698160 0.00910204
252.901 0.00163679 16835390 0.00905322
253.551 0.00162837 16968356 0.00900664
254.203 0.00161975 17101592 0.00895898
254.857 0.00161101 17226524 0.00891062
255.513 0.00160129 17365816 0.00885688
256.169 0.00159285 17485796 0.00881017
256.828 0.00158522 17631224 0.00876796
257.488 0.00157807 17771780 0.00872846
258.151 0.00156998 17908096 0.00868368
258.814 0.00156066 18033524 0.00863213
259.479 0.00155363 18177278 0.00859323
260.147 0.00154574 18323780 0.00854964
260.816 0.00153908 18474272 0.00851277
261.486 0.00153091 18609292 0.00846757
262.159 0.00152257 18751232 0.00842147
262.833 0.00151514 18896948 0.00838037
263.509 0.00150746 19043600 0.0083379
264.186 0.00149925 19187434 0.00829248
264.866 0.00149179 19343312 0.00825122
265.547 0.00148275 19484900 0.00820119
266.229 0.00147604 19639040 0.00816408
266.914 0.00146809 19790812 0.00812013
267.6 0.00146135 19944428 0.00808284
268.288 0.00145327 20083934 0.00803815
268.978 0.00144517 20264708 0.00799333
269.67 0.00143917 20416744 0.00796018
270.363 0.00143198 20561780 0.00792041
271.058 0.00142398 20722592 0.00787618
271.755 0.00141779 20897122 0.00784193
272.454 0.00140882 21038948 0.00779231
273.155 0.00140092 21220016 0.00774858
273.857 0.00139414 21375740 0.00771112
274.561 0.00138696 21538654 0.00767138
275.267 0.00137955 21710852 0.00763042
275.975 0.00137302 21863168 0.00759428
276.684 0.00136585 22042780 0.00755466
277.396 0.00135872 22225562 0.00751522
278.109 0.00135286 22374104 0.00748276
278.824 0.00134634 22567564 0.00744674
279.541 0.0013378 22732424 0.0073995
280.26 0.00133179 22921610 0.00736626
280.981 0.0013256 23086564 0.00733198
281.703 0.00131915 23262032 0.00729635
282.427 0.0013117 23433890 0.00725512
283.153 0.00130512 23636092 0.00721875
283.882 0.00129797 23824040 0.00717919
284.612 0.00129258 23985218 0.00714935
285.343 0.00128503 24179260 0.0071076
286.077 0.00127857 24376712 0.00707187
286.813 0.00127129 24544178 0.00703162
287.55 0.00126464 24753748 0.00699482
288.29 0.00125761 24937064 0.00695594
289.031 0.00125249 25134674 0.00692761
289.774 0.00124456 25307668 0.00688379
290.519 0.00123979 25517864 0.0068574
291.266 0.00123277 25728626 0.00681856
292.015 0.00122665 25893652 0.00678471
292.766 0.00121964 26127710 0.00674595
293.519 0.0012121 26319604 0.00670425
294.273 0.00120599 26520908 0.00667044
295.03 0.00120019 26726654 0.00663837
295.788 0.00119492 26929204 0.0066092
296.549 0.0011883 27145994 0.00657257
297.312 0.00118144 27352564 0.00653465
298.076 0.00117587 27572150 0.00650385
298.843 0.00116898 27769916 0.00646573
299.611 0.00116352 27998308 0.00643552
300.382 0.0011579 28207190 0.00640447
301.154 0.00115086 28426180 0.0063655
301.928 0.00114599 28624130 0.00633858
302.704 0.00113956 28896460 0.00630302
303.483 0.00113379 29080694 0.00627111
304.263 0.00112712 29319836 0.00623417
305.046 0.00112158 29532394 0.00620357
305.83 0.00111547 29767340 0.00616978
306.616 0.00110997 30014194 0.00613933
307.405 0.0011045 30224432 0.0061091
308.195 0.00109868 30473410 0.0060769
308.988 0.0010925 30702596 0.00604271
309.782 0.00108565 30930418 0.00600481
310.578 0.00108089 31176008 0.0059785
311.377 0.0010754 31426922 0.00594815
312.178 0.00106934 31653868 0.0059146
312.98 0.00106375 31911962 0.00588371
313.785 0.00105838 32153338 0.00585401
314.592 0.00105301 32400824 0.00582431
315.401 0.0010472 32673226 0.00579216
316.212 0.00104187 32897276 0.00576268
317.025 0.00103617 33149338 0.00573115
317.84 0.00103115 33432602 0.0057034
318.657 0.00102521 33673084 0.00567052
319.476 0.00102023 33919790 0.00564299
320.298 0.00101502 34217764 0.00561417
321.122 0.00100981 34469282 0.00558533
321.948 0.00100417 34723138 0.00555417
322.775 0.000998603 34993172 0.00552335
323.605 0.000993209 35281954 0.00549352
324.437 0.000989204 35524210 0.00547137
325.271 0.000983928 35815028 0.00544219
326.108 0.00097861 36103222 0.00541277
326.946 0.000973669 36363554 0.00538544
327.787 0.000967961 36666988 0.00535387
328.63 0.000963424 36930554 0.00532878
329.475 0.000957953 37232002 0.00529852
330.322 0.000953173 37512140 0.00527208
331.171 0.000948219 37794946 0.00524468
332.023 0.000943717 38093978 0.00521978
332.877 0.000938704 38400652 0.00519205
333.733 0.000933538 38670034 0.00516348
334.591 0.000929327 38996498 0.00514018
335.451 0.000924081 39277894 0.00511117
336.314 0.000920133 39591956 0.00508933
337.178 0.000914891 39888106 0.00506034
338.045 0.000909696 40208698 0.0050316
338.914 0.000905489 40517882 0.00500833
339.786 0.000900473 40820764 0.00498059
340.66 0.000895983 41154026 0.00495576
341.536 0.000890972 41459578 0.00492804
342.414 0.00088632 41788306 0.00490231
343.294 0.000882312 42081866 0.00488014
344.177 0.000877546 42446572 0.00485378
345.062 0.000872691 42763874 0.00482693
345.949 0.000868154 43094746 0.00480183
346.839 0.00086379 43426258 0.0047777
347.73 0.000859377 43752578 0.00475329
348.624 0.000854819 44101090 0.00472807
349.521 0.000850191 44436868 0.00470248
350.42 0.000845846 44782802 0.00467844
351.321 0.000841544 45128914 0.00465465
352.224 0.000837741 45483370 0.00463361
353.13 0.000833233 45816314 0.00460868
354.037 0.000828893 46188442 0.00458467
354.948 0.000824587 46553674 0.00456086
355.861 0.000820364 46895978 0.0045375
356.776 0.00081661 47266582 0.00451674
357.693 0.000812456 47633458 0.00449376
358.613 0.000808514 47988956 0.00447196
359.535 0.000804003 48376618 0.00444701
360.459 0.000799236 48746386 0.00442064
361.386 0.000795272 49117010 0.00439871
362.315 0.000790958 49488418 0.00437486
363.247 0.000786682 49895914 0.00435121
364.181 0.000783246 50262466 0.0043322
365.117 0.000778738 50665130 0.00430726
366.056 0.000774473 51039802 0.00428368
366.997 0.00077089 51446590 0.00426385
367.941 0.000766814 51844810 0.00424131
368.887 0.000763204 52248530 0.00422135
369.836 0.000759405 52642810 0.00420033
370.787 0.000755427 53061658 0.00417833
371.74 0.000751722 53477170 0.00415784
372.696 0.000748002 53869586 0.00413726
373.654 0.000744439 54282286 0.00411755
374.615 0.000741021 54713002 0.00409865
375.578 0.000737383 55139536 0.00407852
376.544 0.000733862 55571090 0.00405905
377.512 0.000730409 55982746 0.00403995
378.483 0.000726457 56420434 0.0040181
379.456 0.000723244 56893246 0.00400032
380.432 0.000719783 57287866 0.00398118
381.41 0.000716243 57743522 0.0039616
382.39 0.000713187 58181746 0.0039447
383.373 0.000709346 58643734 0.00392345
384.359 0.000706195 59099032 0.00390602
385.348 0.00070231 59564794 0.00388453
386.339 0.000699164 60009410 0.00386714
387.332 0.000695839 60480010 0.00384875
388.328 0.000692461 60944086 0.00383006
389.326 0.000688937 61411906 0.00381057
390.327 0.000686057 61897144 0.00379464
391.331 0.000682485 62377450 0.00377488
392.337 0.000679539 62855294 0.00375859
393.346 0.000676209 63328810 0.00374017
394.358 0.000673138 63845434 0.00372318
395.372 0.000669961 64315900 0.00370561
396.388 0.000666972 64821082 0.00368908
397.407 0.000663593 65323114 0.00367039
398.429 0.000660191 65803834 0.00365157
399.453 0.000657325 66337516 0.00363572
400.481 0.000654576 66866810 0.00362052
401.511 0.000651654 67364626 0.00360435
402.543 0.000648627 67877710 0.00358761
403.578 0.000645667 68429272 0.00357124
404.616 0.000642769 68934970 0.00355521
405.656 0.000639888 69468262 0.00353927
406.699 0.000636701 69998872 0.00352165
407.745 0.000633985 70555138 0.00350663
408.793 0.000631329 71098054 0.00349193
409.844 0.000628321 71666560 0.00347529
410.898 0.000625624 72194566 0.00346038
411.955 0.000623008 72762586 0.00344591
413.014 0.000620384 73331672 0.00343139
414.076 0.000617279 73882918 0.00341422
415.141 0.000614576 74467456 0.00339927
416.208 0.000612322 75008962 0.00338681
417.278 0.000609885 75649294 0.00337332
418.351 0.000607404 76200112 0.0033596
419.427 0.000604628 76798606 0.00334425
420.505 0.000602157 77363128 0.00333058
421.586 0.000600042 77993662 0.00331888
422.671 0.000597428 78583960 0.00330442
423.757 0.00059488 79193662 0.00329033
424.847 0.000592563 79812544 0.00327752
425.939 0.000590418 80441746 0.00326565
427.035 0.000588019 81027292 0.00325238
428.133 0.000585783 81674242 0.00324001
429.233 0.000583706 82306036 0.00322853
430.337 0.000581553 82931794 0.00321662
431.444 0.000579537 83595436 0.00320547
432.553 0.000577427 84226090 0.0031938
433.665 0.000575257 84905020 0.0031818
434.78 0.000573063 85521378 0.00316966
435.898 0.000571194 86208148 0.00315932
437.019 0.000569395 86867170 0.00314937
438.143 0.000567609 87522292 0.00313949
439.269 0.000565654 88222264 0.00312868
440.399 0.000564025 88892302 0.00311967
441.531 0.000562082 89582572 0.00310892
442.666 0.000560433 90272914 0.0030998
443.805 0.000558916 90984868 0.00309141
444.946 0.00055736 91689400 0.0030828
446.09 0.000555745 92388094 0.00307387
447.237 0.000554316 93094336 0.00306597
448.387 0.000552828 93815556 0.00305774
449.54 0.000551304 94551622 0.00304931
450.696 0.000549785 95291992 0.00304091
451.855 0.000548108 96010564 0.00303163
453.016 0.000546789 96766954 0.00302433
454.181 0.000545446 97501132 0.00301691
455.349 0.000544257 98254180 0.00301033
456.52 0.000543339 99021864 0.00300525
457.694 0.000542326 99782158 0.00299965
458.871 0.000541018 100571620 0.00299242
460.051 0.000539716 101334952 0.00298521
461.233 0.00053857 102118276 0.00297888
462.419 0.00053767 102902278 0.0029739
463.608 0.000536638 103719888 0.00296819
464.8 0.000535902 104491492 0.00296412
465.995 0.000534807 105311284 0.00295806
467.194 0.000534328 106140496 0.00295541
468.395 0.000533407 106951822 0.00295032
469.599 0.000532921 107791596 0.00294763
470.807 0.000532272 108606772 0.00294404
472.017 0.000531881 109435288 0.00294188
473.231 0.000531531 110302564 0.00293994
474.448 0.000531302 111143388 0.00293868
475.668 0.000530879 112020700 0.00293634
476.891 0.000530601 112894306 0.0029348
478.117 0.000530602 113729956 0.0029348
479.346 0.000530426 114639612 0.00293383
480.579 0.000530449 115499620 0.00293396
481.815 0.000530509 116421520 0.00293429
483.053 0.000530052 116939335 0.00293176
484.295 0.000527915 116939280 0.00291994
485.54 0.000525626 116943532 0.00290728
486.789 0.000523285 116899072 0.00289433
488.04 0.000520806 116889072 0.00288062
489.295 0.000518886 116872720 0.00287
490.553 0.000516476 116858284 0.00285667
491.815 0.000514478 116795044 0.00284562
493.079 0.0005123 116788176 0.00283358
494.347 0.000509799 116732812 0.00281974
495.618 0.000507398 116648368 0.00280646
496.892 0.000505294 116650344 0.00279482
498.17 0.000503445 116564920 0.0027846
499.451 0.000501193 116498052 0.00277214
500.735 0.000499149 116435392 0.00276084
502.023 0.000496945 116367904 0.00274865
503.314 0.000495124 116257824 0.00273857
504.608 0.000493013 116196436 0.0027269
505.905 0.000491205 116095600 0.0027169
507.206 0.000489128 115986576 0.00270541
508.51 0.000487079 115891240 0.00269408
509.818 0.000485258 115796928 0.002684
511.129 0.000483452 115651240 0.00267401
512.443 0.000481484 115542868 0.00266313
513.761 0.000479824 115417320 0.00265395
515.082 0.000477644 115277548 0.00264189
516.406 0.000476149 115132296 0.00263362
517.734 0.000474197 114982240 0.00262282
519.065 0.000472241 114819180 0.002612
520.399 0.000470577 114670768 0.0026028
521.738 0.000468949 114525108 0.00259379
523.079 0.000467025 114298600 0.00258315
524.424 0.000465201 114176136 0.00257307
525.773 0.000463873 113947792 0.00256572
527.124 0.000462217 113768896 0.00255656
528.48 0.000460489 113558592 0.002547
529.839 0.000458884 113367724 0.00253812
531.201 0.000457238 113127276 0.00252902
532.567 0.000455808 112914256 0.00252111
533.936 0.000454432 112688340 0.0025135
535.309 0.00045281 112426152 0.00250453
536.686 0.00045128 112198672 0.00249606
538.066 0.000449851 111958488 0.00248816
539.449 0.000448473 111666640 0.00248054
540.836 0.000447248 111400152 0.00247377
542.227 0.000445679 111137236 0.00246509
543.621 0.000444208 110862960 0.00245695
545.019 0.000442869 110551120 0.00244954
546.42 0.0004416 110256372 0.00244253
547.825 0.000440145 109929480 0.00243448
549.234 0.000438881 109648240 0.00242749
550.646 0.000437791 109288116 0.00242146
552.062 0.000436388 108971368 0.0024137
553.481 0.000435056 108615876 0.00240633
554.904 0.000433582 108258792 0.00239818
556.331 0.000432391 107896156 0.00239159
557.762 0.000431192 107548044 0.00238496
559.196 0.000429949 107155156 0.00237808
560.634 0.000428587 106745640 0.00237055
562.075 0.000427576 106381152 0.00236496
563.52 0.000426333 105950332 0.00235808
564.969 0.000425337 105560460 0.00235257
566.422 0.000424152 105095832 0.00234602
567.878 0.000423145 104691448 0.00234045
569.339 0.000422404 104227416 0.00233635
570.802 0.000421064 103768020 0.00232894
572.27 0.00042018 103321584 0.00232405
573.742 0.000419254 102828700 0.00231893
575.217 0.00041834 102352788 0.00231387
576.696 0.000417246 101856600 0.00230782
578.179 0.000416421 101332732 0.00230326
579.665 0.00041578 100832628 0.00229972
581.156 0.000414842 100293552 0.00229453
582.65 0.000413959 99747192 0.00228964
584.148 0.000413249 99219016 0.00228571
585.65 0.000412535 98641428 0.00228176
587.156 0.000411765 98075004 0.00227751
588.666 0.000411092 97492236 0.00227378
590.179 0.000410397 96889368 0.00226994
591.697 0.00041009 96288544 0.00226824
593.218 0.000409507 95667084 0.00226502
594.744 0.000408973 95038752 0.00226207
596.273 0.000408451 94392264 0.00225917
597.806 0.000407841 93742056 0.0022558
599.343 0.000407311 93080044 0.00225287
600.884 0.000407169 92395188 0.00225209
602.429 0.000407004 91699368 0.00225117
603.978 0.000406776 90981384 0.00224991
605.531 0.000406347 90300588 0.00224754
607.088 0.000406483 89544360 0.00224829
608.649 0.000406232 88824232 0.00224691
610.214 0.000406049 88040328 0.00224589
611.783 0.000406275 87297984 0.00224714
613.356 0.000406767 86497968 0.00224986
614.933 0.000406937 85707504 0.00225081
616.514 0.000407072 84898392 0.00225155
618.099 0.000407328 84056904 0.00225297
619.689 0.000407491 83247912 0.00225387
621.282 0.000408072 82396368 0.00225708
622.88 0.000408314 81516660 0.00225842
624.481 0.000408588 80625504 0.00225994
626.087 0.000408869 79743588 0.00226149
627.696 0.000409294 78851196 0.00226384
629.311 0.000409598 77904480 0.00226552
630.928 0.000410314 76957480 0.00226948
632.551 0.000410857 76018464 0.00227248
634.177 0.000411666 75041040 0.00227696
635.808 0.000412241 74065920 0.00228014
637.442 0.0004126 73055520 0.00228213
639.081 0.000413526 72045396 0.00228725
640.725 0.000414448 70993964 0.00229234
642.372 0.000415241 69966888 0.00229674
644.024 0.000416101 68889276 0.00230149
645.68 0.000417068 67824288 0.00230684
647.34 0.000418475 66704700 0.00231462
649.004 0.00041968 65602596 0.00232128
650.673 0.000420657 64452240 0.00232669
652.346 0.000421847 63318708 0.00233327
654.023 0.000422815 62140668 0.00233863
655.705 0.000423656 60969048 0.00234327
657.391 0.00042412 59742948 0.00234585
659.081 0.000425376 58545444 0.00235279
660.775 0.000426219 57293532 0.00235745
662.474 0.000426676 56035064 0.00235998
664.178 0.000427383 54769164 0.00236389
665.885 0.000427487 53467236 0.00236447
667.597 0.000428302 52159800 0.00236898
669.314 0.000428611 50824572 0.00237068
671.035 0.000428483 49478256 0.00236997
672.76 0.000428189 48107940 0.00236835
674.49 0.00042755 46713656 0.00236482
676.224 0.000426726 45286716 0.00236026
677.962 0.000425247 43878768 0.00235208
679.705 0.000423597 42417696 0.00234295
681.452 0.000421662 40952868 0.00233225
683.205 0.000418898 39518069 0.00231696
684.962 0.000417548 38220792 0.00230949
686.723 0.000416395 37010586 0.00230312
688.489 0.000415322 35872284 0.00229718
690.259 0.000414664 34769120 0.00229354
692.034 0.00041409 33713676 0.00229037
693.814 0.000414078 32679294 0.0022903
695.597 0.000413434 31689516 0.00228674
697.386 0.000413234 30731648 0.00228563
699.179 0.000412652 29789496 0.00228242
700.977 0.000412793 28876206 0.00228319
702.78 0.000413015 27977588 0.00228442
704.586 0.000412942 27112026 0.00228402
706.398 0.000413662 26263032 0.002288
708.215 0.000413446 25433732 0.0022868
710.036 0.000414011 24617118 0.00228993
711.861 0.000414339 23829618 0.00229174
713.691 0.000414811 23045474 0.00229435
715.526 0.000415681 22291164 0.00229917
717.366 0.000416469 21548138 0.00230353
719.211 0.000417286 20822178 0.00230804
721.06 0.000418397 20107248 0.00231419
722.914 0.000419807 19406348 0.00232199
724.772 0.000421619 18723654 0.00233201
726.636 0.000422765 18059312 0.00233835
728.504 0.000424742 17402742 0.00234929
730.377 0.000425394 16754724 0.00235289
732.255 0.000427734 16135814 0.00236583
734.138 0.000430419 15515232 0.00238068
736.025 0.000432731 14911028 0.00239347
737.918 0.000435309 14330256 0.00240773
739.815 0.000438198 13745288 0.00242371
741.717 0.000440305 13186902 0.00243536
743.624 0.000442795 12629240 0.00244914
745.536 0.000445368 12094086 0.00246337
747.453 0.000449179 11563610 0.00248445
749.375 0.000451908 11050836 0.00249954
751.302 0.000454327 10549550 0.00251292
753.233 0.000457765 10053218 0.00253194
755.17 0.00046043 9573252 0.00254668
757.111 0.000464616 9108968 0.00256983
759.058 0.000468985 8650770 0.002594
761.009 0.000473842 8203508 0.00262086
762.966 0.000478197 7772340 0.00264495
764.927 0.000482862 7352690 0.00267075
766.894 0.000488094 6941804 0.00269969
768.866 0.000493631 6542412 0.00273032
770.843 0.000500041 6154682 0.00276577
772.825 0.000506326 5779532 0.00280053
774.811 0.000513522 5414334 0.00284033
776.803 0.000519007 5062910 0.00287067
778.8 0.000526646 4721528 0.00291292
780.802 0.000534953 4393398 0.00295887
782.81 0.000542599 4074230 0.00300116
784.822 0.000549354 3767654 0.00303853
786.839 0.000557277 3472146 0.00308234
788.861 0.000567522 3188006 0.00313901
790.888 0.000577557 2916440 0.00319452
792.921 0.000586653 2661902 0.00324483
794.961 0.00059767 2410242 0.00330576
797.003 0.000610229 2171384 0.00337523
799.05 0.000623415 1949174 0.00344816
801.105 0.000633961 1738592 0.00350649
803.163 0.000646063 1533366 0.00357343
805.226 0.000658489 1347812 0.00364216
807.296 0.000671676 1170398 0.0037151
809.37 0.000681794 1004792 0.00377106
811.448 0.00070061 853736 0.00387513
813.531 0.000718013 711416 0.00397139
815.621 0.000732163 587334 0.00404965
817.718 0.000757497 468236 0.00418978
819.802 0.000777694 363320 0.00430149
821.909 0.000817244 280856 0.00452025
824.035 0.00083275 198080 0.00460601
826.109 0.000841904 128864 0.00465664
828.186 0.000873676 83264 0.00483238
830.313 0.00089998 42368 0.00497786
832.391 0.000900975 15296 0.00498337
834.243 0.000898806 2046 0.00497137
835.799 0.000347235 1 0.00192059
