# in Mpc/h Units 
# D1 = 0.258436 
# k P N P(z=0)
0.314159 60.241 6 901.958
0.444288 32.3938 12 485.016
0.54414 21.4919 8 321.787
0.628319 15.1261 6 226.475
0.702481 10.3197 24 154.512
0.76953 9.98814 24 149.547
0.888577 6.55778 12 98.1863
0.942478 7.58674 30 113.592
0.993459 4.62929 24 69.312
1.04195 5.35683 24 80.2051
1.08828 5.11058 8 76.5182
1.13272 4.06031 24 60.793
1.17548 4.39875 48 65.8602
1.25664 3.16523 6 47.3915
1.29531 3.45434 48 51.7201
1.33286 2.64861 36 39.6562
1.36939 2.80604 24 42.0133
1.40496 3.72179 24 55.7245
1.43966 2.21166 48 33.1141
1.47354 3.05982 24 45.8132
1.53906 2.57712 24 38.5859
1.5708 2.70833 30 40.5504
1.6019 2.254 72 33.748
1.63242 1.99652 32 29.8928
1.6918 1.51226 72 22.6424
1.72072 3.04597 48 45.6057
1.77715 2.78382 12 41.6807
1.80471 1.98012 48 29.6474
1.83185 1.65133 48 24.7245
1.85859 1.72373 48 25.8086
1.88496 0.999618 30 14.9668
1.91096 0.830828 24 12.4396
1.93661 1.65158 72 24.7283
1.98692 1.48963 24 22.3034
2.0116 1.71132 96 25.6227
2.03598 1.52048 48 22.7654
2.06008 1.43571 24 21.4961
2.0839 0.95783 24 14.3411
2.10744 1.46278 72 21.9015
2.13073 1.42853 48 21.3886
2.17656 1.05523 8 15.7995
2.19911 1.21245 54 18.1534
2.22144 1.16123 84 17.3865
2.24355 1.00173 48 14.9983
2.26543 1.29058 24 19.3233
2.28711 1.15043 72 17.2248
2.30859 1.37088 96 20.5255
2.35095 0.861745 48 12.9025
2.37185 1.4894 48 22.3
2.39257 1.24624 24 18.6593
2.4131 0.834886 72 12.5003
2.45366 0.905058 72 13.551
2.47369 0.976997 96 14.6281
2.51327 0.755728 6 11.3151
2.53283 1.02802 96 15.392
2.55224 1.12912 96 16.9057
2.5715 0.774005 24 11.5888
2.59062 1.06806 48 15.9915
2.6096 0.985146 96 14.7501
2.62844 1.11745 48 16.731
2.66573 0.925745 36 13.8607
2.68418 1.05296 48 15.7655
2.7025 0.928662 120 13.9044
2.7207 0.76153 56 11.402
2.73878 1.2854 24 19.2456
2.75674 0.810953 96 12.142
2.77458 0.881281 48 13.195
2.80993 1.19931 24 17.9566
2.82743 0.818155 102 12.2498
2.84483 0.883173 48 13.2233
2.86213 0.746288 72 11.1738
2.87932 0.862346 48 12.9115
2.89641 0.611908 48 9.16178
2.91339 0.824573 120 12.3459
2.94708 0.654475 24 9.79913
2.96377 0.754862 144 11.3022
2.98038 0.848238 120 12.7002
2.99689 0.691207 48 10.3491
3.02964 0.777006 48 11.6337
3.04589 0.731882 96 10.9581
3.07812 0.689795 24 10.328
3.09411 0.692192 48 10.3638
3.11002 0.83445 108 12.4938
3.12585 0.646861 72 9.68512
3.14159 0.555349 30 8.31496
3.15726 0.736897 168 11.0332
3.17285 0.68185 48 10.209
3.20381 0.648629 72 9.7116
3.21917 0.631744 96 9.45878
3.23447 0.793993 72 11.8881
3.24969 0.655628 72 9.81639
3.26484 0.658385 32 9.85766
3.27992 0.609853 72 9.13102
3.29493 0.62539 144 9.36365
3.33956 0.716944 96 10.7344
3.3543 0.615674 96 9.21817
3.36898 0.428896 48 6.42165
3.3836 0.711151 72 10.6477
3.39815 0.77849 120 11.6559
3.41264 0.639829 72 9.57984
3.44144 0.509935 48 7.635
3.45575 0.548021 78 8.20524
3.47 0.534538 120 8.00337
3.48419 0.63011 48 9.43431
3.51241 0.496714 144 7.43704
3.52643 0.558729 144 8.36557
3.55431 0.527725 12 7.90135
3.56816 0.623853 144 9.34063
3.58197 0.81665 48 12.2273
3.59572 0.599908 120 8.98212
3.60942 0.603255 48 9.03223
3.62306 0.554835 48 8.30726
3.63666 0.569888 168 8.53264
3.6637 0.618092 48 9.25438
3.67714 0.575553 96 8.61747
3.69054 0.588376 96 8.80946
3.70388 0.608168 72 9.10578
3.71718 0.475222 48 7.11525
3.73043 0.467419 96 6.99843
3.74364 0.467344 48 6.9973
3.76991 0.535671 30 8.02034
3.78298 0.515245 96 7.7145
3.796 0.458866 192 6.87037
3.80898 0.636228 56 9.52592
3.82191 0.263271 24 3.94182
3.8348 0.499364 168 7.47673
3.84765 0.521794 120 7.81256
3.87322 0.588226 72 8.80721
3.88594 0.467198 144 6.99511
3.89861 0.492484 96 7.37371
3.91125 0.438974 96 6.57253
3.9364 0.698937 72 10.4648
3.94892 0.598514 96 8.96124
3.97384 0.382242 24 5.72311
3.98623 0.442502 192 6.62535
3.99859 0.485237 108 7.26521
4.01092 0.470699 24 7.04754
4.0232 0.627491 96 9.39511
4.03545 0.570681 96 8.54452
4.04766 0.45859 120 6.86624
4.07197 0.44437 48 6.65332
4.08407 0.40597 78 6.07838
4.09614 0.412188 144 6.17148
4.10817 0.411847 120 6.16638
4.12016 0.380871 24 5.70258
4.13212 0.569752 168 8.53061
4.14405 0.438663 144 6.56787
4.16779 0.328859 24 4.92385
4.17962 0.543279 48 8.13425
4.19141 0.398921 96 5.97285
4.20316 0.499622 120 7.48058
4.21489 0.555713 72 8.32041
4.22658 0.445025 120 6.66313
4.23824 0.399417 144 5.98027
4.26146 0.443422 48 6.63913
4.27303 0.401266 192 6.00795
4.28456 0.461867 144 6.9153
4.29606 0.409262 48 6.12768
4.31898 0.434938 192 6.5121
4.33039 0.46986 48 7.03498
4.35312 0.346354 8 5.18578
4.36444 0.367723 48 5.50573
4.37573 0.383879 240 5.74762
4.387 0.47048 96 7.04425
4.39823 0.333943 54 4.99997
4.40944 0.395235 120 5.91765
4.42061 0.513946 120 7.69505
4.44288 0.451495 84 6.76001
4.45398 0.407697 144 6.10424
4.46504 0.390697 72 5.8497
4.47608 0.475481 96 7.11913
4.48709 0.470475 48 7.04419
4.49808 0.481326 96 7.20665
4.50903 0.411205 240 6.15677
4.53087 0.523012 24 7.83079
4.54175 0.449697 240 6.73309
4.5526 0.427336 96 6.39829
4.56883 0.500501 144 7.49374
4.585 0.473292 96 7.08637
4.59575 0.288819 72 4.32433
4.61718 0.315112 96 4.71801
4.62785 0.327205 96 4.89908
4.63851 0.424247 120 6.35204
4.64913 0.298343 96 4.46694
4.67484 0.421926 336 6.31729
4.70191 0.323272 48 4.84019
4.71239 0.356429 150 5.33663
4.72285 0.368811 96 5.52201
4.73329 0.360835 120 5.40261
4.75112 0.426823 168 6.3906
4.76446 0.427957 240 6.40758
4.78513 0.569826 24 8.53171
4.79543 0.394873 144 5.91224
4.80571 0.323608 216 4.84521
4.82211 0.390208 120 5.84238
4.83642 0.414241 144 6.20222
4.84661 0.360497 96 5.39754
4.87706 0.42808 144 6.40943
4.88717 0.304292 132 4.55601
4.89726 0.306348 104 4.58679
4.90732 0.370896 72 5.55324
4.922 0.35446 312 5.30714
4.94739 0.453854 96 6.79533
4.95735 0.439487 144 6.58021
4.97264 0.40413 312 6.05083
4.99701 0.464677 48 6.95737
5.00687 0.321582 192 4.81489
5.02655 0.213361 6 3.19455
5.03636 0.421576 192 6.31204
5.05103 0.366981 192 5.49462
5.06567 0.378833 96 5.67208
5.0754 0.387216 216 5.79758
5.08511 0.34644 72 5.18707
5.10448 0.328404 96 4.91702
5.11414 0.387751 96 5.80559
5.12539 0.408121 288 6.11059
5.14301 0.226001 24 3.3838
5.1526 0.371185 264 5.55757
5.16216 0.352643 192 5.27995
5.18125 0.287489 48 4.30443
5.19646 0.395847 240 5.92681
5.20974 0.377769 120 5.65615
5.21921 0.443145 96 6.63498
5.23525 0.344893 240 5.16391
5.26471 0.301688 288 4.51702
5.27563 0.356301 96 5.33472
5.28498 0.568705 72 8.51494
5.30362 0.358604 192 5.36919
5.31292 0.309058 144 4.62736
5.33146 0.3491 36 5.2269
5.34719 0.296562 342 4.44027
5.35916 0.309983 96 4.64122
5.37587 0.351698 264 5.2658
5.38671 0.323425 168 4.84248
5.405 0.334695 120 5.01121
5.41412 0.310296 192 4.64591
5.42984 0.32418 264 4.85379
5.4414 0.373301 56 5.58924
5.45589 0.338226 240 5.06409
5.48556 0.310479 216 4.64864
5.49554 0.271043 240 4.05818
5.50963 0.313295 168 4.6908
5.52599 0.34796 240 5.20983
5.55508 0.391789 144 5.86605
5.56692 0.340618 312 5.0999
5.57577 0.310045 144 4.64214
5.59826 0.297305 264 4.4514
5.62783 0.325714 264 4.87676
5.64176 0.351898 192 5.26879
5.65487 0.362534 102 5.42803
5.66891 0.333743 432 4.99696
5.68967 0.290108 48 4.34364
5.69833 0.269012 288 4.02779
5.71069 0.225929 168 3.38272
5.72964 0.3196 192 4.7852
5.74147 0.24205 144 3.6241
5.75863 0.277894 48 4.16077
5.77277 0.265532 276 3.97568
5.78642 0.315888 192 4.72963
5.80132 0.334836 336 5.01333
5.80982 0.373924 216 5.59857
5.83055 0.272233 216 4.07601
5.84792 0.264496 240 3.96016
5.87392 0.309446 408 4.63317
5.89415 0.349168 24 5.22791
5.90669 0.293636 384 4.39646
5.92421 0.278996 240 4.17726
5.93942 0.313976 168 4.701
5.96499 0.310444 246 4.64813
5.97997 0.272743 320 4.08365
6.00063 0.263993 288 3.95263
6.01022 0.300844 144 4.50439
6.0348 0.295953 288 4.43116
6.04764 0.28583 336 4.27959
6.0651 0.281376 168 4.21291
6.07555 0.30063 336 4.50117
6.09177 0.28955 96 4.33528
6.10391 0.269789 384 4.03942
6.11603 0.222978 72 3.33853
6.13444 0.257713 336 3.8586
6.15624 0.164767 24 2.46697
6.16996 0.287933 336 4.31108
6.18252 0.290084 168 4.34329
6.19954 0.267534 456 4.00565
6.22004 0.27297 108 4.08705
6.23156 0.302753 264 4.53297
6.24595 0.283065 264 4.23818
6.26564 0.248218 312 3.71644
6.28319 0.147877 30 2.21409
6.29452 0.277443 432 4.15402
6.31756 0.261833 432 3.92029
6.33013 0.2975 192 4.45432
6.35192 0.253302 240 3.79256
6.36456 0.29188 336 4.37017
6.38447 0.239061 240 3.57934
6.3922 0.262518 240 3.93055
6.41275 0.278944 216 4.17648
6.42832 0.291391 312 4.36284
6.44655 0.304491 336 4.55899
6.46894 0.287921 72 4.31089
6.48007 0.251508 624 3.7657
6.49634 0.263023 120 3.9381
6.51021 0.326273 336 4.88513
6.52968 0.201179 32 3.01215
6.54409 0.225374 528 3.37441
6.56562 0.241684 312 3.61861
6.57487 0.212966 96 3.18864
6.59474 0.244814 414 3.66547
6.60897 0.215556 216 3.22742
6.63315 0.243711 480 3.64896
6.6632 0.256549 636 3.84118
6.68355 0.258731 240 3.87385
6.69388 0.278142 168 4.16448
6.7191 0.260154 504 3.89515
6.7321 0.257132 240 3.84991
6.74682 0.244589 456 3.66211
6.7725 0.282228 264 4.22565
6.78639 0.221357 264 3.31426
6.80514 0.24948 552 3.73534
6.82529 0.230305 72 3.44823
6.83702 0.240557 384 3.60173
6.8562 0.248498 336 3.72064
6.86853 0.202006 96 3.02453
6.89291 0.247082 480 3.69943
6.90756 0.201521 174 3.01727
6.92267 0.26086 552 3.90573
6.94474 0.256241 360 3.83657
6.95933 0.220819 432 3.30621
6.98042 0.223588 480 3.34767
7.00371 0.205475 288 3.07648
7.01377 0.204281 168 3.05859
7.03217 0.233079 504 3.48978
7.05566 0.218567 240 3.27249
7.06849 0.212721 440 3.18496
7.09018 0.221777 552 3.32056
7.10861 0.338951 12 5.07494
7.12185 0.252487 528 3.78035
7.14393 0.249882 480 3.74136
7.16393 0.166879 48 2.49859
7.17479 0.217417 624 3.25528
7.19862 0.231137 504 3.4607
7.22401 0.230955 198 3.45797
7.23516 0.210071 552 3.14529
7.25595 0.207692 432 3.10967
7.27644 0.202914 312 3.03813
7.29122 0.23855 336 3.57169
7.31192 0.209366 408 3.13473
7.33337 0.214816 432 3.21633
7.34474 0.215501 456 3.22659
7.36312 0.214414 528 3.21031
7.39021 0.216841 456 3.24665
7.40396 0.236073 168 3.5346
7.41823 0.224921 504 3.36763
7.44195 0.260225 336 3.89621
7.45982 0.202423 456 3.03078
7.47564 0.207505 408 3.10686
7.49795 0.228693 696 3.4241
7.52344 0.227347 384 3.40396
7.54481 0.212871 126 3.1872
7.558 0.258916 492 3.87661
7.57485 0.214474 528 3.21121
7.59872 0.213893 696 3.20252
7.61833 0.213603 416 3.19817
7.63208 0.224934 264 3.36782
7.65511 0.214588 768 3.21292
7.6749 0.226567 408 3.39227
7.69957 0.212857 360 3.18699
7.71 0.208389 408 3.1201
7.72931 0.220765 456 3.3054
7.75392 0.202601 408 3.03344
7.77036 0.201681 504 3.01966
7.79066 0.230047 648 3.44438
7.81535 0.188648 360 2.82454
7.83053 0.205053 528 3.07015
7.85864 0.20319 582 3.04226
7.87632 0.197849 600 2.9623
7.89523 0.208815 576 3.12649
7.914 0.211421 408 3.1655
7.93268 0.215943 408 3.23321
7.95698 0.205209 624 3.07248
7.97865 0.185389 576 2.77573
8.00144 0.208242 348 3.1179
8.01209 0.207039 576 3.09989
8.03437 0.195182 600 2.92237
8.0589 0.195469 600 2.92666
8.07879 0.219155 576 3.2813
8.10331 0.194247 768 2.90836
8.12088 0.231296 240 3.46308
8.14134 0.208938 336 3.12833
8.15994 0.17823 590 2.66854
8.17963 0.18918 744 2.8325
8.20288 0.180803 504 2.70707
8.22478 0.207841 648 3.11189
8.24775 0.202257 696 3.02829
8.26774 0.191477 696 2.86689
8.29585 0.202897 552 3.03788
8.31341 0.193668 648 2.89969
8.33446 0.186649 504 2.79461
8.35037 0.189001 480 2.82981
8.37174 0.187138 600 2.80192
8.39493 0.198617 792 2.97379
8.41471 0.185945 336 2.78406
8.43909 0.187312 588 2.80452
8.46013 0.182973 744 2.73956
8.48605 0.192368 894 2.88023
8.50984 0.191582 648 2.86845
8.53082 0.179216 528 2.68331
8.54904 0.176996 696 2.65007
8.57637 0.181383 648 2.71575
8.59669 0.184532 936 2.76291
8.6208 0.215177 144 3.22174
8.63354 0.181745 840 2.72118
8.66042 0.173819 792 2.6025
8.68183 0.185112 480 2.77159
8.70268 0.187275 536 2.80398
8.72506 0.181465 888 2.71698
8.7477 0.169868 792 2.54335
8.77145 0.167056 744 2.50125
8.79242 0.18615 534 2.78713
8.81805 0.186124 816 2.78673
8.83728 0.172417 408 2.58152
8.8592 0.164807 960 2.46757
8.88614 0.170796 708 2.55725
8.90971 0.175265 1056 2.62415
8.93776 0.171348 864 2.56551
8.95479 0.171054 552 2.5611
8.98268 0.162001 528 2.42556
8.99967 0.179742 936 2.69119
9.02501 0.184896 888 2.76835
9.04798 0.152147 504 2.27803
9.07075 0.163142 696 2.44264
9.08827 0.153257 600 2.29463
9.1155 0.164499 798 2.46297
9.13638 0.166003 912 2.48548
9.1598 0.16149 912 2.4179
9.18648 0.158494 1104 2.37306
9.21077 0.162696 648 2.43596
9.24054 0.156928 912 2.34961
9.25969 0.170017 824 2.54557
9.28649 0.158622 888 2.37497
9.30524 0.149576 456 2.23952
9.32993 0.157092 1068 2.35205
9.35118 0.154437 648 2.3123
9.37753 0.172842 1032 2.58788
9.39943 0.158185 576 2.36843
9.42618 0.16317 1254 2.44306
9.45345 0.168106 792 2.51697
9.47224 0.172728 816 2.58617
9.49886 0.155303 936 2.32528
9.52401 0.168314 912 2.52007
9.54544 0.158349 624 2.37088
9.57046 0.159226 1224 2.38401
9.59495 0.145071 816 2.17208
9.61947 0.151897 888 2.27428
9.64548 0.158778 1152 2.3773
9.67583 0.160554 1104 2.40389
9.69991 0.144678 840 2.16619
9.71865 0.150645 480 2.25552
9.74574 0.15583 894 2.33317
9.76669 0.161808 1236 2.42267
9.79605 0.152556 1184 2.28415
9.82348 0.164557 792 2.46382
9.84219 0.137843 792 2.06386
9.86897 0.146052 1440 2.18676
9.89283 0.14834 864 2.22102
9.92079 0.137201 960 2.05423
9.94684 0.150922 1128 2.25968
9.97686 0.144806 816 2.1681
9.99766 0.141552 1008 2.11938
10.0218 0.147532 1008 2.20892
10.0521 0.150456 1518 2.2527
10.0762 0.147823 816 2.21328
10.1025 0.156325 1104 2.34058
10.13 0.140695 1056 2.10656
10.1552 0.152043 1104 2.27647
10.1774 0.137369 1056 2.05676
10.2056 0.145177 1188 2.17366
10.233 0.141687 912 2.12141
10.26 0.139437 1368 2.08773
10.2868 0.14167 1128 2.12116
10.3108 0.143746 1128 2.15224
10.3392 0.146257 992 2.18983
10.3669 0.14204 1326 2.12669
10.3909 0.138766 672 2.07768
10.4156 0.141021 1632 2.11144
10.4477 0.129189 1128 1.93429
10.468 0.144718 1152 2.16679
10.4961 0.142816 1104 2.13831
10.527 0.13888 1560 2.07938
10.556 0.136924 1272 2.05009
10.5803 0.132772 1080 1.98793
10.6074 0.134094 1224 2.00772
10.633 0.139368 960 2.08669
10.6646 0.133707 1332 2.00193
10.6881 0.133988 1158 2.00613
10.7153 0.135159 1656 2.02367
10.7456 0.139949 1248 2.09539
10.7692 0.133865 1152 2.0043
10.7959 0.124039 1272 1.85717
10.8278 0.124583 1608 1.86532
10.8578 0.131027 1464 1.96179
10.8878 0.141064 824 2.11208
10.9128 0.127813 1704 1.91369
10.9379 0.130969 1200 1.96094
10.9681 0.143288 1416 2.14538
10.9964 0.126923 1326 1.90035
11.0235 0.121779 1416 1.82334
11.0496 0.128211 1200 1.91963
11.0767 0.127075 1440 1.90263
11.1104 0.132688 1716 1.98667
11.1386 0.132652 1488 1.98613
11.1683 0.125531 1536 1.87952
11.1955 0.12521 1272 1.8747
11.221 0.122821 1392 1.83893
11.2573 0.127775 1800 1.9131
11.2826 0.128171 1032 1.91905
11.3096 0.118456 1446 1.77358
11.3402 0.121039 1920 1.81226
11.3665 0.123078 1032 1.84278
11.3923 0.128054 1656 1.91728
11.4292 0.122949 2168 1.84085
11.4591 0.122945 1440 1.84079
11.4849 0.117041 1248 1.7524
11.5152 0.127085 1464 1.90278
11.5455 0.123612 1884 1.85077
11.5794 0.126035 1680 1.88705
11.605 0.129306 1392 1.93603
11.6336 0.124108 1590 1.85821
11.6676 0.124124 2040 1.85845
11.6971 0.122197 1728 1.82959
11.728 0.116431 1464 1.74326
11.7556 0.123239 1608 1.84519
11.7865 0.120223 1656 1.80005
11.8171 0.123147 1776 1.84382
11.8458 0.123566 1800 1.8501
11.8722 0.116041 1560 1.73742
11.9022 0.117953 1512 1.76605
11.9368 0.122552 1782 1.83491
11.9681 0.120975 2264 1.81129
12.001 0.110382 1692 1.65269
12.0348 0.113407 2256 1.69799
12.0649 0.116323 1368 1.74165
12.0929 0.115337 2160 1.72688
12.1244 0.116109 1368 1.73844
12.1502 0.109403 1944 1.63804
12.1851 0.115125 1728 1.72371
12.2173 0.109894 2016 1.64538
12.2459 0.112997 1662 1.69185
12.279 0.111862 2592 1.67486
12.3152 0.114002 1680 1.7069
12.3441 0.110578 1992 1.65563
12.3741 0.112983 1920 1.69164
12.4055 0.11208 1968 1.67812
12.4398 0.10337 2004 1.54771
12.4691 0.107601 1920 1.61106
12.5021 0.111553 1952 1.67023
12.5336 0.115345 2304 1.72701
12.5696 0.109672 2118 1.64206
12.6001 0.107909 1848 1.61567
12.6298 0.107883 2064 1.61528
12.6656 0.10682 2352 1.59937
12.6997 0.112042 2184 1.67755
12.7271 0.108191 1896 1.61989
12.7606 0.108528 2472 1.62493
12.7965 0.104403 1944 1.56317
12.8269 0.10255 2088 1.53543
12.8578 0.105292 1968 1.57648
12.8928 0.111861 2250 1.67484
12.9243 0.10661 2472 1.59622
12.9622 0.102162 2832 1.52962
12.9935 0.100599 1776 1.50622
13.0248 0.0993402 2496 1.48737
13.0599 0.10814 1856 1.61912
13.0924 0.0970625 2472 1.45327
13.1278 0.103403 2928 1.5482
13.1613 0.101966 1752 1.52668
13.1941 0.100513 2166 1.50493
13.2228 0.102102 2448 1.52872
13.2609 0.0988111 3048 1.47945
13.2985 0.102289 2352 1.53152
13.3341 0.097588 2340 1.46114
13.3669 0.10393 2856 1.55609
13.3981 0.101288 1872 1.51653
13.4328 0.102552 2856 1.53546
13.4672 0.100675 2208 1.50735
13.5027 0.101573 2622 1.5208
13.5372 0.0983928 2712 1.47318
13.5706 0.0939771 2520 1.40707
13.6106 0.0940542 3080 1.40823
13.6462 0.0986447 2832 1.47696
13.6782 0.100341 2232 1.50235
13.7154 0.0934824 3000 1.39966
13.7476 0.100299 1872 1.50172
13.782 0.0962591 2916 1.44124
13.8177 0.0949213 2910 1.42121
13.8563 0.0960474 3144 1.43807
13.8883 0.0959062 2376 1.43595
13.9269 0.0955391 3096 1.43046
13.9621 0.0915357 2880 1.37052
14.0013 0.0997666 2904 1.49376
14.0349 0.0984477 2520 1.47401
14.0695 0.0913003 3360 1.36699
14.1111 0.0943176 2712 1.41217
14.1423 0.0941737 2798 1.41002
14.181 0.0893714 3048 1.33811
14.2158 0.0952465 2724 1.42608
14.2491 0.089939 3264 1.34661
14.2875 0.0900073 3048 1.34763
14.3254 0.0877968 3024 1.31454
14.3617 0.091971 3120 1.37704
14.4019 0.0884222 3456 1.3239
14.4372 0.0889954 2334 1.33248
14.472 0.0891326 3264 1.33454
14.5088 0.0908488 3456 1.36023
14.5462 0.088865 3312 1.33053
14.5799 0.0882801 2616 1.32177
14.6203 0.0877114 3792 1.31326
14.6599 0.0924872 3180 1.38476
14.6973 0.0892271 3248 1.33595
14.7343 0.0881699 3312 1.32012
14.7747 0.0906037 3606 1.35656
14.8116 0.0869465 3456 1.30181
14.8465 0.0862249 2688 1.291
14.8883 0.088335 4152 1.3226
14.9273 0.0884756 3600 1.3247
14.9656 0.088275 3432 1.3217
15.0056 0.0837225 3624 1.25353
15.0456 0.0868043 3384 1.29968
15.0848 0.0855717 3582 1.28122
15.1203 0.0894425 3276 1.33918
15.1572 0.0845625 3696 1.26611
15.1966 0.0835887 3888 1.25153
15.2357 0.0873773 3608 1.30826
15.2769 0.0819444 3768 1.22691
15.3164 0.0816654 3720 1.22274
15.3575 0.0793871 3984 1.18862
15.3971 0.0836169 3438 1.25195
15.4322 0.0815877 3696 1.22157
15.4717 0.0809981 4104 1.21274
15.5131 0.0813544 3792 1.21808
15.552 0.0832224 3828 1.24605
15.5926 0.0766279 4008 1.14731
15.6329 0.0806151 4032 1.20701
15.6696 0.0787296 3768 1.17878
15.714 0.079693 4206 1.1932
15.7514 0.0793163 3456 1.18756
15.7915 0.0809362 4568 1.21182
15.8322 0.0775254 4272 1.16075
15.8721 0.077405 3960 1.15895
15.9156 0.0781943 4584 1.17076
15.9588 0.0804704 4416 1.20484
15.9995 0.0774635 3252 1.15982
16.0387 0.0763621 5166 1.14333
16.0805 0.0774716 4272 1.15994
16.1203 0.0752505 3984 1.12669
16.1623 0.0761157 4608 1.13964
16.206 0.0763789 4584 1.14358
16.2476 0.0733113 4752 1.09765
16.2926 0.0735617 4152 1.1014
16.3308 0.0762629 4454 1.14185
16.3706 0.072625 4272 1.08738
16.4105 0.0753172 4416 1.12769
16.4572 0.0759648 5484 1.13738
16.4971 0.0731945 3984 1.0959
16.5399 0.0727157 5232 1.08874
16.5854 0.0729197 4752 1.09179
16.626 0.0740921 4200 1.10934
16.6696 0.0719374 5070 1.07708
16.7114 0.0754032 4848 1.12897
16.7541 0.0736172 5376 1.10223
16.7993 0.0698388 4824 1.04566
16.8373 0.0700648 3912 1.04904
16.8821 0.0716836 5708 1.07328
16.9286 0.0702232 5424 1.05142
16.9743 0.0700559 5046 1.04891
17.0151 0.0722487 4872 1.08174
17.0591 0.0734759 5112 1.10012
17.1027 0.0693481 5640 1.03831
17.1485 0.0713272 4920 1.06795
17.1891 0.0708465 5040 1.06075
17.2339 0.0716863 5736 1.07332
17.2803 0.0703272 4734 1.05297
17.3215 0.069847 5580 1.04578
17.3661 0.0694966 5592 1.04054
17.4108 0.0685493 5432 1.02635
17.4551 0.0696654 5616 1.04307
17.5005 0.0674171 5640 1.0094
17.5472 0.0701394 5232 1.05016
17.5907 0.0678435 5622 1.01579
17.6344 0.0679342 6192 1.01714
17.6832 0.0694232 5760 1.03944
17.727 0.0680843 5616 1.01939
17.7706 0.067709 5316 1.01377
17.8179 0.0676738 6696 1.01325
17.8659 0.0683664 6000 1.02362
17.9128 0.0666477 6030 0.997882
17.9594 0.0654154 5624 0.979432
18.0036 0.0651708 6288 0.97577
18.0498 0.0653666 6432 0.978701
18.0972 0.0645419 5856 0.966352
18.143 0.0643814 6192 0.96395
18.1863 0.0611713 5328 0.915887
18.2352 0.0672454 7338 1.00683
18.2837 0.0636818 6240 0.953475
18.3278 0.0611708 6216 0.915879
18.3778 0.0638956 7128 0.956676
18.4243 0.0644906 5472 0.965585
18.47 0.063457 6984 0.95011
18.5178 0.0627206 6422 0.939084
18.5668 0.0625478 7176 0.936496
18.6134 0.0621994 6312 0.93128
18.6623 0.0626656 6756 0.93826
18.71 0.0613475 7224 0.918525
18.7595 0.0618651 7224 0.926275
18.8071 0.0607346 5856 0.909348
18.8564 0.0618225 7710 0.925636
18.9065 0.0617361 7392 0.924343
18.9507 0.0628777 5688 0.941436
18.9981 0.0591119 8256 0.885053
19.051 0.0582295 7040 0.871841
19.1004 0.0603096 7044 0.902985
19.1475 0.0589015 7062 0.881902
19.1943 0.0571142 7368 0.855141
19.2465 0.0602575 7776 0.902206
19.2965 0.0594495 7872 0.890107
19.3469 0.0597911 7032 0.895222
19.3974 0.0602287 8136 0.901773
19.4426 0.0585963 6384 0.877333
19.4935 0.0585875 8286 0.877201
19.5444 0.0583335 7692 0.873398
19.5944 0.0595956 8072 0.892294
19.6434 0.0579048 7584 0.86698
19.6937 0.0581608 7992 0.870813
19.7458 0.057491 7944 0.860784
19.7992 0.057806 8646 0.8655
19.8493 0.056475 8232 0.845572
19.9018 0.0580149 8472 0.868628
19.9524 0.0580976 7560 0.869866
20.0013 0.0558576 8220 0.836327
20.0525 0.0567687 8616 0.849969
20.1063 0.055482 8622 0.830704
20.157 0.0560945 8336 0.839875
20.2078 0.0555757 8184 0.832106
20.2598 0.0556505 9312 0.833227
20.3126 0.0530661 8736 0.794532
20.3651 0.0535536 8184 0.80183
20.4177 0.053459 9354 0.800415
20.4698 0.0528253 8544 0.790926
20.5231 0.0520833 9816 0.779817
20.576 0.0533457 8712 0.798719
20.627 0.0534188 8256 0.799813
20.6786 0.0527272 9344 0.789458
20.7331 0.0528052 9822 0.790626
20.7882 0.0528795 9624 0.791738
20.8426 0.0534885 9480 0.800856
20.8961 0.0526948 9132 0.788972
20.9485 0.0536947 9816 0.803943
20.9997 0.0531982 8688 0.79651
21.0552 0.0519867 10062 0.77837
21.1104 0.0516717 10512 0.773654
21.1672 0.0496354 10104 0.743166
21.2183 0.0518326 8936 0.776063
21.2722 0.0510663 10488 0.76459
21.3287 0.0485424 9660 0.726801
21.3821 0.0505981 10206 0.757579
21.4364 0.0508556 10680 0.761435
21.4933 0.0497656 10296 0.745115
21.5483 0.0509076 10224 0.762213
21.6033 0.0493013 10656 0.738163
21.6589 0.0495962 10134 0.742579
21.7146 0.0495904 11496 0.742492
21.7745 0.0499448 10724 0.747798
21.8273 0.0481494 10656 0.720916
21.8816 0.0498951 10320 0.747054
21.94 0.0504027 11592 0.754654
21.9988 0.0479809 11358 0.718394
22.054 0.0483506 10632 0.723929
22.1087 0.0484853 11640 0.725946
22.1666 0.0487875 10920 0.730471
22.2221 0.0493126 11004 0.738332
22.2772 0.0472867 11262 0.708
22.3371 0.048212 12440 0.721854
22.3946 0.0468638 11712 0.701668
22.4502 0.0465724 10512 0.697306
22.5085 0.0475955 13632 0.712623
22.5697 0.0487218 11496 0.729486
22.6258 0.0456531 11022 0.683541
22.6838 0.0463938 13500 0.694631
22.7451 0.0456923 12624 0.684128
22.8008 0.046023 11040 0.68908
22.8586 0.0471087 12488 0.705334
22.9186 0.0458753 12774 0.686868
22.9762 0.0454835 12720 0.681002
23.0377 0.0452094 13320 0.676897
23.0988 0.0449308 13044 0.672726
23.1576 0.0450894 12552 0.675101
23.2162 0.0445278 12672 0.666692
23.275 0.0447683 13398 0.670293
23.3369 0.0438725 13200 0.656881
23.3935 0.0432908 12968 0.648171
23.4545 0.0436791 13632 0.653984
23.5125 0.0442101 12408 0.661935
23.5748 0.0452215 14562 0.677078
23.6353 0.0435143 13944 0.651518
23.6958 0.0426108 13704 0.63799
23.7592 0.0433417 14256 0.648933
23.8166 0.0430853 12936 0.645094
23.8778 0.0429451 14526 0.642996
23.9404 0.0420759 14864 0.629981
24.0043 0.042586 14724 0.637619
24.0649 0.0422346 14136 0.632357
24.1248 0.0416503 13776 0.623609
24.1875 0.0423136 15366 0.633541
24.2503 0.0421119 14880 0.630521
24.3119 0.0417622 14736 0.625285
24.3743 0.0411911 15576 0.616734
24.4392 0.042117 14892 0.630597
24.5001 0.0404167 14774 0.605139
24.5622 0.0422643 16128 0.632802
24.6263 0.0405386 14928 0.606964
24.6879 0.0407 15672 0.60938
24.7527 0.0404243 16176 0.605253
24.8164 0.0405474 15486 0.607096
24.8796 0.0400128 15780 0.599092
24.9442 0.0405303 17712 0.606839
25.0107 0.0393775 15272 0.589579
25.0724 0.0401914 16392 0.601765
25.1394 0.0392652 17070 0.587898
25.2035 0.0392802 16824 0.588123
25.2688 0.0379368 16608 0.568008
25.3326 0.0391521 16644 0.586204
25.3969 0.0394027 16512 0.589956
25.4633 0.0388644 18366 0.581897
25.5297 0.0381752 16368 0.571578
25.5949 0.038527 18752 0.576846
25.6601 0.0376827 16080 0.564204
25.7231 0.037831 16920 0.566424
25.7904 0.0379417 19074 0.568082
25.8577 0.0373829 18168 0.559715
25.9252 0.0376882 18432 0.564287
25.9924 0.037892 17856 0.567337
26.0586 0.0372062 18414 0.55707
26.1268 0.0371451 19280 0.556155
26.195 0.0367572 18828 0.550346
26.2596 0.0364245 17256 0.545365
26.3249 0.0360901 19392 0.540358
26.3952 0.0358812 19446 0.537231
26.4628 0.0362475 19272 0.542716
26.5322 0.0362673 20592 0.543012
26.6014 0.0355278 19008 0.53194
26.6684 0.0355239 18500 0.531881
26.7356 0.0353129 21246 0.528722
26.8047 0.0350318 18696 0.524514
26.8729 0.0350816 21240 0.525259
26.945 0.0347091 21048 0.519682
27.0152 0.0348584 20022 0.521917
27.0829 0.0347242 20124 0.519908
27.1495 0.0342285 20280 0.512485
27.2209 0.0341356 22232 0.511095
27.2926 0.033874 20376 0.507179
27.3615 0.0341166 21390 0.51081
27.4318 0.0336441 21960 0.503736
27.5002 0.0334696 20040 0.501123
27.5719 0.0335556 23268 0.502411
27.6439 0.0332278 21510 0.497503
27.715 0.032702 22608 0.489631
27.7861 0.0332147 21896 0.497307
27.8576 0.0331034 23304 0.49564
27.9287 0.0327816 20838 0.490822
27.9986 0.0330346 23556 0.49461
28.0714 0.0324216 23184 0.485432
28.1449 0.0322479 24168 0.482831
28.2185 0.0321149 22272 0.48084
28.29 0.0323655 24374 0.484593
28.3629 0.0314456 23328 0.470819
28.4352 0.0316136 23844 0.473335
28.5081 0.0314986 24096 0.471612
28.5827 0.0313964 24942 0.470082
28.6568 0.0311314 24120 0.466115
28.7292 0.0311619 25008 0.466571
28.8041 0.0312366 24776 0.46769
28.8793 0.0312231 25266 0.467488
28.9524 0.0307593 24960 0.460543
29.0269 0.0309199 26184 0.462948
29.103 0.0310325 25032 0.464633
29.1757 0.031004 25392 0.464207
29.251 0.0301843 26526 0.451935
29.3255 0.0305135 25548 0.456863
29.4021 0.0307345 28256 0.460172
29.4795 0.0300372 25680 0.449731
29.5542 0.0299071 26526 0.447784
29.6293 0.0294919 27600 0.441568
29.7043 0.0294589 26328 0.441073
29.7817 0.0290779 27996 0.435369
29.8574 0.0300886 27246 0.450501
29.9347 0.0286947 28664 0.429631
30.0127 0.0289404 28320 0.43331
30.089 0.0289306 27408 0.433163
30.1652 0.0293484 28254 0.439418
30.2438 0.0284134 30012 0.425419
30.3223 0.0284427 29040 0.425857
30.4007 0.0286679 28824 0.42923
30.4792 0.0280687 29654 0.420258
30.556 0.0280913 29640 0.420597
30.6357 0.027614 29988 0.41345
30.7145 0.0279192 30672 0.418019
30.7945 0.0275803 29814 0.412946
30.8718 0.0276181 30000 0.413512
30.9495 0.0273066 31056 0.408848
31.0305 0.0271669 31208 0.406756
31.1105 0.0272485 31194 0.407978
31.1917 0.0269556 33096 0.403593
31.2716 0.0273877 30480 0.410061
31.3505 0.0265895 31488 0.398111
31.4315 0.0269605 33222 0.403667
31.5119 0.0266845 31476 0.399533
31.5932 0.0265183 34400 0.397045
31.6747 0.0259177 31992 0.388052
31.756 0.0264416 32958 0.395897
31.8369 0.0262166 34728 0.392528
31.9214 0.0258467 34368 0.38699
32.0022 0.0261247 32268 0.391151
32.0837 0.0255844 35822 0.383063
32.1676 0.0258648 34512 0.38726
32.2483 0.0254423 33384 0.380934
32.331 0.0255248 36126 0.38217
32.4146 0.0256065 34788 0.383393
32.4973 0.0249799 36576 0.374011
32.5819 0.0251601 35664 0.376709
32.6656 0.0247399 35846 0.370418
32.7487 0.0247803 37200 0.371024
32.8335 0.0246794 36456 0.369512
32.9169 0.0248777 36804 0.372481
33.0026 0.0243483 37902 0.364555
33.0877 0.0242862 37944 0.363625
33.174 0.0241622 38936 0.361768
33.2581 0.0241818 36192 0.362062
33.3424 0.0236014 38898 0.353371
33.4279 0.0239246 39456 0.35821
33.515 0.0238904 39216 0.357698
33.6037 0.0236027 41214 0.353391
33.689 0.0233741 37704 0.349969
33.774 0.0232879 40772 0.348678
33.8615 0.0233914 40056 0.350227
33.9478 0.0230473 40014 0.345075
34.0351 0.0232206 42168 0.34767
34.124 0.0228204 41712 0.341678
34.2119 0.0227031 40818 0.339921
34.2993 0.0229558 42920 0.343706
34.3882 0.0227396 41976 0.340468
34.4753 0.0226921 41424 0.339758
34.5632 0.0225527 43590 0.33767
34.6539 0.0221686 44244 0.33192
34.7436 0.0224183 44256 0.335657
34.8317 0.0220296 40982 0.329837
34.9193 0.021911 45816 0.328062
35.0108 0.0218801 45360 0.327599
35.1021 0.0221106 44988 0.331051
35.1914 0.0218528 44526 0.327191
35.2811 0.0219808 45768 0.329108
35.3715 0.0217504 45968 0.325658
35.462 0.0214972 46038 0.321866
35.5548 0.0214985 47844 0.321886
35.6465 0.0215351 47736 0.322434
35.7382 0.0211291 46152 0.316355
35.8287 0.0211571 47694 0.316774
35.9205 0.0210608 48464 0.315333
36.0138 0.0209889 49404 0.314257
36.1075 0.0209313 49086 0.313393
36.2003 0.0207928 49080 0.31132
36.2923 0.0205725 49632 0.308022
36.3853 0.0205787 49092 0.308115
36.4786 0.020639 51494 0.309017
36.5735 0.0203376 51792 0.304505
36.6689 0.0203848 50880 0.305211
36.7611 0.0202364 50430 0.30299
36.8562 0.0200363 53892 0.299993
36.9524 0.0198887 52704 0.297784
37.0461 0.0201079 50534 0.301065
37.1396 0.0196805 54072 0.294666
37.235 0.0193817 53448 0.290193
37.3324 0.0196282 55284 0.293883
37.4296 0.0195388 55422 0.292545
37.5251 0.019275 53096 0.288595
37.6202 0.0192176 56184 0.287736
37.7181 0.0193042 55530 0.289033
37.8148 0.0191432 56952 0.286622
37.9117 0.0191859 55728 0.287261
38.0096 0.0189657 57894 0.283964
38.1077 0.0188456 58088 0.282166
38.2064 0.0186655 57996 0.27947
38.3036 0.0185663 57222 0.277984
38.4004 0.0185837 58368 0.278245
38.4998 0.0182748 61080 0.273619
38.6002 0.0181982 59006 0.272473
38.6989 0.0184417 61044 0.276118
38.7988 0.0181311 61128 0.271468
38.8984 0.0179278 59616 0.268424
38.9979 0.0180225 63222 0.269842
39.0985 0.0177084 61044 0.265139
39.1981 0.0175585 62816 0.262895
39.2989 0.0177266 62526 0.265411
39.3992 0.0177766 64416 0.26616
39.501 0.0174922 63156 0.261902
39.6035 0.0175911 66798 0.263382
39.7059 0.0172421 64448 0.258158
39.8075 0.0172726 65424 0.258613
39.9098 0.0171431 65694 0.256675
40.0124 0.017229 67452 0.257962
40.1149 0.0170156 66528 0.254766
40.2191 0.0169739 68462 0.254141
40.3222 0.0169912 68400 0.254401
40.4256 0.0168981 67236 0.253006
40.53 0.0167232 71910 0.250388
40.6363 0.016819 69744 0.251823
40.7386 0.0166384 68088 0.249119
40.8419 0.016496 70250 0.246986
40.9466 0.0165032 72744 0.247093
41.053 0.0163931 71928 0.245445
41.159 0.0162371 72534 0.243109
41.2646 0.0162624 73560 0.243489
41.3712 0.0162321 73988 0.243035
41.4772 0.015889 73062 0.237898
41.5831 0.01594 75336 0.238662
41.6906 0.0158318 75648 0.237041
41.7987 0.0159312 76458 0.23853
41.906 0.0157726 76904 0.236155
42.0139 0.0157505 76368 0.235824
42.1216 0.0156975 78222 0.235031
42.2297 0.015552 77940 0.232852
42.3371 0.0155037 77832 0.232129
42.4472 0.0154252 81494 0.230953
42.5562 0.0153812 79440 0.230294
42.6659 0.0154145 80940 0.230794
42.7753 0.015218 81390 0.227851
42.8856 0.015264 82848 0.22854
42.996 0.0151143 81806 0.226298
43.1072 0.0149333 85044 0.223588
43.2176 0.0150792 82608 0.225774
43.3292 0.0149064 85470 0.223185
43.4392 0.0148783 83400 0.222765
43.5506 0.0146644 86876 0.219562
43.6633 0.0147522 87198 0.220877
43.7751 0.0146508 85608 0.21936
43.8881 0.0145549 91104 0.217924
44.0026 0.0143914 86946 0.215475
44.1136 0.0143365 88808 0.214653
44.2274 0.0142162 90360 0.212852
44.3405 0.0142157 89958 0.212845
44.4551 0.0141309 92916 0.211575
44.5696 0.0139354 91046 0.208648
44.6839 0.013963 93384 0.209061
44.7984 0.0138378 92880 0.207187
44.9142 0.0137562 95082 0.205964
45.0292 0.013743 94464 0.205766
45.1451 0.0136047 95792 0.203697
45.2606 0.0135897 95370 0.203472
45.3774 0.0136088 99624 0.203757
45.4939 0.0135258 94824 0.202516
45.6102 0.0134544 101094 0.201446
45.7283 0.0134456 98756 0.201314
45.8464 0.0132597 101550 0.198531
45.9653 0.0132058 101520 0.197723
46.083 0.013188 101088 0.197457
46.201 0.0131614 101618 0.197059
46.3191 0.0130548 104568 0.195463
46.4392 0.0129374 103566 0.193706
46.5579 0.0129173 105168 0.193404
46.6782 0.0129121 106692 0.193327
46.7986 0.0128096 106046 0.191792
46.9191 0.0126645 108960 0.189619
47.0397 0.0127308 106548 0.190611
47.1601 0.0127118 109806 0.190328
47.281 0.0125427 109328 0.187796
47.4019 0.0125354 109854 0.187687
47.524 0.012375 112884 0.185285
47.6471 0.0124042 113832 0.185722
47.7703 0.0122724 112518 0.183749
47.8919 0.0122482 113624 0.183387
48.0151 0.0121838 115434 0.182421
48.1378 0.012122 115056 0.181497
48.2625 0.0121523 119808 0.18195
48.388 0.0120205 116786 0.179977
48.5109 0.0119803 118488 0.179376
48.6355 0.0119342 118398 0.178685
48.7605 0.011856 122640 0.177514
48.8868 0.0117896 121620 0.17652
49.0127 0.011747 122126 0.175881
49.1384 0.0116461 123888 0.174372
49.2648 0.0115777 123714 0.173347
49.3907 0.0116492 125088 0.174418
49.5181 0.0115341 127424 0.172694
49.6456 0.0114349 126222 0.171209
49.7726 0.0114419 128676 0.171314
49.9009 0.0114024 129126 0.170722
50.0299 0.0113248 132056 0.169561
50.1588 0.011214 130308 0.167901
50.2871 0.0111997 131814 0.167688
50.4164 0.0111301 133728 0.166646
50.5457 0.0111065 133574 0.166292
50.6763 0.0110402 137772 0.165299
50.806 0.0109461 132888 0.16389
50.9364 0.010957 140166 0.164053
51.0677 0.0108413 137484 0.162321
51.199 0.0107423 140270 0.160839
51.33 0.0106962 138696 0.160149
51.4617 0.0106226 143286 0.159046
51.5948 0.0106719 143436 0.159785
51.728 0.0106413 144680 0.159327
51.8612 0.0105045 144654 0.157278
51.9944 0.0105039 146772 0.15727
52.1276 0.0105063 145710 0.157306
52.2609 0.0104452 148880 0.156391
52.3956 0.0103808 149556 0.155427
52.5302 0.0102537 151326 0.153523
52.6653 0.0101842 151704 0.152483
52.8005 0.0101696 152342 0.152265
52.9367 0.0101232 156876 0.15157
53.0737 0.0100809 154398 0.150936
53.2091 0.0100537 156744 0.150529
53.3461 0.00996815 157274 0.149248
53.4833 0.00993541 160416 0.148758
53.6213 0.00995837 161016 0.149102
53.7601 0.00978629 162258 0.146525
53.8972 0.00976969 160880 0.146277
54.0355 0.00967691 164310 0.144887
54.1742 0.00964011 165780 0.144336
54.3141 0.00954973 167454 0.142983
54.4533 0.00959368 166520 0.143641
54.5929 0.0095259 169290 0.142626
54.7333 0.00948201 171552 0.141969
54.8742 0.00942301 171120 0.141086
55.0156 0.00936149 174734 0.140165
55.1569 0.00937459 173628 0.140361
55.2995 0.00927708 177438 0.138901
55.4406 0.0092488 174728 0.138478
55.5832 0.00917153 180474 0.137321
55.7266 0.00917829 179904 0.137422
55.8696 0.00907838 180726 0.135926
56.0132 0.00910276 183932 0.136291
56.1569 0.00905113 182328 0.135518
56.3011 0.00901635 187350 0.134997
56.4471 0.00899227 188676 0.134637
56.5927 0.00883147 187766 0.132229
56.7371 0.00886017 189408 0.132659
56.8838 0.00883085 192594 0.13222
57.0301 0.00875534 193632 0.131089
57.1771 0.00875398 194030 0.131069
57.3236 0.00865231 195852 0.129547
57.4711 0.00870101 197070 0.130276
57.618 0.00861128 198416 0.128932
57.7665 0.00859198 201018 0.128643
57.9147 0.0085458 201744 0.127952
58.0633 0.0085164 202806 0.127512
58.2129 0.00851698 207212 0.12752
58.3628 0.00841984 205614 0.126066
58.5129 0.00837412 210096 0.125381
58.6636 0.00832151 208812 0.124594
58.8139 0.00828357 211502 0.124026
58.965 0.00822762 213912 0.123188
59.1179 0.00827058 217362 0.123831
59.2701 0.00815929 215360 0.122165
59.4221 0.00813661 218526 0.121825
59.5747 0.00809326 219300 0.121176
59.7282 0.00805068 222726 0.120539
59.8809 0.00801504 221480 0.120005
60.0349 0.00796397 225978 0.11924
60.1888 0.00789473 225192 0.118204
60.3444 0.00784794 232382 0.117503
60.4997 0.00783844 228348 0.117361
60.6552 0.00778944 232974 0.116627
60.8106 0.00777314 232524 0.116383
60.9674 0.00772552 238310 0.11567
61.1244 0.00770483 236064 0.11536
61.2815 0.00764759 240498 0.114504
61.4388 0.00761221 240536 0.113974
61.5968 0.00758585 243174 0.113579
61.7548 0.00754187 244452 0.112921
61.9144 0.00747179 249678 0.111871
62.0739 0.00747675 248432 0.111946
62.234 0.00743832 251682 0.11137
62.3932 0.0074008 250032 0.110808
62.5527 0.00738089 254126 0.11051
62.7132 0.00734647 256788 0.109995
62.8757 0.00732148 261654 0.109621
63.0381 0.00727294 260676 0.108894
63.1996 0.0072024 260846 0.107838
63.3622 0.0072387 267240 0.108381
63.5255 0.00713676 264810 0.106855
63.6877 0.00713285 267560 0.106797
63.8519 0.00711794 273894 0.106573
64.0167 0.00706186 271554 0.105734
64.1806 0.00700583 274616 0.104895
64.3453 0.00697671 276426 0.104459
64.5106 0.00697049 280896 0.104366
64.6769 0.00692124 280286 0.103628
64.843 0.00686642 284748 0.102807
65.0109 0.00684588 288774 0.1025
65.1777 0.00681017 285264 0.101965
65.3455 0.00677733 292730 0.101474
65.5132 0.00673885 289776 0.100897
65.6811 0.00672737 295314 0.100725
65.8496 0.00670371 296288 0.100371
66.0197 0.00667664 302190 0.0999659
66.1897 0.00666 300564 0.0997168
66.3601 0.00662543 305702 0.0991992
66.5303 0.00655064 303510 0.0980795
66.7004 0.00654605 308652 0.0980107
66.873 0.00650564 314558 0.0974057
67.0452 0.00646268 311988 0.0967625
67.2167 0.00645707 314166 0.0966784
67.3893 0.00641341 319856 0.0960247
67.5627 0.00637585 319770 0.0954624
67.736 0.00635258 323448 0.0951139
67.9099 0.00629476 324522 0.0942483
68.0843 0.00627203 329726 0.0939079
68.2601 0.00623288 332016 0.0933217
68.4362 0.00621602 334626 0.0930693
68.612 0.00617784 335168 0.0924977
68.7884 0.00614342 338658 0.0919822
68.9655 0.00611044 343800 0.0914885
69.1432 0.00609805 342110 0.0913031
69.3207 0.00605091 347556 0.0905972
69.4995 0.00602662 350334 0.0902336
69.6777 0.00603155 349538 0.0903073
69.8564 0.0059709 355776 0.0893992
70.0364 0.00597201 357534 0.0894159
70.2163 0.0059035 360068 0.0883901
70.3968 0.00589759 362454 0.0883016
70.5773 0.00581428 365028 0.0870543
70.7588 0.00582541 369782 0.087221
70.9406 0.00579884 369918 0.0868231
71.1227 0.00578191 374796 0.0865696
71.3065 0.00573459 379982 0.0858611
71.4899 0.00571501 378780 0.0855679
71.6738 0.00570589 384414 0.0854314
71.8578 0.00569536 383942 0.0852738
72.0427 0.00564509 392340 0.084521
72.2278 0.00563201 387750 0.0843252
72.4132 0.0055944 398828 0.0837621
72.5999 0.00557706 396150 0.0835026
72.7859 0.00553464 401364 0.0828674
72.9733 0.00551467 405398 0.0825684
73.1618 0.0054873 409662 0.0821585
73.3494 0.00545492 407364 0.0816738
73.5378 0.00542536 414878 0.0812312
73.7266 0.00538892 415908 0.0806855
73.9161 0.00538396 421094 0.0806113
74.1066 0.0053633 424146 0.0803019
74.2971 0.00532407 426792 0.0797145
74.4885 0.00528529 431078 0.0791339
74.6798 0.00529041 431538 0.0792106
74.8715 0.00525585 438096 0.0786932
75.0646 0.00523103 440258 0.0783216
75.2577 0.00520577 444936 0.0779434
75.4513 0.00515919 445530 0.0772459
75.645 0.005125 451022 0.076734
75.8399 0.00511072 455808 0.0765202
76.0354 0.00509319 457122 0.0762578
76.2304 0.00506771 459488 0.0758763
76.4264 0.00505182 466050 0.0756383
76.6232 0.00502379 467550 0.0752186
76.8199 0.0049897 471692 0.0747083
77.0177 0.00497537 476262 0.0744936
77.2151 0.00493516 475634 0.0738917
77.4132 0.00493422 484896 0.0738776
77.6125 0.00492006 484782 0.0736655
77.8115 0.00487669 489914 0.0730162
78.0117 0.00485027 495264 0.0726206
78.2131 0.00482431 500082 0.0722319
78.4143 0.0048023 500456 0.0719024
78.6159 0.00478073 506682 0.0715795
78.8177 0.00477075 507134 0.07143
79.0203 0.00472009 516012 0.0706715
79.2243 0.00469939 518838 0.0703616
79.4272 0.00466592 515978 0.0698604
79.6311 0.00467449 530376 0.0699888
79.8371 0.00464628 529734 0.0695664
80.0421 0.00461296 532778 0.0690675
80.2477 0.00460248 537816 0.0689106
80.4541 0.00457832 541322 0.0685489
80.6607 0.00453613 546414 0.0679172
80.8685 0.0045206 551916 0.0676846
81.0764 0.00450528 553094 0.0674553
81.2845 0.0044816 558474 0.0671006
81.4935 0.00444943 564552 0.0666191
81.7033 0.00443308 566498 0.0663742
81.913 0.00440909 571878 0.066015
82.1239 0.00439105 577724 0.065745
82.3355 0.00434822 582438 0.0651037
82.5465 0.00431504 579690 0.064607
82.758 0.00430271 592112 0.0644222
82.9721 0.00428287 598134 0.0641252
83.1855 0.00427455 596618 0.0640006
83.3989 0.00424526 603792 0.0635621
83.6131 0.00424947 606738 0.0636252
83.8282 0.00422817 614870 0.0633062
84.044 0.00421511 617940 0.0631107
84.2603 0.00418681 623510 0.0626869
84.477 0.00415636 626322 0.0622311
84.6934 0.00412667 629328 0.0617865
84.911 0.00410843 639050 0.0615135
85.1297 0.00409265 641766 0.0612772
85.3485 0.00406143 647306 0.0608098
85.5682 0.00404451 653112 0.0605565
85.7884 0.00402433 656874 0.0602543
86.0089 0.00399937 662126 0.0598805
86.2299 0.00399079 666780 0.0597521
86.4514 0.0039602 670934 0.0592941
86.6737 0.00393822 679698 0.0589649
86.8964 0.00391817 680064 0.0586648
87.12 0.00390199 691682 0.0584225
87.3448 0.00388738 694686 0.0582037
87.569 0.00386546 695450 0.0578756
87.7937 0.00385083 705840 0.0576565
88.0203 0.00382861 712314 0.0573238
88.2462 0.00381264 710150 0.0570847
88.4726 0.00379239 723276 0.0567815
88.7001 0.00377859 723230 0.0565749
88.9284 0.00376367 736218 0.0563516
89.1579 0.00374022 738662 0.0560005
89.3867 0.00371824 740364 0.0556714
89.6161 0.00370255 748398 0.0554364
89.8463 0.00368728 753290 0.0552078
90.0772 0.00366901 762138 0.0549342
90.3085 0.00366241 763784 0.0548354
90.5413 0.00363686 778170 0.0544529
90.7746 0.00361275 776006 0.0540918
91.0075 0.0035965 783738 0.0538485
91.2418 0.0035803 794256 0.053606
91.4765 0.00356271 792962 0.0533426
91.7111 0.00352711 801846 0.0528096
91.9473 0.00351432 813170 0.0526181
92.1839 0.00348641 812880 0.0522003
92.4211 0.00348433 824282 0.0521692
92.6591 0.00346149 827622 0.0518271
92.8972 0.0034506 834186 0.0516641
93.1361 0.00344089 841472 0.0515187
93.375 0.00342501 841890 0.0512809
93.6147 0.00339467 856262 0.0508267
93.8558 0.00338442 861042 0.0506732
94.0972 0.00336026 867476 0.0503114
94.3397 0.00334762 877470 0.0501221
94.5823 0.00333461 876842 0.0499274
94.8248 0.00331684 886686 0.0496614
95.0688 0.00328633 896130 0.0492045
95.3133 0.00328594 899528 0.0491987
95.5582 0.00326643 908634 0.0489066
95.804 0.003246 915134 0.0486008
96.0501 0.00322487 920034 0.0482844
96.2972 0.00321084 933212 0.0480742
96.545 0.00320319 933582 0.0479598
96.7929 0.00317341 944786 0.0475138
97.0421 0.00316736 952422 0.0474232
97.2918 0.00314536 958850 0.0470939
97.5418 0.00313104 964152 0.0468794
97.7929 0.00311863 977106 0.0466937
98.0448 0.00310425 980390 0.0464784
98.2967 0.00308678 987162 0.0462168
98.5494 0.00307652 997082 0.0460632
98.803 0.00305764 1005240 0.0457805
99.0568 0.00304745 1008218 0.0456279
99.3112 0.00301374 1020270 0.0451233
99.567 0.00300163 1029386 0.0449418
99.8227 0.00299612 1030422 0.0448595
100.079 0.00297782 1048556 0.0445854
100.337 0.00296605 1044762 0.0444091
100.594 0.00294522 1061342 0.0440973
100.853 0.00293002 1066122 0.0438697
101.112 0.00292307 1080278 0.0437657
101.372 0.00290735 1080882 0.0435302
101.633 0.00288361 1095860 0.0431748
101.895 0.00286809 1101246 0.0429425
102.156 0.00285236 1105722 0.042707
102.419 0.00284413 1122854 0.0425837
102.683 0.00282436 1122522 0.0422877
102.946 0.00280976 1135754 0.0420691
103.211 0.00279862 1146096 0.0419023
103.476 0.00278963 1150154 0.0417677
103.743 0.00277994 1165614 0.0416226
104.01 0.00275898 1169954 0.0413088
104.276 0.00274974 1174794 0.0411704
104.544 0.00273257 1188782 0.0409134
104.813 0.00272147 1202250 0.0407472
105.083 0.00270265 1207520 0.0404654
105.354 0.00269595 1221258 0.0403651
105.624 0.00267726 1222682 0.0400853
105.896 0.00266823 1236822 0.03995
106.168 0.0026532 1245962 0.0397251
106.441 0.00263564 1251582 0.0394621
106.714 0.00262336 1263914 0.0392782
106.989 0.00260584 1277892 0.0390159
107.264 0.0025982 1287302 0.0389015
107.541 0.0025886 1295394 0.0387578
107.817 0.00257745 1300334 0.0385909
108.094 0.00256094 1315458 0.0383437
108.372 0.00254431 1325810 0.0380946
108.651 0.00253396 1334190 0.0379397
108.93 0.00251625 1343954 0.0376746
109.21 0.00250769 1357794 0.0375463
109.491 0.00250006 1363328 0.0374321
109.771 0.00248382 1371210 0.037189
110.054 0.00247302 1394666 0.0370272
110.338 0.00245947 1396910 0.0368243
110.621 0.00244762 1410546 0.0366469
110.906 0.00243216 1416590 0.0364154
111.19 0.00241895 1429794 0.0362177
111.477 0.00241082 1449338 0.036096
111.764 0.00239594 1451382 0.0358732
112.051 0.00238815 1459178 0.0357565
112.338 0.00237574 1474866 0.0355707
112.627 0.00235889 1486952 0.0353184
112.917 0.00235453 1500402 0.0352532
113.208 0.00234315 1512098 0.0350827
113.499 0.00232637 1521486 0.0348316
113.791 0.00231332 1531346 0.0346361
114.083 0.00230652 1544826 0.0345344
114.376 0.00229046 1556654 0.0342939
114.67 0.00228072 1570562 0.034148
114.965 0.00226879 1579914 0.0339694
115.261 0.00226159 1598798 0.0338617
115.558 0.00224542 1603074 0.0336195
115.855 0.00223345 1620794 0.0334404
116.153 0.00222298 1631262 0.0332835
116.451 0.0022145 1639754 0.0331566
116.751 0.00219828 1658106 0.0329138
117.051 0.00218759 1667510 0.0327537
117.351 0.00218366 1679754 0.0326949
117.653 0.0021656 1698164 0.0324245
117.956 0.00215241 1707206 0.032227
118.259 0.0021408 1717866 0.0320531
118.563 0.00213171 1737602 0.031917
118.868 0.0021195 1745166 0.0317342
119.174 0.00210907 1768226 0.031578
119.48 0.00209768 1771986 0.0314075
119.788 0.0020893 1789838 0.031282
120.096 0.00207623 1802874 0.0310864
120.404 0.00206767 1814282 0.0309581
120.714 0.00205702 1834154 0.0307988
121.024 0.0020464 1843710 0.0306398
121.336 0.00203606 1859306 0.0304849
121.647 0.00202739 1870050 0.0303551
121.96 0.0020152 1891334 0.0301726
122.274 0.00200392 1898490 0.0300036
122.588 0.00199828 1921898 0.0299192
122.903 0.00198547 1926590 0.0297274
123.219 0.00197847 1950426 0.0296226
123.536 0.00196645 1966178 0.0294426
123.854 0.00195604 1973922 0.0292869
124.172 0.00193952 1991942 0.0290395
124.492 0.00193408 2008394 0.028958
124.811 0.00192129 2021802 0.0287665
125.132 0.00191347 2039858 0.0286494
125.454 0.00190215 2057670 0.0284799
125.777 0.0018906 2069354 0.028307
126.1 0.00188518 2086922 0.0282258
126.424 0.00187596 2101206 0.0280878
126.75 0.00186506 2122514 0.0279246
127.076 0.0018548 2133600 0.0277709
127.402 0.00184517 2148026 0.0276268
127.73 0.00183498 2177030 0.0274742
128.059 0.00182533 2183874 0.0273298
128.387 0.00182014 2194802 0.027252
128.717 0.00181432 2228706 0.027165
129.049 0.00180214 2238902 0.0269826
129.381 0.00179172 2249906 0.0268265
129.713 0.00178332 2273034 0.0267007
130.047 0.00177552 2286386 0.026584
130.381 0.00176716 2303982 0.0264588
130.716 0.00176194 2326394 0.0263806
131.052 0.00175144 2342522 0.0262235
131.389 0.00174043 2361450 0.0260585
131.727 0.00173031 2375606 0.0259071
132.066 0.00171995 2398010 0.025752
132.405 0.00171293 2411016 0.0256468
132.746 0.0017075 2442266 0.0255655
133.087 0.00169515 2449086 0.0253807
133.429 0.00168755 2476418 0.0252669
133.772 0.00168259 2484818 0.0251925
134.116 0.00167387 2516802 0.025062
134.461 0.00166333 2530442 0.0249042
134.807 0.00165472 2554382 0.0247754
135.154 0.00164553 2565978 0.0246377
135.502 0.00163928 2590778 0.0245441
135.85 0.00163219 2606874 0.0244379
136.199 0.00161953 2631164 0.0242484
136.549 0.00161094 2649554 0.0241198
136.9 0.00160595 2666754 0.0240451
137.252 0.00159858 2693714 0.0239347
137.606 0.00158916 2715650 0.0237937
137.959 0.0015828 2725038 0.0236984
138.313 0.00157349 2755226 0.023559
138.669 0.00156568 2773802 0.0234421
139.026 0.00155906 2798760 0.023343
139.383 0.00155147 2820002 0.0232294
139.742 0.00154495 2837054 0.0231317
140.101 0.00153504 2870922 0.0229834
140.462 0.00152895 2881346 0.0228922
140.823 0.00151992 2902394 0.0227571
141.185 0.00151234 2928498 0.0226434
141.547 0.00150334 2947664 0.0225088
141.911 0.0014956 2979758 0.0223929
142.277 0.00148728 2998434 0.0222683
142.643 0.00147887 3024578 0.0221423
143.01 0.00147338 3043514 0.0220602
143.377 0.00146705 3061818 0.0219654
143.746 0.00146042 3091868 0.0218661
144.115 0.00145045 3114722 0.0217169
144.486 0.00144207 3143634 0.0215914
144.857 0.00143768 3160586 0.0215257
145.23 0.00142816 3184658 0.0213831
145.603 0.00142238 3222000 0.0212966
145.978 0.00141453 3231974 0.021179
146.353 0.00140624 3262802 0.0210549
146.729 0.00139648 3286002 0.0209088
147.106 0.00139183 3312602 0.0208391
147.485 0.00138606 3337568 0.0207528
147.864 0.00137787 3366362 0.0206301
148.244 0.00137217 3396018 0.0205448
148.625 0.00136443 3408926 0.0204289
149.007 0.00135944 3444482 0.0203542
149.39 0.00135038 3467784 0.0202186
149.774 0.00134509 3498770 0.0201394
150.16 0.00133682 3524282 0.0200156
150.546 0.00133005 3548354 0.0199142
150.933 0.00132114 3580968 0.0197808
151.321 0.00131505 3607658 0.0196896
151.71 0.00130884 3634646 0.0195966
152.1 0.00130134 3660666 0.0194843
152.491 0.00129755 3689696 0.0194275
152.884 0.00129041 3722978 0.0193206
153.277 0.00128199 3749090 0.0191946
153.671 0.00127857 3773754 0.0191434
154.066 0.00126853 3805976 0.0189931
154.462 0.00126312 3833522 0.0189121
154.859 0.00125774 3862434 0.0188314
155.257 0.00125137 3903374 0.0187361
155.657 0.00124499 3917240 0.0186406
156.057 0.00123908 3961082 0.0185521
156.458 0.00123328 3985818 0.0184652
156.861 0.00122436 4017122 0.0183317
157.264 0.00122022 4050344 0.0182698
157.668 0.00121403 4079402 0.0181771
158.073 0.00120776 4102290 0.0180832
158.48 0.00120223 4147256 0.0180004
158.887 0.00119585 4173074 0.0179049
159.296 0.00118956 4204082 0.0178107
159.705 0.00118331 4241100 0.0177172
160.116 0.00117912 4268354 0.0176543
160.528 0.00117244 4310354 0.0175543
160.94 0.00116677 4336802 0.0174695
161.354 0.00116091 4373568 0.0173817
161.769 0.00115576 4401866 0.0173046
162.185 0.00114896 4440074 0.0172028
162.602 0.00114498 4476560 0.0171433
163.02 0.00113924 4509378 0.0170572
163.44 0.00113128 4546658 0.0169382
163.86 0.0011254 4583720 0.0168501
164.282 0.00112077 4613090 0.0167806
164.704 0.00111474 4650386 0.0166905
165.127 0.00110793 4686120 0.0165885
165.552 0.00110351 4713410 0.0165222
165.977 0.00109957 4757864 0.0164634
166.404 0.00109389 4793786 0.0163783
166.832 0.00108785 4840422 0.0162879
167.261 0.00108316 4868024 0.0162176
167.691 0.00107686 4904978 0.0161233
168.122 0.00107102 4946690 0.0160359
168.554 0.00106589 4985120 0.0159591
168.988 0.00105923 5023338 0.0158593
169.423 0.00105383 5067146 0.0157784
169.858 0.00104924 5094296 0.0157098
170.295 0.0010436 5139554 0.0156254
170.733 0.00103976 5182520 0.0155678
171.172 0.00103493 5223618 0.0154955
171.612 0.00102847 5252786 0.0153988
172.053 0.00102347 5301128 0.0153238
172.496 0.00101823 5349314 0.0152455
172.939 0.00101282 5379920 0.0151645
173.384 0.00100799 5428778 0.0150921
173.83 0.0010027 5458488 0.0150129
174.277 0.000997559 5513570 0.0149359
174.725 0.000991578 5549522 0.0148464
175.174 0.000986851 5588936 0.0147756
175.624 0.000982768 5646746 0.0147145
176.076 0.000977371 5677520 0.0146337
176.529 0.000973061 5723130 0.0145692
176.982 0.000968702 5769560 0.0145039
177.438 0.000964373 5817050 0.0144391
177.894 0.000959121 5857202 0.0143604
178.351 0.000954403 5906408 0.0142898
178.81 0.000950008 5946794 0.014224
179.27 0.000944528 6000396 0.0141419
179.731 0.000939473 6038906 0.0140663
180.193 0.000935472 6091256 0.0140064
180.656 0.000931159 6140858 0.0139418
181.121 0.000926959 6177776 0.0138789
181.586 0.000921943 6239738 0.0138038
182.053 0.000916776 6270456 0.0137264
182.521 0.000911425 6326018 0.0136463
182.991 0.000907729 6384392 0.013591
183.461 0.000905401 6427970 0.0135561
183.933 0.000899541 6477032 0.0134684
184.406 0.000895368 6519386 0.0134059
184.88 0.000891909 6578144 0.0133541
185.355 0.000886966 6629210 0.0132801
185.832 0.000881998 6675720 0.0132057
186.31 0.000877462 6738554 0.0131378
186.789 0.000873761 6772208 0.0130824
187.269 0.000868735 6835742 0.0130071
187.75 0.000864388 6893840 0.012942
188.233 0.000860621 6937658 0.0128856
188.717 0.000855494 6992360 0.0128089
189.202 0.000852079 7055024 0.0127578
189.689 0.000846579 7095962 0.0126754
190.176 0.000843828 7160064 0.0126342
190.666 0.000838512 7221338 0.0125546
191.156 0.000834024 7261952 0.0124874
191.647 0.000829001 7331066 0.0124122
192.14 0.000825577 7376108 0.0123609
192.634 0.00082025 7444178 0.0122812
193.13 0.000816356 7498544 0.0122229
193.626 0.000812571 7553096 0.0121662
194.124 0.000809299 7605074 0.0121172
194.623 0.000804251 7677224 0.0120416
195.123 0.000800701 7730426 0.0119885
195.625 0.000797516 7797984 0.0119408
196.128 0.000792815 7853588 0.0118704
196.633 0.000787821 7911458 0.0117957
197.138 0.000783549 7965872 0.0117317
197.645 0.000779488 8040818 0.0116709
198.153 0.000775107 8091080 0.0116053
198.663 0.000771102 8170088 0.0115453
199.174 0.000767568 8227610 0.0114924
199.686 0.000763359 8278412 0.0114294
200.199 0.000759706 8352296 0.0113747
200.714 0.000756198 8419322 0.0113222
201.23 0.000753209 8471912 0.0112774
201.747 0.000748338 8540552 0.0112045
202.266 0.000745329 8612762 0.0111594
202.786 0.000740581 8694428 0.0110883
203.308 0.000737057 8739866 0.0110356
203.831 0.00073272 8821520 0.0109706
204.355 0.00072906 8874512 0.0109158
204.88 0.00072494 8948306 0.0108542
205.407 0.000720986 9023400 0.010795
205.935 0.000717151 9093620 0.0107375
206.465 0.000713948 9151952 0.0106896
206.995 0.000710007 9229178 0.0106306
207.527 0.000706462 9302240 0.0105775
208.061 0.000702685 9377192 0.0105209
208.596 0.000698392 9446270 0.0104567
209.133 0.000696118 9521792 0.0104226
209.67 0.000692407 9588752 0.0103671
210.209 0.000689121 9670178 0.0103179
210.75 0.00068521 9742832 0.0102593
211.292 0.000682072 9819980 0.0102123
211.835 0.00067838 9888560 0.010157
212.38 0.000674656 9971810 0.0101013
212.926 0.000671617 10045688 0.0100558
213.474 0.000668487 10131500 0.0100089
214.022 0.00066409 10193840 0.00994308
214.573 0.00066106 10289138 0.00989772
215.125 0.000657556 10359176 0.00984525
215.677 0.000653977 10435556 0.00979166
216.232 0.000650679 10527032 0.00974229
216.788 0.000648096 10604282 0.00970361
217.345 0.000644592 10681544 0.00965115
217.904 0.000641525 10773116 0.00960523
218.465 0.000638132 10854352 0.00955443
219.026 0.000633885 10925264 0.00949084
219.589 0.000630913 11022962 0.00944634
220.154 0.00062826 11104076 0.00940661
220.72 0.000624678 11198888 0.00935299
221.288 0.000621196 11274560 0.00930086
221.857 0.00061847 11362352 0.00926003
222.427 0.000615617 11450918 0.00921733
222.999 0.000612169 11540792 0.0091657
223.573 0.000608796 11638856 0.00911519
224.147 0.000605442 11715836 0.00906498
224.724 0.000601989 11809448 0.00901328
225.302 0.000599416 11906312 0.00897475
225.881 0.000596246 11989478 0.00892729
226.462 0.00059372 12091352 0.00888947
227.044 0.000590287 12185264 0.00883806
227.628 0.000587598 12267320 0.00879781
228.213 0.00058406 12372476 0.00874483
228.8 0.000581248 12468856 0.00870273
229.388 0.000577828 12568520 0.00865152
229.978 0.000574877 12652574 0.00860735
230.569 0.000571913 12752984 0.00856296
231.162 0.000569642 12859160 0.00852896
231.756 0.000566547 12949244 0.00848262
232.352 0.000563886 13055168 0.00844278
232.95 0.000560975 13151840 0.00839919
233.549 0.000557864 13271996 0.00835262
234.149 0.000555141 13354232 0.00831184
234.751 0.000552495 13465052 0.00827223
235.355 0.000549611 13566064 0.00822905
235.96 0.000546914 13671944 0.00818867
236.567 0.000543999 13776566 0.00814502
237.175 0.000541093 13890512 0.00810151
237.785 0.000538332 13999112 0.00806017
238.397 0.000535239 14097908 0.00801386
239.009 0.000532749 14203280 0.00797658
239.624 0.000530438 14324084 0.00794197
240.24 0.000526856 14438080 0.00788834
240.858 0.000524389 14534936 0.00785141
241.477 0.000522516 14653316 0.00782336
242.098 0.000519286 14776880 0.007775
242.721 0.000516368 14873084 0.00773132
243.345 0.00051398 15008984 0.00769556
243.971 0.000511311 15105272 0.0076556
244.598 0.000508804 15237076 0.00761806
245.227 0.000505658 15350984 0.00757096
245.857 0.000503036 15445892 0.0075317
246.489 0.000500375 15598592 0.00749186
247.123 0.000497738 15704288 0.00745238
247.759 0.000495444 15842660 0.00741803
248.396 0.000493052 15932848 0.00738221
249.034 0.000490612 16083092 0.00734568
249.675 0.000488249 16195904 0.0073103
250.317 0.000485738 16313708 0.00727271
250.96 0.000482861 16448672 0.00722963
251.605 0.000480467 16589012 0.00719379
252.252 0.000478217 16698160 0.0071601
252.901 0.000475669 16835390 0.00712194
253.551 0.000473062 16968356 0.00708292
254.203 0.00047015 17101592 0.00703931
254.857 0.000467819 17226524 0.00700442
255.513 0.00046531 17365816 0.00696685
256.169 0.000463082 17485796 0.00693349
256.828 0.000460513 17631224 0.00689503
257.488 0.000458119 17771780 0.00685918
258.151 0.000455842 17908096 0.00682508
258.814 0.000453876 18033524 0.00679565
259.479 0.000451067 18177278 0.0067536
260.147 0.000448769 18323780 0.00671919
260.816 0.000446693 18474272 0.00668811
261.486 0.000444157 18609292 0.00665014
262.159 0.000441868 18751232 0.00661586
262.833 0.000439825 18896948 0.00658527
263.509 0.000437454 19043600 0.00654977
264.186 0.000435162 19187434 0.00651545
264.866 0.000432856 19343312 0.00648093
265.547 0.000430699 19484900 0.00644863
266.229 0.000428389 19639040 0.00641405
266.914 0.000426212 19790812 0.00638146
267.6 0.000424141 19944428 0.00635045
268.288 0.000422108 20083934 0.00632001
268.978 0.0004194 20264708 0.00627946
269.67 0.00041763 20416744 0.00625296
270.363 0.000415518 20561780 0.00622134
271.058 0.000413408 20722592 0.00618975
271.755 0.000410966 20897122 0.00615319
272.454 0.000408929 21038948 0.00612268
273.155 0.000406725 21220016 0.00608969
273.857 0.000404797 21375740 0.00606082
274.561 0.000402732 21538654 0.00602991
275.267 0.000400283 21710852 0.00599323
275.975 0.000398419 21863168 0.00596533
276.684 0.000395855 22042780 0.00592693
277.396 0.000394083 22225562 0.0059004
278.109 0.000391796 22374104 0.00586617
278.824 0.000389472 22567564 0.00583136
279.541 0.000387554 22732424 0.00580265
280.26 0.000385503 22921610 0.00577195
280.981 0.000383449 23086564 0.00574119
281.703 0.000381182 23262032 0.00570725
282.427 0.00037951 23433890 0.00568222
283.153 0.000377592 23636092 0.00565349
283.882 0.000375733 23824040 0.00562566
284.612 0.000373746 23985218 0.0055959
285.343 0.000371445 24179260 0.00556145
286.077 0.000369827 24376712 0.00553724
286.813 0.000367876 24544178 0.00550801
287.55 0.000365576 24753748 0.00547359
288.29 0.000363487 24937064 0.0054423
289.031 0.000361687 25134674 0.00541536
289.774 0.000360106 25307668 0.00539169
290.519 0.00035805 25517864 0.0053609
291.266 0.00035618 25728626 0.0053329
292.015 0.000354456 25893652 0.0053071
292.766 0.000352788 26127710 0.00528212
293.519 0.000350903 26319604 0.00525389
294.273 0.00034905 26520908 0.00522614
295.03 0.000347075 26726654 0.00519658
295.788 0.000345305 26929204 0.00517008
296.549 0.000343481 27145994 0.00514276
297.312 0.000341618 27352564 0.00511487
298.076 0.000339931 27572150 0.00508961
298.843 0.000337972 27769916 0.00506029
299.611 0.000336248 27998308 0.00503447
300.382 0.000334385 28207190 0.00500658
301.154 0.00033276 28426180 0.00498225
301.928 0.000331143 28624130 0.00495803
302.704 0.000329176 28896460 0.00492859
303.483 0.000327591 29080694 0.00490486
304.263 0.000325775 29319836 0.00487766
305.046 0.000324268 29532394 0.0048551
305.83 0.00032263 29767340 0.00483058
306.616 0.000320775 30014194 0.0048028
307.405 0.000319208 30224432 0.00477934
308.195 0.000317361 30473410 0.00475169
308.988 0.000316039 30702596 0.0047319
309.782 0.000314222 30930418 0.00470468
310.578 0.000312497 31176008 0.00467886
311.377 0.000310821 31426922 0.00465377
312.178 0.000309446 31653868 0.00463318
312.98 0.000307773 31911962 0.00460812
313.785 0.000306224 32153338 0.00458493
314.592 0.000304947 32400824 0.00456581
315.401 0.000303256 32673226 0.0045405
316.212 0.000301626 32897276 0.00451609
317.025 0.000300084 33149338 0.004493
317.84 0.000298583 33432602 0.00447053
318.657 0.000296878 33673084 0.004445
319.476 0.000295145 33919790 0.00441906
320.298 0.000293803 34217764 0.00439896
321.122 0.000292224 34469282 0.00437531
321.948 0.00029073 34723138 0.00435295
322.775 0.000289147 34993172 0.00432925
323.605 0.000287664 35281954 0.00430705
324.437 0.000286144 35524210 0.00428429
325.271 0.000284778 35815028 0.00426384
326.108 0.000283212 36103222 0.00424039
326.946 0.000281678 36363554 0.00421742
327.787 0.000280225 36666988 0.00419567
328.63 0.000278859 36930554 0.00417522
329.475 0.000277385 37232002 0.00415315
330.322 0.000275849 37512140 0.00413015
331.171 0.000274465 37794946 0.00410942
332.023 0.000273161 38093978 0.0040899
332.877 0.000271583 38400652 0.00406628
333.733 0.000270288 38670034 0.00404688
334.591 0.000268838 38996498 0.00402518
335.451 0.000267574 39277894 0.00400625
336.314 0.000266055 39591956 0.00398351
337.178 0.000264859 39888106 0.0039656
338.045 0.000263378 40208698 0.00394342
338.914 0.000262011 40517882 0.00392295
339.786 0.000260753 40820764 0.00390413
340.66 0.000259371 41154026 0.00388342
341.536 0.000257948 41459578 0.00386213
342.414 0.000256578 41788306 0.00384161
343.294 0.000255241 42081866 0.00382159
344.177 0.000253973 42446572 0.0038026
345.062 0.000252664 42763874 0.00378301
345.949 0.000251514 43094746 0.0037658
346.839 0.000250208 43426258 0.00374623
347.73 0.000248978 43752578 0.00372783
348.624 0.000247605 44101090 0.00370727
349.521 0.000246402 44436868 0.00368925
350.42 0.000245145 44782802 0.00367043
351.321 0.000243966 45128914 0.00365278
352.224 0.000242884 45483370 0.00363658
353.13 0.000241533 45816314 0.00361636
354.037 0.000240342 46188442 0.00359852
354.948 0.000239093 46553674 0.00357982
355.861 0.000237838 46895978 0.00356103
356.776 0.000236742 47266582 0.00354462
357.693 0.00023557 47633458 0.00352707
358.613 0.000234352 47988956 0.00350884
359.535 0.000233257 48376618 0.00349243
360.459 0.000232002 48746386 0.00347365
361.386 0.000231027 49117010 0.00345906
362.315 0.000229832 49488418 0.00344117
363.247 0.000228628 49895914 0.00342313
364.181 0.000227557 50262466 0.0034071
365.117 0.000226394 50665130 0.00338968
366.056 0.000225245 51039802 0.00337248
366.997 0.000224167 51446590 0.00335634
367.941 0.000223096 51844810 0.0033403
368.887 0.000221939 52248530 0.00332298
369.836 0.000220755 52642810 0.00330526
370.787 0.000219675 53061658 0.00328909
371.74 0.000218679 53477170 0.00327417
372.696 0.000217536 53869586 0.00325706
373.654 0.00021653 54282286 0.00324199
374.615 0.000215453 54713002 0.00322588
375.578 0.000214404 55139536 0.00321016
376.544 0.000213478 55571090 0.00319629
377.512 0.000212406 55982746 0.00318025
378.483 0.000211336 56420434 0.00316423
379.456 0.000210364 56893246 0.00314968
380.432 0.000209446 57287866 0.00313592
381.41 0.000208362 57743522 0.0031197
382.39 0.00020745 58181746 0.00310604
383.373 0.000206428 58643734 0.00309074
384.359 0.000205518 59099032 0.00307712
385.348 0.000204522 59564794 0.0030622
386.339 0.000203492 60009410 0.00304679
387.332 0.000202601 60480010 0.00303344
388.328 0.000201663 60944086 0.0030194
389.326 0.000200759 61411906 0.00300587
390.327 0.000199808 61897144 0.00299163
391.331 0.000198875 62377450 0.00297766
392.337 0.000197994 62855294 0.00296447
393.346 0.000197053 63328810 0.00295037
394.358 0.000196178 63845434 0.00293728
395.372 0.000195227 64315900 0.00292304
396.388 0.000194387 64821082 0.00291046
397.407 0.0001935 65323114 0.00289718
398.429 0.000192609 65803834 0.00288383
399.453 0.000191754 66337516 0.00287104
400.481 0.000190972 66866810 0.00285932
401.511 0.000190122 67364626 0.0028466
402.543 0.000189276 67877710 0.00283394
403.578 0.000188457 68429272 0.00282167
404.616 0.000187507 68934970 0.00280745
405.656 0.000186829 69468262 0.0027973
406.699 0.000185958 69998872 0.00278426
407.745 0.00018521 70555138 0.00277305
408.793 0.000184335 71098054 0.00275995
409.844 0.00018357 71666560 0.0027485
410.898 0.000182835 72194566 0.00273749
411.955 0.000182011 72762586 0.00272516
413.014 0.000181403 73331672 0.00271606
414.076 0.000180669 73882918 0.00270507
415.141 0.000179899 74467456 0.00269354
416.208 0.000179171 75008962 0.00268263
417.278 0.000178435 75649294 0.00267161
418.351 0.000177775 76200112 0.00266173
419.427 0.000177056 76798606 0.00265097
420.505 0.000176369 77363128 0.00264068
421.586 0.000175694 77993662 0.00263058
422.671 0.000175074 78583960 0.00262129
423.757 0.000174372 79193662 0.00261078
424.847 0.000173822 79812544 0.00260254
425.939 0.00017313 80441746 0.00259218
427.035 0.000172409 81027292 0.0025814
428.133 0.000171763 81674242 0.00257172
429.233 0.000171103 82306036 0.00256184
430.337 0.000170533 82931794 0.0025533
431.444 0.000169899 83595436 0.00254381
432.553 0.000169281 84226090 0.00253456
433.665 0.000168721 84905020 0.00252618
434.78 0.000168156 85521378 0.00251772
435.898 0.000167655 86208148 0.00251022
437.019 0.000167056 86867170 0.00250124
438.143 0.000166555 87522292 0.00249374
439.269 0.000165989 88222264 0.00248527
440.399 0.000165564 88892302 0.00247891
441.531 0.000165028 89582572 0.00247087
442.666 0.000164568 90272914 0.00246399
443.805 0.000164157 90984868 0.00245784
444.946 0.000163686 91689400 0.00245079
446.09 0.000163178 92388094 0.00244318
447.237 0.000162845 93094336 0.00243819
448.387 0.000162417 93815556 0.00243179
449.54 0.000161968 94551622 0.00242507
450.696 0.000161485 95291992 0.00241783
451.855 0.000161148 96010564 0.00241278
453.016 0.000160731 96766954 0.00240654
454.181 0.000160421 97501132 0.00240191
455.349 0.000160042 98254180 0.00239622
456.52 0.000159713 99021864 0.0023913
457.694 0.000159425 99782158 0.00238699
458.871 0.000159152 100571620 0.0023829
460.051 0.000158841 101334952 0.00237824
461.233 0.000158592 102118276 0.00237452
462.419 0.000158333 102902278 0.00237064
463.608 0.000158157 103719888 0.002368
464.8 0.00015789 104491492 0.00236401
465.995 0.000157683 105311284 0.0023609
467.194 0.000157439 106140496 0.00235725
468.395 0.000157244 106951822 0.00235433
469.599 0.000157164 107791596 0.00235314
470.807 0.000157044 108606772 0.00235134
472.017 0.00015697 109435288 0.00235023
473.231 0.000156811 110302564 0.00234785
474.448 0.000156732 111143388 0.00234667
475.668 0.000156719 112020700 0.00234648
476.891 0.000156643 112894306 0.00234534
478.117 0.000156614 113729956 0.00234491
479.346 0.000156596 114639612 0.00234463
480.579 0.000156538 115499620 0.00234376
481.815 0.000156571 116421520 0.00234426
483.053 0.000156335 116939335 0.00234072
484.295 0.000155697 116939280 0.00233117
485.54 0.000155099 116943532 0.00232222
486.789 0.000154451 116899072 0.00231252
488.04 0.000153914 116889072 0.00230447
489.295 0.000153285 116872720 0.00229506
490.553 0.000152648 116858284 0.00228552
491.815 0.000151989 116795044 0.00227565
493.079 0.000151331 116788176 0.00226581
494.347 0.000150739 116732812 0.00225694
495.618 0.000150182 116648368 0.0022486
496.892 0.000149554 116650344 0.0022392
498.17 0.000148952 116564920 0.00223018
499.451 0.000148449 116498052 0.00222266
500.735 0.000147885 116435392 0.0022142
502.023 0.000147248 116367904 0.00220467
503.314 0.000146686 116257824 0.00219625
504.608 0.00014619 116196436 0.00218883
505.905 0.000145674 116095600 0.00218111
507.206 0.000145111 115986576 0.00217268
508.51 0.000144528 115891240 0.00216394
509.818 0.000143982 115796928 0.00215577
511.129 0.000143426 115651240 0.00214745
512.443 0.000142952 115542868 0.00214034
513.761 0.000142422 115417320 0.00213241
515.082 0.000141882 115277548 0.00212433
516.406 0.000141391 115132296 0.00211697
517.734 0.00014089 114982240 0.00210948
519.065 0.000140393 114819180 0.00210203
520.399 0.000139895 114670768 0.00209457
521.738 0.000139416 114525108 0.00208741
523.079 0.000138891 114298600 0.00207955
524.424 0.000138437 114176136 0.00207275
525.773 0.000137962 113947792 0.00206563
527.124 0.000137545 113768896 0.00205939
528.48 0.000137058 113558592 0.0020521
529.839 0.000136673 113367724 0.00204634
531.201 0.000136218 113127276 0.00203952
532.567 0.000135738 112914256 0.00203233
533.936 0.000135314 112688340 0.00202599
535.309 0.000134887 112426152 0.0020196
536.686 0.000134475 112198672 0.00201343
538.066 0.00013407 111958488 0.00200737
539.449 0.000133653 111666640 0.00200112
540.836 0.000133216 111400152 0.00199458
542.227 0.000132859 111137236 0.00198922
543.621 0.000132417 110862960 0.00198261
545.019 0.000132094 110551120 0.00197778
546.42 0.000131701 110256372 0.00197189
547.825 0.000131369 109929480 0.00196691
549.234 0.000131048 109648240 0.00196211
550.646 0.000130699 109288116 0.00195689
552.062 0.000130398 108971368 0.00195238
553.481 0.000130112 108615876 0.0019481
554.904 0.00012967 108258792 0.00194148
556.331 0.000129361 107896156 0.00193685
557.762 0.000129073 107548044 0.00193254
559.196 0.000128722 107155156 0.0019273
560.634 0.000128464 106745640 0.00192343
562.075 0.000128195 106381152 0.00191939
563.52 0.000127921 105950332 0.0019153
564.969 0.000127641 105560460 0.00191111
566.422 0.000127399 105095832 0.00190748
567.878 0.000127135 104691448 0.00190353
569.339 0.000126877 104227416 0.00189966
570.802 0.000126647 103768020 0.00189622
572.27 0.000126475 103321584 0.00189365
573.742 0.000126219 102828700 0.00188981
575.217 0.000126089 102352788 0.00188787
576.696 0.000125846 101856600 0.00188423
578.179 0.000125731 101332732 0.0018825
579.665 0.000125489 100832628 0.00187888
581.156 0.000125384 100293552 0.00187731
582.65 0.000125197 99747192 0.00187451
584.148 0.000125074 99219016 0.00187266
585.65 0.000124853 98641428 0.00186937
587.156 0.000124718 98075004 0.00186733
588.666 0.000124606 97492236 0.00186567
590.179 0.000124448 96889368 0.0018633
591.697 0.000124379 96288544 0.00186227
593.218 0.000124267 95667084 0.00186059
594.744 0.000124179 95038752 0.00185926
596.273 0.000124082 94392264 0.00185781
597.806 0.00012398 93742056 0.00185629
599.343 0.000123971 93080044 0.00185616
600.884 0.000123982 92395188 0.00185632
602.429 0.000123971 91699368 0.00185615
603.978 0.000124001 90981384 0.0018566
605.531 0.000124036 90300588 0.00185712
607.088 0.000124048 89544360 0.00185731
608.649 0.000124075 88824232 0.00185772
610.214 0.000124145 88040328 0.00185876
611.783 0.000124177 87297984 0.00185923
613.356 0.000124286 86497968 0.00186087
614.933 0.000124376 85707504 0.00186222
616.514 0.000124449 84898392 0.00186332
618.099 0.000124627 84056904 0.00186597
619.689 0.000124774 83247912 0.00186818
621.282 0.000124905 82396368 0.00187014
622.88 0.000125096 81516660 0.00187299
624.481 0.000125226 80625504 0.00187495
626.087 0.000125365 79743588 0.00187702
627.696 0.000125533 78851196 0.00187954
629.311 0.000125757 77904480 0.0018829
630.928 0.000125998 76957480 0.00188651
632.551 0.000126211 76018464 0.00188969
634.177 0.000126344 75041040 0.00189168
635.808 0.000126598 74065920 0.00189549
637.442 0.000126839 73055520 0.0018991
639.081 0.000127173 72045396 0.0019041
640.725 0.000127386 70993964 0.00190728
642.372 0.000127742 69966888 0.00191262
644.024 0.000128066 68889276 0.00191747
645.68 0.000128419 67824288 0.00192275
647.34 0.000128654 66704700 0.00192628
649.004 0.0001289 65602596 0.00192995
650.673 0.000129214 64452240 0.00193465
652.346 0.000129592 63318708 0.00194031
654.023 0.000129931 62140668 0.00194539
655.705 0.000130331 60969048 0.00195138
657.391 0.000130624 59742948 0.00195576
659.081 0.000131021 58545444 0.00196171
660.775 0.000131307 57293532 0.00196599
662.474 0.000131624 56035064 0.00197075
664.178 0.000131918 54769164 0.00197514
665.885 0.000132119 53467236 0.00197815
667.597 0.000132376 52159800 0.001982
669.314 0.000132499 50824572 0.00198384
671.035 0.000132672 49478256 0.00198643
672.76 0.000132684 48107940 0.00198662
674.49 0.000132563 46713656 0.0019848
676.224 0.000132288 45286716 0.00198068
677.962 0.000131908 43878768 0.00197499
679.705 0.000131524 42417696 0.00196925
681.452 0.000130946 40952868 0.00196058
683.205 0.000130221 39518069 0.00194974
684.962 0.000129794 38220792 0.00194335
686.723 0.000129587 37010586 0.00194024
688.489 0.00012943 35872284 0.00193789
690.259 0.000129268 34769120 0.00193547
692.034 0.000129214 33713676 0.00193466
693.814 0.000129243 32679294 0.00193509
695.597 0.000129096 31689516 0.00193288
697.386 0.000129235 30731648 0.00193496
699.179 0.000129208 29789496 0.00193457
700.977 0.000129231 28876206 0.00193491
702.78 0.000129356 27977588 0.00193678
704.586 0.000129522 27112026 0.00193927
706.398 0.000129771 26263032 0.001943
708.215 0.000129889 25433732 0.00194477
710.036 0.000130227 24617118 0.00194983
711.861 0.000130577 23829618 0.00195506
713.691 0.000130739 23045474 0.00195749
715.526 0.00013114 22291164 0.00196349
717.366 0.000131406 21548138 0.00196747
719.211 0.000131781 20822178 0.00197309
721.06 0.000132191 20107248 0.00197923
722.914 0.000132794 19406348 0.00198826
724.772 0.000133423 18723654 0.00199767
726.636 0.000133937 18059312 0.00200537
728.504 0.000134657 17402742 0.00201615
730.377 0.000135401 16754724 0.00202729
732.255 0.000136112 16135814 0.00203793
734.138 0.000136748 15515232 0.00204746
736.025 0.000137571 14911028 0.00205978
737.918 0.00013835 14330256 0.00207144
739.815 0.000139236 13745288 0.00208472
741.717 0.000140026 13186902 0.00209654
743.624 0.000141057 12629240 0.00211197
745.536 0.000142038 12094086 0.00212666
747.453 0.000142865 11563610 0.00213905
749.375 0.000143877 11050836 0.0021542
751.302 0.00014517 10549550 0.00217355
753.233 0.000146522 10053218 0.0021938
755.17 0.000147776 9573252 0.00221258
757.111 0.000149192 9108968 0.00223378
759.058 0.000150481 8650770 0.00225307
761.009 0.000152333 8203508 0.0022808
762.966 0.000153852 7772340 0.00230355
764.927 0.000155702 7352690 0.00233124
766.894 0.000157043 6941804 0.00235133
768.866 0.000158931 6542412 0.00237959
770.843 0.000161285 6154682 0.00241483
772.825 0.000163047 5779532 0.00244122
774.811 0.000165258 5414334 0.00247433
776.803 0.000167331 5062910 0.00250536
778.8 0.000169784 4721528 0.0025421
780.802 0.000172217 4393398 0.00257852
782.81 0.000175224 4074230 0.00262354
784.822 0.000177834 3767654 0.00266262
786.839 0.000180753 3472146 0.00270632
788.861 0.000184221 3188006 0.00275825
790.888 0.000186505 2916440 0.00279244
792.921 0.000189346 2661902 0.00283498
794.961 0.000192915 2410242 0.00288841
797.003 0.000196921 2171384 0.00294839
799.05 0.000200289 1949174 0.00299883
801.105 0.000203373 1738592 0.00304501
803.163 0.00020784 1533366 0.00311188
805.226 0.000212054 1347812 0.00317497
807.296 0.000216108 1170398 0.00323568
809.37 0.00022075 1004792 0.00330518
811.448 0.000225676 853736 0.00337893
813.531 0.00023273 711416 0.00348456
815.621 0.000236763 587334 0.00354493
817.718 0.000244247 468236 0.00365699
819.802 0.000250594 363320 0.00375202
821.909 0.00025637 280856 0.0038385
824.035 0.000264813 198080 0.00396491
826.109 0.000273192 128864 0.00409036
828.186 0.00027872 83264 0.00417313
830.313 0.000286477 42368 0.00428927
832.391 0.000304025 15296 0.00455201
834.243 0.000327043 2046 0.00489665
835.799 0.000451841 1 0.00676519
