# in Mpc/h Units 
# D1 = 0.215728 
# k P N P(z=0)
0.314159 41.7793 6 897.738
0.444288 22.1637 12 476.245
0.54414 14.6605 8 315.019
0.628319 10.1479 6 218.055
0.702481 7.05377 24 151.569
0.76953 6.72608 24 144.527
0.888577 4.62143 12 99.3035
0.942478 4.92324 30 105.789
0.993459 3.15683 24 67.8328
1.04195 3.50127 24 75.2339
1.08828 3.46177 8 74.3851
1.13272 2.49292 24 53.5669
1.17548 2.76205 48 59.3498
1.25664 2.28096 6 49.0124
1.29531 2.18983 48 47.0543
1.33286 1.70883 36 36.7186
1.36939 1.94357 24 41.7627
1.40496 2.55262 24 54.8497
1.43966 1.51263 48 32.5029
1.47354 1.80617 24 38.8102
1.53906 1.72653 24 37.099
1.5708 1.60121 30 34.4061
1.6019 1.40334 72 30.1545
1.63242 1.24598 32 26.7732
1.6918 0.998987 72 21.4658
1.72072 1.79896 48 38.6553
1.77715 1.67059 12 35.8971
1.80471 1.29207 48 27.7636
1.83185 1.04805 48 22.5202
1.85859 1.03751 48 22.2936
1.88496 0.675827 30 14.5219
1.91096 0.602733 24 12.9513
1.93661 0.974745 72 20.9449
1.98692 0.800408 24 17.1989
2.0116 1.06014 96 22.7799
2.03598 0.923368 48 19.841
2.06008 0.813455 24 17.4792
2.0839 0.675939 24 14.5243
2.10744 0.849341 72 18.2503
2.13073 0.85581 48 18.3893
2.17656 0.465913 8 10.0114
2.19911 0.681895 54 14.6523
2.22144 0.651315 84 13.9952
2.24355 0.653123 48 14.0341
2.26543 0.771979 24 16.588
2.28711 0.716718 72 15.4006
2.30859 0.811 96 17.4265
2.35095 0.50113 48 10.7681
2.37185 0.849 48 18.243
2.39257 0.777574 24 16.7082
2.4131 0.493163 72 10.5969
2.45366 0.647995 72 13.9239
2.47369 0.606646 96 13.0354
2.51327 0.516574 6 11.0999
2.53283 0.589413 96 12.6651
2.55224 0.693313 96 14.8976
2.5715 0.555856 24 11.944
2.59062 0.618315 48 13.2861
2.6096 0.607669 96 13.0574
2.62844 0.678006 48 14.5687
2.66573 0.596041 36 12.8075
2.68418 0.579153 48 12.4446
2.7025 0.532562 120 11.4435
2.7207 0.424725 56 9.12633
2.73878 0.572315 24 12.2977
2.75674 0.391412 96 8.4105
2.77458 0.523018 48 11.2384
2.80993 0.589288 24 12.6624
2.82743 0.475534 102 10.2181
2.84483 0.504738 48 10.8456
2.86213 0.421429 72 9.0555
2.87932 0.464047 48 9.97126
2.89641 0.352998 48 7.58509
2.91339 0.489389 120 10.5158
2.94708 0.334187 24 7.18088
2.96377 0.432975 144 9.3036
2.98038 0.481618 120 10.3488
2.99689 0.407393 48 8.75391
3.02964 0.421489 48 9.0568
3.04589 0.407284 96 8.75157
3.07812 0.367165 24 7.88951
3.09411 0.421591 48 9.05898
3.11002 0.44521 108 9.56651
3.12585 0.337661 72 7.25553
3.14159 0.331824 30 7.1301
3.15726 0.441875 168 9.49484
3.17285 0.532012 48 11.4317
3.20381 0.381635 72 8.20043
3.21917 0.34678 96 7.45148
3.23447 0.397549 72 8.54239
3.24969 0.389752 72 8.37483
3.26484 0.368513 32 7.91846
3.27992 0.322044 72 6.91996
3.29493 0.396669 144 8.52346
3.33956 0.401443 96 8.62605
3.3543 0.281314 96 6.04476
3.36898 0.259019 48 5.5657
3.3836 0.403562 72 8.67159
3.39815 0.420155 120 9.02812
3.41264 0.40323 72 8.66445
3.44144 0.292456 48 6.28418
3.45575 0.330852 78 7.10922
3.47 0.29854 120 6.41492
3.48419 0.351973 48 7.56307
3.51241 0.262156 144 5.6331
3.52643 0.306122 144 6.57783
3.55431 0.257119 12 5.52488
3.56816 0.373494 144 8.02549
3.58197 0.452228 48 9.7173
3.59572 0.300307 120 6.45288
3.60942 0.346456 48 7.44451
3.62306 0.322188 48 6.92306
3.63666 0.317444 168 6.82112
3.6637 0.337812 48 7.25878
3.67714 0.304466 96 6.54225
3.69054 0.325522 96 6.99469
3.70388 0.276871 72 5.94929
3.71718 0.246149 48 5.28916
3.73043 0.319219 96 6.85925
3.74364 0.258527 48 5.55513
3.76991 0.279832 30 6.01292
3.78298 0.275737 96 5.92494
3.796 0.272245 192 5.84989
3.80898 0.352567 56 7.57583
3.82191 0.245845 24 5.28262
3.8348 0.279539 168 6.00662
3.84765 0.31328 120 6.73165
3.87322 0.369408 72 7.9377
3.88594 0.264003 144 5.6728
3.89861 0.273375 96 5.87417
3.91125 0.22476 96 4.82955
3.9364 0.336413 72 7.22871
3.94892 0.326882 96 7.02391
3.97384 0.2532 24 5.44066
3.98623 0.257258 192 5.52786
3.99859 0.255299 108 5.48577
4.01092 0.258667 24 5.55814
4.0232 0.305306 96 6.56031
4.03545 0.297078 96 6.38351
4.04766 0.292552 120 6.28623
4.07197 0.189238 48 4.06627
4.08407 0.239427 78 5.14471
4.09614 0.236558 144 5.08306
4.10817 0.22711 120 4.88004
4.12016 0.258422 24 5.55288
4.13212 0.305602 168 6.56666
4.14405 0.247887 144 5.3265
4.16779 0.218421 24 4.69335
4.17962 0.229539 48 4.93224
4.19141 0.234746 96 5.04413
4.20316 0.281185 120 6.042
4.21489 0.277358 72 5.95976
4.22658 0.273198 120 5.87038
4.23824 0.225123 144 4.83736
4.26146 0.217208 48 4.66728
4.27303 0.234539 192 5.03969
4.28456 0.261746 144 5.62429
4.29606 0.211329 48 4.54096
4.31898 0.227946 192 4.89803
4.33039 0.264224 48 5.67754
4.35312 0.18579 8 3.99218
4.36444 0.21708 48 4.66454
4.37573 0.207886 240 4.46698
4.387 0.249622 96 5.36378
4.39823 0.225178 54 4.83854
4.40944 0.223532 120 4.80318
4.42061 0.254772 120 5.47444
4.44288 0.237025 84 5.09311
4.45398 0.213683 144 4.59153
4.46504 0.217174 72 4.66656
4.47608 0.278781 96 5.99033
4.48709 0.267817 48 5.75475
4.49808 0.260069 96 5.58826
4.50903 0.212747 240 4.57144
4.53087 0.274899 24 5.90692
4.54175 0.248914 240 5.34857
4.5526 0.222806 96 4.78758
4.56883 0.209424 144 4.50002
4.585 0.253657 96 5.45048
4.59575 0.160761 72 3.45438
4.61718 0.205058 96 4.40621
4.62785 0.206952 96 4.4469
4.63851 0.203864 120 4.38055
4.64913 0.152698 96 3.28112
4.67484 0.241714 336 5.19385
4.70191 0.224788 48 4.83016
4.71239 0.20475 150 4.39959
4.72285 0.182534 96 3.92222
4.73329 0.174656 120 3.75295
4.75112 0.236441 168 5.08054
4.76446 0.210109 240 4.51474
4.78513 0.325315 24 6.99024
4.79543 0.224822 144 4.8309
4.80571 0.168726 216 3.62552
4.82211 0.212251 120 4.56077
4.83642 0.222125 144 4.77294
4.84661 0.208851 96 4.4877
4.87706 0.207649 144 4.46188
4.88717 0.174147 132 3.742
4.89726 0.182779 104 3.92749
4.90732 0.246763 72 5.30235
4.922 0.20558 312 4.41743
4.94739 0.238007 96 5.1142
4.95735 0.210267 144 4.51814
4.97264 0.213981 312 4.59794
4.99701 0.262096 48 5.63181
5.00687 0.18884 192 4.05772
5.02655 0.103985 6 2.23439
5.03636 0.230818 192 4.95974
5.05103 0.199321 192 4.28294
5.06567 0.171457 96 3.68421
5.0754 0.19153 216 4.11553
5.08511 0.194617 72 4.18185
5.10448 0.172827 96 3.71364
5.11414 0.235521 96 5.06077
5.12539 0.217247 288 4.66811
5.14301 0.162508 24 3.49192
5.1526 0.188728 264 4.05531
5.16216 0.203022 192 4.36246
5.18125 0.134314 48 2.88608
5.19646 0.197243 240 4.23827
5.20974 0.178187 120 3.82881
5.21921 0.181055 96 3.89044
5.23525 0.16425 240 3.52934
5.26471 0.164142 288 3.52703
5.27563 0.18687 96 4.0154
5.28498 0.235217 72 5.05425
5.30362 0.181285 192 3.89539
5.31292 0.182257 144 3.91627
5.33146 0.126152 36 2.71071
5.34719 0.170516 342 3.66399
5.35916 0.142445 96 3.0608
5.37587 0.180794 264 3.88483
5.38671 0.148044 168 3.18111
5.405 0.171367 120 3.68226
5.41412 0.144304 192 3.10075
5.42984 0.183176 264 3.93601
5.4414 0.16939 56 3.63979
5.45589 0.166113 240 3.56937
5.48556 0.171396 216 3.6829
5.49554 0.152873 240 3.28487
5.50963 0.144533 168 3.10567
5.52599 0.165105 240 3.54772
5.55508 0.216085 144 4.64315
5.56692 0.175898 312 3.77962
5.57577 0.155679 144 3.34516
5.59826 0.169953 264 3.65189
5.62783 0.163434 264 3.51182
5.64176 0.164925 192 3.54384
5.65487 0.155233 102 3.33559
5.66891 0.170227 432 3.65778
5.68967 0.156729 48 3.36774
5.69833 0.145723 288 3.13124
5.71069 0.121984 168 2.62114
5.72964 0.147365 192 3.16653
5.74147 0.12791 144 2.74849
5.75863 0.140976 48 3.02923
5.77277 0.134694 276 2.89425
5.78642 0.151233 192 3.24963
5.80132 0.152884 336 3.2851
5.80982 0.19048 216 4.09295
5.83055 0.136608 216 2.93538
5.84792 0.132736 240 2.85219
5.87392 0.156404 408 3.36074
5.89415 0.149248 24 3.20698
5.90669 0.149667 384 3.21598
5.92421 0.141442 240 3.03926
5.93942 0.149115 168 3.20412
5.96499 0.151206 246 3.24905
5.97997 0.128524 320 2.76168
6.00063 0.133406 288 2.86657
6.01022 0.146567 144 3.14938
6.0348 0.143976 288 3.09371
6.04764 0.148514 336 3.19121
6.0651 0.136195 168 2.92652
6.07555 0.168437 336 3.61931
6.09177 0.143537 96 3.08427
6.10391 0.127393 384 2.73737
6.11603 0.127589 72 2.74158
6.13444 0.140357 336 3.01594
6.15624 0.0921063 24 1.97915
6.16996 0.143973 336 3.09363
6.18252 0.110985 168 2.38479
6.19954 0.157086 456 3.3754
6.22004 0.117943 108 2.53432
6.23156 0.13914 264 2.98979
6.24595 0.123679 264 2.65756
6.26564 0.119957 312 2.5776
6.28319 0.0955172 30 2.05244
6.29452 0.149985 432 3.22282
6.31756 0.136197 432 2.92655
6.33013 0.14478 192 3.11098
6.35192 0.120165 240 2.58206
6.36456 0.150309 336 3.22978
6.38447 0.132151 240 2.8396
6.3922 0.13011 240 2.79575
6.41275 0.149196 216 3.20586
6.42832 0.12064 312 2.59228
6.44655 0.15947 336 3.42662
6.46894 0.148022 72 3.18065
6.48007 0.129135 624 2.7748
6.49634 0.154463 120 3.31905
6.51021 0.151479 336 3.25493
6.52968 0.0774485 32 1.66418
6.54409 0.118554 528 2.54744
6.56562 0.123472 312 2.65313
6.57487 0.0985069 96 2.11668
6.59474 0.115441 414 2.48056
6.60897 0.130793 216 2.81043
6.63315 0.118221 480 2.54028
6.6632 0.123634 636 2.6566
6.68355 0.131171 240 2.81856
6.69388 0.122923 168 2.64131
6.7191 0.12239 504 2.62987
6.7321 0.117883 240 2.53303
6.74682 0.115076 456 2.47271
6.7725 0.123293 264 2.64928
6.78639 0.112198 264 2.41088
6.80514 0.119976 552 2.57801
6.82529 0.118613 72 2.54872
6.83702 0.125534 384 2.69743
6.8562 0.112248 336 2.41194
6.86853 0.0983992 96 2.11436
6.89291 0.116393 480 2.50101
6.90756 0.105783 174 2.27303
6.92267 0.119813 552 2.5745
6.94474 0.123627 360 2.65644
6.95933 0.110648 432 2.37755
6.98042 0.121002 480 2.60005
7.00371 0.10675 288 2.2938
7.01377 0.0960568 168 2.06403
7.03217 0.120079 504 2.58021
7.05566 0.102998 240 2.21319
7.06849 0.100158 440 2.15216
7.09018 0.111202 552 2.38946
7.10861 0.116835 12 2.5105
7.12185 0.116664 528 2.50683
7.14393 0.111054 480 2.38629
7.16393 0.0920568 48 1.97808
7.17479 0.0989819 624 2.12689
7.19862 0.117548 504 2.52583
7.22401 0.0991453 198 2.1304
7.23516 0.109679 552 2.35675
7.25595 0.120581 432 2.591
7.27644 0.110112 312 2.36604
7.29122 0.114533 336 2.46105
7.31192 0.100502 408 2.15954
7.33337 0.107905 432 2.31863
7.34474 0.108011 456 2.3209
7.36312 0.108217 528 2.32531
7.39021 0.108803 456 2.33791
7.40396 0.127379 168 2.73707
7.41823 0.103291 504 2.21947
7.44195 0.121874 336 2.61879
7.45982 0.0948166 456 2.03738
7.47564 0.109129 408 2.34491
7.49795 0.106189 696 2.28176
7.52344 0.10848 384 2.33098
7.54481 0.107754 126 2.31538
7.558 0.118925 492 2.55542
7.57485 0.103793 528 2.23026
7.59872 0.0990288 696 2.12789
7.61833 0.106412 416 2.28653
7.63208 0.105688 264 2.27098
7.65511 0.103118 768 2.21575
7.6749 0.109721 408 2.35764
7.69957 0.100396 360 2.15727
7.71 0.102135 408 2.19464
7.72931 0.103802 456 2.23046
7.75392 0.0947002 408 2.03488
7.77036 0.10288 504 2.21065
7.79066 0.105193 648 2.26035
7.81535 0.0916094 360 1.96847
7.83053 0.099806 528 2.14459
7.85864 0.100225 582 2.1536
7.87632 0.096126 600 2.06552
7.89523 0.10313 576 2.21602
7.914 0.100452 408 2.15847
7.93268 0.103795 408 2.23031
7.95698 0.0976181 624 2.09758
7.97865 0.0874781 576 1.8797
8.00144 0.0978195 348 2.10191
8.01209 0.0956648 576 2.05561
8.03437 0.101067 600 2.1717
8.0589 0.087069 600 1.8709
8.07879 0.105777 576 2.27289
8.10331 0.0879413 768 1.88965
8.12088 0.0867571 240 1.8642
8.14134 0.0893093 336 1.91904
8.15994 0.0944282 590 2.02904
8.17963 0.0930516 744 1.99946
8.20288 0.0936869 504 2.01311
8.22478 0.0951244 648 2.044
8.24775 0.0934352 696 2.0077
8.26774 0.0920552 696 1.97805
8.29585 0.0921662 552 1.98043
8.31341 0.0914251 648 1.96451
8.33446 0.0878127 504 1.88689
8.35037 0.0889649 480 1.91164
8.37174 0.0881709 600 1.89458
8.39493 0.0931905 792 2.00244
8.41471 0.0889307 336 1.91091
8.43909 0.093755 588 2.01457
8.46013 0.0830467 744 1.78448
8.48605 0.0946198 894 2.03315
8.50984 0.0857526 648 1.84262
8.53082 0.080587 528 1.73162
8.54904 0.0828947 696 1.78121
8.57637 0.0852292 648 1.83137
8.59669 0.082768 936 1.77849
8.6208 0.100496 144 2.15942
8.63354 0.0849487 840 1.82534
8.66042 0.0905512 792 1.94573
8.68183 0.088265 480 1.8966
8.70268 0.0819176 536 1.76021
8.72506 0.0814222 888 1.74957
8.7477 0.074505 792 1.60093
8.77145 0.0841565 744 1.80832
8.79242 0.0898164 534 1.92994
8.81805 0.0800809 816 1.72075
8.83728 0.0729227 408 1.56693
8.8592 0.0793815 960 1.70572
8.88614 0.0795397 708 1.70912
8.90971 0.0798607 1056 1.71602
8.93776 0.0791377 864 1.70048
8.95479 0.0819672 552 1.76128
8.98268 0.0748439 528 1.60822
8.99967 0.0824812 936 1.77232
9.02501 0.0797227 888 1.71305
9.04798 0.081594 504 1.75326
9.07075 0.0839855 696 1.80465
9.08827 0.074281 600 1.59612
9.1155 0.0726151 798 1.56033
9.13638 0.0762636 912 1.63872
9.1598 0.0777898 912 1.67152
9.18648 0.0743046 1104 1.59663
9.21077 0.0800111 648 1.71925
9.24054 0.0721164 912 1.54961
9.25969 0.0758092 824 1.62896
9.28649 0.0815442 888 1.75219
9.30524 0.0766361 456 1.64673
9.32993 0.0685421 1068 1.47281
9.35118 0.0748415 648 1.60817
9.37753 0.0821032 1032 1.7642
9.39943 0.0670554 576 1.44086
9.42618 0.0735446 1254 1.5803
9.45345 0.0783582 792 1.68373
9.47224 0.0775545 816 1.66646
9.49886 0.0787421 936 1.69198
9.52401 0.0743969 912 1.59861
9.54544 0.0714051 624 1.53432
9.57046 0.0717196 1224 1.54108
9.59495 0.0744696 816 1.60017
9.61947 0.0726633 888 1.56136
9.64548 0.0735869 1152 1.58121
9.67583 0.0726552 1104 1.56119
9.69991 0.0724642 840 1.55708
9.71865 0.0732622 480 1.57423
9.74574 0.0741268 894 1.59281
9.76669 0.0772032 1236 1.65891
9.79605 0.0707447 1184 1.52013
9.82348 0.0721794 792 1.55096
9.84219 0.0711187 792 1.52817
9.86897 0.0715123 1440 1.53663
9.89283 0.0710311 864 1.52629
9.92079 0.0703696 960 1.51208
9.94684 0.067453 1128 1.4494
9.97686 0.0702587 816 1.50969
9.99766 0.0699923 1008 1.50397
10.0218 0.071364 1008 1.53344
10.0521 0.0689808 1518 1.48223
10.0762 0.0682148 816 1.46577
10.1025 0.0675497 1104 1.45148
10.13 0.0663369 1056 1.42542
10.1552 0.0670272 1104 1.44025
10.1774 0.0681674 1056 1.46475
10.2056 0.06551 1188 1.40765
10.233 0.0677548 912 1.45589
10.26 0.0665299 1368 1.42957
10.2868 0.0674348 1128 1.44901
10.3108 0.0670996 1128 1.44181
10.3392 0.068237 992 1.46625
10.3669 0.0702073 1326 1.50859
10.3909 0.0671437 672 1.44276
10.4156 0.0674565 1632 1.44948
10.4477 0.0680802 1128 1.46288
10.468 0.0674921 1152 1.45024
10.4961 0.0665231 1104 1.42942
10.527 0.0682928 1560 1.46745
10.556 0.0631565 1272 1.35708
10.5803 0.0624746 1080 1.34243
10.6074 0.0658794 1224 1.41559
10.633 0.0653676 960 1.40459
10.6646 0.065711 1332 1.41197
10.6881 0.061199 1158 1.31502
10.7153 0.0624349 1656 1.34158
10.7456 0.0612616 1248 1.31637
10.7692 0.0673393 1152 1.44696
10.7959 0.065894 1272 1.4159
10.8278 0.0633271 1608 1.36075
10.8578 0.0673932 1464 1.44812
10.8878 0.0737387 824 1.58447
10.9128 0.0643484 1704 1.38269
10.9379 0.059156 1200 1.27112
10.9681 0.0626457 1416 1.34611
10.9964 0.0602412 1326 1.29444
11.0235 0.061947 1416 1.33109
11.0496 0.0612922 1200 1.31702
11.0767 0.0582269 1440 1.25116
11.1104 0.0640782 1716 1.37689
11.1386 0.0598509 1488 1.28605
11.1683 0.0601003 1536 1.29141
11.1955 0.0571914 1272 1.22891
11.221 0.0611068 1392 1.31304
11.2573 0.0635752 1800 1.36608
11.2826 0.0639343 1032 1.3738
11.3096 0.0591335 1446 1.27064
11.3402 0.0601076 1920 1.29157
11.3665 0.0604433 1032 1.29878
11.3923 0.0591717 1656 1.27146
11.4292 0.0596726 2168 1.28222
11.4591 0.0613303 1440 1.31784
11.4849 0.0581292 1248 1.24906
11.5152 0.0618453 1464 1.32891
11.5455 0.0557576 1884 1.1981
11.5794 0.0554189 1680 1.19082
11.605 0.0594852 1392 1.2782
11.6336 0.0542478 1590 1.16566
11.6676 0.0562361 2040 1.20838
11.6971 0.0529717 1728 1.13824
11.728 0.0602954 1464 1.2956
11.7556 0.0546127 1608 1.1735
11.7865 0.0578725 1656 1.24354
11.8171 0.0560118 1776 1.20356
11.8458 0.0551835 1800 1.18576
11.8722 0.0557283 1560 1.19747
11.9022 0.0538053 1512 1.15615
11.9368 0.0594586 1782 1.27762
11.9681 0.0534938 2264 1.14945
12.001 0.0543242 1692 1.1673
12.0348 0.0559604 2256 1.20246
12.0649 0.0574816 1368 1.23514
12.0929 0.0565197 2160 1.21447
12.1244 0.0563728 1368 1.21132
12.1502 0.0525467 1944 1.1291
12.1851 0.0544986 1728 1.17104
12.2173 0.0560767 2016 1.20496
12.2459 0.0533515 1662 1.1464
12.279 0.054094 2592 1.16235
12.3152 0.0565727 1680 1.21561
12.3441 0.0570858 1992 1.22664
12.3741 0.0544107 1920 1.16916
12.4055 0.0521794 1968 1.12121
12.4398 0.0531083 2004 1.14117
12.4691 0.0540749 1920 1.16194
12.5021 0.0503546 1952 1.082
12.5336 0.0532986 2304 1.14526
12.5696 0.0540082 2118 1.16051
12.6001 0.0518432 1848 1.11399
12.6298 0.0520112 2064 1.1176
12.6656 0.0538419 2352 1.15693
12.6997 0.0496207 2184 1.06623
12.7271 0.0537801 1896 1.15561
12.7606 0.0496427 2472 1.0667
12.7965 0.0475029 1944 1.02072
12.8269 0.051501 2088 1.10663
12.8578 0.0499125 1968 1.0725
12.8928 0.0506699 2250 1.08877
12.9243 0.0486359 2472 1.04507
12.9622 0.0512654 2832 1.10157
12.9935 0.0497958 1776 1.06999
13.0248 0.04937 2496 1.06084
13.0599 0.0493376 1856 1.06015
13.0924 0.0494554 2472 1.06268
13.1278 0.0484425 2928 1.04091
13.1613 0.0499087 1752 1.07242
13.1941 0.0487352 2166 1.0472
13.2228 0.0492599 2448 1.05848
13.2609 0.0479188 3048 1.02966
13.2985 0.0478376 2352 1.02792
13.3341 0.0484698 2340 1.0415
13.3669 0.0487132 2856 1.04673
13.3981 0.0480158 1872 1.03174
13.4328 0.0473323 2856 1.01706
13.4672 0.0500398 2208 1.07524
13.5027 0.0466724 2622 1.00288
13.5372 0.0471837 2712 1.01387
13.5706 0.0487678 2520 1.0479
13.6106 0.0460013 3080 0.988459
13.6462 0.0472703 2832 1.01573
13.6782 0.0469917 2232 1.00974
13.7154 0.0484744 3000 1.0416
13.7476 0.0454725 1872 0.977096
13.782 0.0472387 2916 1.01505
13.8177 0.0467185 2910 1.00387
13.8563 0.0478141 3144 1.02741
13.8883 0.0462193 2376 0.993143
13.9269 0.0466409 3096 1.0022
13.9621 0.0455292 2880 0.978313
14.0013 0.0455698 2904 0.979185
14.0349 0.0456338 2520 0.980562
14.0695 0.0446353 3360 0.959106
14.1111 0.0459103 2712 0.986503
14.1423 0.0473271 2798 1.01695
14.181 0.0437868 3048 0.940874
14.2158 0.0445181 2724 0.956587
14.2491 0.0421519 3264 0.905743
14.2875 0.0441815 3048 0.949355
14.3254 0.0434865 3024 0.934421
14.3617 0.0418429 3120 0.899103
14.4019 0.0432248 3456 0.928797
14.4372 0.0425781 2334 0.914903
14.472 0.0456137 3264 0.98013
14.5088 0.0443548 3456 0.953078
14.5462 0.0443048 3312 0.952004
14.5799 0.0423013 2616 0.908953
14.6203 0.0428998 3792 0.921814
14.6599 0.0414211 3180 0.89004
14.6973 0.0420542 3248 0.903645
14.7343 0.042336 3312 0.9097
14.7747 0.0416694 3606 0.895376
14.8116 0.0430741 3456 0.925561
14.8465 0.0426173 2688 0.915744
14.8883 0.0416873 4152 0.895761
14.9273 0.0416388 3600 0.894719
14.9656 0.0394097 3432 0.846821
15.0056 0.0400346 3624 0.860248
15.0456 0.040562 3384 0.871581
15.0848 0.0412974 3582 0.887382
15.1203 0.0406986 3276 0.874515
15.1572 0.0408621 3696 0.878028
15.1966 0.0404432 3888 0.869028
15.2357 0.0416521 3608 0.895004
15.2769 0.0395067 3768 0.848905
15.3164 0.0402136 3720 0.864093
15.3575 0.0400178 3984 0.859887
15.3971 0.0399351 3438 0.85811
15.4322 0.0393912 3696 0.846422
15.4717 0.0395747 4104 0.850366
15.5131 0.0389866 3792 0.837728
15.552 0.0387248 3828 0.832104
15.5926 0.0384088 4008 0.825314
15.6329 0.03804 4032 0.817389
15.6696 0.0393121 3768 0.844723
15.714 0.0374816 4206 0.805389
15.7514 0.03899 3456 0.837802
15.7915 0.0379798 4568 0.816096
15.8322 0.038836 4272 0.834493
15.8721 0.0384672 3960 0.826569
15.9156 0.0374192 4584 0.80405
15.9588 0.0376336 4416 0.808656
15.9995 0.0373942 3252 0.803512
16.0387 0.0377883 5166 0.811981
16.0805 0.0366393 4272 0.78729
16.1203 0.0379775 3984 0.816046
16.1623 0.0376189 4608 0.808341
16.206 0.0379099 4584 0.814593
16.2476 0.0372064 4752 0.799477
16.2926 0.0372188 4152 0.799744
16.3308 0.0368023 4454 0.790793
16.3706 0.0364341 4272 0.782881
16.4105 0.0367275 4416 0.789187
16.4572 0.0357997 5484 0.76925
16.4971 0.0360208 3984 0.774002
16.5399 0.0361863 5232 0.777558
16.5854 0.0360794 4752 0.77526
16.626 0.0351077 4200 0.754381
16.6696 0.0353952 5070 0.760557
16.7114 0.0355439 4848 0.763753
16.7541 0.0339307 5376 0.729089
16.7993 0.0355609 4824 0.76412
16.8373 0.0361899 3912 0.777635
16.8821 0.0345331 5708 0.742034
16.9286 0.0347467 5424 0.746624
16.9743 0.0342273 5046 0.735464
17.0151 0.035679 4872 0.766656
17.0591 0.0347559 5112 0.746822
17.1027 0.0341348 5640 0.733475
17.1485 0.0338383 4920 0.727104
17.1891 0.035107 5040 0.754367
17.2339 0.0336495 5736 0.723048
17.2803 0.0330785 4734 0.710778
17.3215 0.0339881 5580 0.730323
17.3661 0.034471 5592 0.7407
17.4108 0.0339698 5432 0.72993
17.4551 0.0329494 5616 0.708003
17.5005 0.0338402 5640 0.727146
17.5472 0.0326218 5232 0.700965
17.5907 0.033356 5622 0.716741
17.6344 0.0337663 6192 0.725557
17.6832 0.0328111 5760 0.705031
17.727 0.0316439 5616 0.679953
17.7706 0.0320842 5316 0.689414
17.8179 0.0308581 6696 0.663067
17.8659 0.0327231 6000 0.703142
17.9128 0.0321448 6030 0.690714
17.9594 0.0312276 5624 0.671006
18.0036 0.0310613 6288 0.667433
18.0498 0.0317071 6432 0.681311
18.0972 0.0314405 5856 0.675581
18.143 0.0311457 6192 0.669247
18.1863 0.0315324 5328 0.677557
18.2352 0.0315955 7338 0.678911
18.2837 0.0309721 6240 0.665516
18.3278 0.0306561 6216 0.658726
18.3778 0.0310007 7128 0.66613
18.4243 0.0323985 5472 0.696167
18.47 0.0309418 6984 0.664865
18.5178 0.0301991 6422 0.648906
18.5668 0.0302406 7176 0.649798
18.6134 0.0305087 6312 0.65556
18.6623 0.0304183 6756 0.653617
18.71 0.0307591 7224 0.660939
18.7595 0.0303696 7224 0.652571
18.8071 0.0297847 5856 0.640003
18.8564 0.0295938 7710 0.635901
18.9065 0.029531 7392 0.634552
18.9507 0.0302831 5688 0.650713
18.9981 0.028931 8256 0.621659
19.051 0.0293916 7040 0.631555
19.1004 0.0287595 7044 0.617974
19.1475 0.0286362 7062 0.615323
19.1943 0.0288551 7368 0.620028
19.2465 0.0283782 7776 0.609779
19.2965 0.029015 7872 0.623464
19.3469 0.028843 7032 0.619767
19.3974 0.0283258 8136 0.608654
19.4426 0.0281246 6384 0.604331
19.4935 0.0285155 8286 0.61273
19.5444 0.0270128 7692 0.580441
19.5944 0.0281577 8072 0.605041
19.6434 0.0280658 7584 0.603067
19.6937 0.0275355 7992 0.591671
19.7458 0.0284438 7944 0.611188
19.7992 0.0282477 8646 0.606976
19.8493 0.0266354 8232 0.572332
19.9018 0.0275948 8472 0.592947
19.9524 0.0275388 7560 0.591744
20.0013 0.0272137 8220 0.584756
20.0525 0.027067 8616 0.581605
20.1063 0.0273975 8622 0.588706
20.157 0.026601 8336 0.571593
20.2078 0.0267468 8184 0.574724
20.2598 0.0270388 9312 0.580999
20.3126 0.0268471 8736 0.576881
20.3651 0.0262428 8184 0.563895
20.4177 0.027267 9354 0.585902
20.4698 0.0260915 8544 0.560643
20.5231 0.0268101 9816 0.576085
20.576 0.0260537 8712 0.559832
20.627 0.0267541 8256 0.574881
20.6786 0.0261338 9344 0.561553
20.7331 0.025763 9822 0.553586
20.7882 0.0259531 9624 0.557671
20.8426 0.0253525 9480 0.544764
20.8961 0.025982 9132 0.558291
20.9485 0.026244 9816 0.563921
20.9997 0.0261767 8688 0.562475
21.0552 0.0251332 10062 0.540052
21.1104 0.0254339 10512 0.546513
21.1672 0.0250576 10104 0.538427
21.2183 0.0253104 8936 0.54386
21.2722 0.0249867 10488 0.536904
21.3287 0.0249896 9660 0.536966
21.3821 0.0251434 10206 0.540271
21.4364 0.02457 10680 0.52795
21.4933 0.0247821 10296 0.532507
21.5483 0.0249309 10224 0.535706
21.6033 0.0249924 10656 0.537028
21.6589 0.0239283 10134 0.514161
21.7146 0.0245143 11496 0.526755
21.7745 0.0238221 10724 0.51188
21.8273 0.0240267 10656 0.516277
21.8816 0.024218 10320 0.520387
21.94 0.024338 11592 0.522964
21.9988 0.0243001 11358 0.522152
22.054 0.023578 10632 0.506634
22.1087 0.0233736 11640 0.502243
22.1666 0.0230616 10920 0.495539
22.2221 0.0242991 11004 0.52213
22.2772 0.0234516 11262 0.503919
22.3371 0.023553 12440 0.506097
22.3946 0.0231861 11712 0.498213
22.4502 0.0232679 10512 0.499971
22.5085 0.0235908 13632 0.506911
22.5697 0.0231067 11496 0.496508
22.6258 0.0230817 11022 0.495971
22.6838 0.0227276 13500 0.488362
22.7451 0.0227732 12624 0.489342
22.8008 0.0225329 11040 0.484178
22.8586 0.0223856 12488 0.481012
22.9186 0.0227065 12774 0.487908
22.9762 0.0224987 12720 0.483444
23.0377 0.0221741 13320 0.476469
23.0988 0.0221566 13044 0.476093
23.1576 0.0217911 12552 0.468239
23.2162 0.0217595 12672 0.46756
23.275 0.0215746 13398 0.463587
23.3369 0.0225451 13200 0.48444
23.3935 0.0214962 12968 0.461903
23.4545 0.0215552 13632 0.46317
23.5125 0.0214727 12408 0.461397
23.5748 0.0215148 14562 0.462302
23.6353 0.0215781 13944 0.463662
23.6958 0.0209278 13704 0.449688
23.7592 0.0211214 14256 0.453849
23.8166 0.021037 12936 0.452034
23.8778 0.020804 14526 0.447027
23.9404 0.0207296 14864 0.44543
24.0043 0.0208366 14724 0.447728
24.0649 0.0203761 14136 0.437833
24.1248 0.020437 13776 0.439143
24.1875 0.0205843 15366 0.442307
24.2503 0.0206628 14880 0.443994
24.3119 0.0201492 14736 0.432958
24.3743 0.0204709 15576 0.439872
24.4392 0.0203442 14892 0.437149
24.5001 0.0202712 14774 0.43558
24.5622 0.0200453 16128 0.430726
24.6263 0.0200521 14928 0.430871
24.6879 0.0202134 15672 0.434338
24.7527 0.0197203 16176 0.423742
24.8164 0.0199224 15486 0.428084
24.8796 0.0200142 15780 0.430057
24.9442 0.0195509 17712 0.420102
25.0107 0.0197303 15272 0.423957
25.0724 0.0197046 16392 0.423406
25.1394 0.0193297 17070 0.415349
25.2035 0.0196932 16824 0.42316
25.2688 0.0193047 16608 0.414812
25.3326 0.019128 16644 0.411016
25.3969 0.0187815 16512 0.40357
25.4633 0.0194431 18366 0.417786
25.5297 0.0190579 16368 0.409509
25.5949 0.0189398 18752 0.406972
25.6601 0.018846 16080 0.404956
25.7231 0.0186447 16920 0.40063
25.7904 0.0184252 19074 0.395913
25.8577 0.0183662 18168 0.394647
25.9252 0.0185502 18432 0.398599
25.9924 0.0181227 17856 0.389415
26.0586 0.0179178 18414 0.385012
26.1268 0.018356 19280 0.394426
26.195 0.0184027 18828 0.39543
26.2596 0.01818 17256 0.390645
26.3249 0.0178359 19392 0.383251
26.3952 0.0179186 19446 0.385028
26.4628 0.0180379 19272 0.387591
26.5322 0.0176778 20592 0.379855
26.6014 0.017607 19008 0.378333
26.6684 0.017405 18500 0.373993
26.7356 0.0175596 21246 0.377315
26.8047 0.0175409 18696 0.376912
26.8729 0.0173736 21240 0.373317
26.945 0.0173923 21048 0.373718
27.0152 0.0172495 20022 0.37065
27.0829 0.0171004 20124 0.367446
27.1495 0.0167631 20280 0.360199
27.2209 0.0174955 22232 0.375936
27.2926 0.0171976 20376 0.369535
27.3615 0.0168857 21390 0.362834
27.4318 0.0169045 21960 0.363237
27.5002 0.0166046 20040 0.356793
27.5719 0.0167845 23268 0.360658
27.6439 0.0162759 21510 0.349731
27.715 0.0167188 22608 0.359248
27.7861 0.0164301 21896 0.353044
27.8576 0.0164839 23304 0.354199
27.9287 0.016488 20838 0.354287
27.9986 0.0161402 23556 0.346815
28.0714 0.0163121 23184 0.350508
28.1449 0.0160466 24168 0.344804
28.2185 0.0160773 22272 0.345463
28.29 0.0161045 24374 0.346048
28.3629 0.0157102 23328 0.337574
28.4352 0.0158876 23844 0.341387
28.5081 0.0159505 24096 0.342739
28.5827 0.0157563 24942 0.338566
28.6568 0.0157122 24120 0.337618
28.7292 0.0153814 25008 0.33051
28.8041 0.015818 24776 0.339891
28.8793 0.0157845 25266 0.33917
28.9524 0.0155659 24960 0.334475
29.0269 0.0153993 26184 0.330895
29.103 0.0153767 25032 0.330408
29.1757 0.0153595 25392 0.33004
29.251 0.0152455 26526 0.327589
29.3255 0.0150809 25548 0.324054
29.4021 0.0150162 28256 0.322662
29.4795 0.0149407 25680 0.32104
29.5542 0.015189 26526 0.326374
29.6293 0.0147645 27600 0.317253
29.7043 0.0149033 26328 0.320237
29.7817 0.0147 27996 0.315867
29.8574 0.0145187 27246 0.311973
29.9347 0.0146389 28664 0.314554
30.0127 0.0147817 28320 0.317623
30.089 0.0145109 27408 0.311804
30.1652 0.0144616 28254 0.310745
30.2438 0.0143521 30012 0.308393
30.3223 0.0144526 29040 0.310552
30.4007 0.0144345 28824 0.310163
30.4792 0.0142856 29654 0.306963
30.556 0.014158 29640 0.304222
30.6357 0.0144292 29988 0.310049
30.7145 0.0141511 30672 0.304073
30.7945 0.0139839 29814 0.300481
30.8718 0.0137853 30000 0.296213
30.9495 0.0139495 31056 0.299741
31.0305 0.0138249 31208 0.297063
31.1105 0.0138858 31194 0.298374
31.1917 0.013739 33096 0.295218
31.2716 0.0135301 30480 0.290729
31.3505 0.0134281 31488 0.288538
31.4315 0.0136359 33222 0.293004
31.5119 0.0134468 31476 0.288939
31.5932 0.0134988 34400 0.290056
31.6747 0.0132589 31992 0.284901
31.756 0.0133816 32958 0.287538
31.8369 0.01316 34728 0.282778
31.9214 0.013177 34368 0.283142
32.0022 0.0130372 32268 0.280137
32.0837 0.01283 35822 0.275687
32.1676 0.0129418 34512 0.278088
32.2483 0.0129558 33384 0.27839
32.331 0.0128123 36126 0.275305
32.4146 0.0128695 34788 0.276535
32.4973 0.0127506 36576 0.273979
32.5819 0.0128756 35664 0.276665
32.6656 0.0127288 35846 0.273512
32.7487 0.0127749 37200 0.274503
32.8335 0.0125462 36456 0.269588
32.9169 0.0125354 36804 0.269356
33.0026 0.0123401 37902 0.265158
33.0877 0.0124757 37944 0.268073
33.174 0.012469 38936 0.267929
33.2581 0.0124771 36192 0.268103
33.3424 0.0122986 38898 0.264267
33.4279 0.0121698 39456 0.261499
33.515 0.0121262 39216 0.260564
33.6037 0.0122109 41214 0.262383
33.689 0.0119707 37704 0.257222
33.774 0.0120465 40772 0.25885
33.8615 0.0118686 40056 0.255029
33.9478 0.0118234 40014 0.254057
34.0351 0.0116351 42168 0.25001
34.124 0.0116759 41712 0.250888
34.2119 0.0117775 40818 0.25307
34.2993 0.0116655 42920 0.250664
34.3882 0.0117649 41976 0.252799
34.4753 0.0115756 41424 0.248732
34.5632 0.0114693 43590 0.246449
34.6539 0.0114752 44244 0.246575
34.7436 0.01128 44256 0.242379
34.8317 0.0111998 40982 0.240656
34.9193 0.0112633 45816 0.242022
35.0108 0.0112454 45360 0.241637
35.1021 0.0112095 44988 0.240866
35.1914 0.0110046 44526 0.236463
35.2811 0.0110561 45768 0.237569
35.3715 0.0110006 45968 0.236376
35.462 0.0108694 46038 0.233557
35.5548 0.0110806 47844 0.238096
35.6465 0.0109828 47736 0.235995
35.7382 0.0107435 46152 0.230853
35.8287 0.0107794 47694 0.231624
35.9205 0.0108347 48464 0.232811
36.0138 0.0106922 49404 0.229749
36.1075 0.0106141 49086 0.228073
36.2003 0.0105544 49080 0.226788
36.2923 0.0106329 49632 0.228475
36.3853 0.0106881 49092 0.229661
36.4786 0.0105115 51494 0.225868
36.5735 0.010491 51792 0.225426
36.6689 0.0104691 50880 0.224957
36.7611 0.01038 50430 0.223041
36.8562 0.0103236 53892 0.22183
36.9524 0.0101989 52704 0.219149
37.0461 0.010153 50534 0.218163
37.1396 0.0103245 54072 0.221849
37.235 0.0103279 53448 0.221921
37.3324 0.0102367 55284 0.219962
37.4296 0.0100653 55422 0.21628
37.5251 0.0101783 53096 0.218707
37.6202 0.0101068 56184 0.217172
37.7181 0.00995137 55530 0.213831
37.8148 0.00997403 56952 0.214318
37.9117 0.00997225 55728 0.21428
38.0096 0.00986593 57894 0.211995
38.1077 0.00984931 58088 0.211638
38.2064 0.00978889 57996 0.21034
38.3036 0.00967327 57222 0.207855
38.4004 0.00965478 58368 0.207458
38.4998 0.00960788 61080 0.20645
38.6002 0.0096223 59006 0.20676
38.6989 0.00944408 61044 0.202931
38.7988 0.0095405 61128 0.205003
38.8984 0.0094545 59616 0.203155
38.9979 0.00950667 63222 0.204276
39.0985 0.00933422 61044 0.20057
39.1981 0.00932298 62816 0.200329
39.2989 0.0093572 62526 0.201064
39.3992 0.00928548 64416 0.199523
39.501 0.00934635 63156 0.200831
39.6035 0.00911748 66798 0.195913
39.7059 0.00910294 64448 0.1956
39.8075 0.00907069 65424 0.194908
39.9098 0.00892426 65694 0.191761
40.0124 0.00896581 67452 0.192654
40.1149 0.00905178 66528 0.194501
40.2191 0.00889961 68462 0.191231
40.3222 0.00880624 68400 0.189225
40.4256 0.00887424 67236 0.190686
40.53 0.00880065 71910 0.189105
40.6363 0.00871645 69744 0.187296
40.7386 0.00879523 68088 0.188988
40.8419 0.00881137 70250 0.189335
40.9466 0.00864833 72744 0.185832
41.053 0.00867717 71928 0.186452
41.159 0.0086241 72534 0.185311
41.2646 0.0085576 73560 0.183882
41.3712 0.00844747 73988 0.181516
41.4772 0.00847788 73062 0.182169
41.5831 0.00842159 75336 0.18096
41.6906 0.00837588 75648 0.179978
41.7987 0.00835321 76458 0.179491
41.906 0.00834188 76904 0.179247
42.0139 0.008319 76368 0.178755
42.1216 0.00826953 78222 0.177692
42.2297 0.00820598 77940 0.176327
42.3371 0.00818135 77832 0.175798
42.4472 0.00814758 81494 0.175072
42.5562 0.00811882 79440 0.174454
42.6659 0.00800879 80940 0.17209
42.7753 0.00806918 81390 0.173387
42.8856 0.00793278 82848 0.170456
42.996 0.00787302 81806 0.169173
43.1072 0.00783201 85044 0.168291
43.2176 0.00787248 82608 0.169161
43.3292 0.00781295 85470 0.167882
43.4392 0.00777741 83400 0.167118
43.5506 0.00768411 86876 0.165113
43.6633 0.00771337 87198 0.165742
43.7751 0.00770717 85608 0.165609
43.8881 0.00762063 91104 0.163749
44.0026 0.00757629 86946 0.162796
44.1136 0.00758163 88808 0.162911
44.2274 0.00747945 90360 0.160716
44.3405 0.0073934 89958 0.158867
44.4551 0.00746559 92916 0.160418
44.5696 0.00738176 91046 0.158616
44.6839 0.00735959 93384 0.15814
44.7984 0.00730834 92880 0.157039
44.9142 0.00735845 95082 0.158116
45.0292 0.00731086 94464 0.157093
45.1451 0.00720489 95792 0.154816
45.2606 0.00718886 95370 0.154472
45.3774 0.00721806 99624 0.155099
45.4939 0.00716259 94824 0.153907
45.6102 0.00714325 101094 0.153491
45.7283 0.00713375 98756 0.153287
45.8464 0.00704892 101550 0.151464
45.9653 0.00703162 101520 0.151093
46.083 0.00693117 101088 0.148934
46.201 0.00694248 101618 0.149177
46.3191 0.00690487 104568 0.148369
46.4392 0.00690977 103566 0.148474
46.5579 0.00683193 105168 0.146802
46.6782 0.00682399 106692 0.146631
46.7986 0.00683647 106046 0.1469
46.9191 0.00675941 108960 0.145244
47.0397 0.00679158 106548 0.145935
47.1601 0.00674557 109806 0.144946
47.281 0.00668964 109328 0.143744
47.4019 0.00667375 109854 0.143403
47.524 0.00664366 112884 0.142756
47.6471 0.00658002 113832 0.141389
47.7703 0.00656007 112518 0.14096
47.8919 0.00651814 113624 0.140059
48.0151 0.00647931 115434 0.139225
48.1378 0.00647045 115056 0.139035
48.2625 0.00644299 119808 0.138444
48.388 0.00641579 116786 0.13786
48.5109 0.00636214 118488 0.136707
48.6355 0.00636216 118398 0.136708
48.7605 0.00633743 122640 0.136176
48.8868 0.00628549 121620 0.13506
49.0127 0.00629847 122126 0.135339
49.1384 0.00623432 123888 0.133961
49.2648 0.0061996 123714 0.133215
49.3907 0.00619459 125088 0.133107
49.5181 0.0061597 127424 0.132357
49.6456 0.00610208 126222 0.131119
49.7726 0.00607459 128676 0.130528
49.9009 0.00603479 129126 0.129673
50.0299 0.00601321 132056 0.12921
50.1588 0.00600359 130308 0.129003
50.2871 0.00598264 131814 0.128553
50.4164 0.00590438 133728 0.126871
50.5457 0.00587937 133574 0.126334
50.6763 0.00587631 137772 0.126268
50.806 0.00584702 132888 0.125639
50.9364 0.00583843 140166 0.125454
51.0677 0.00578521 137484 0.12431
51.199 0.00576747 140270 0.123929
51.33 0.00572353 138696 0.122985
51.4617 0.00569456 143286 0.122362
51.5948 0.00569141 143436 0.122295
51.728 0.00567211 144680 0.12188
51.8612 0.00562217 144654 0.120807
51.9944 0.005645 146772 0.121298
52.1276 0.00557315 145710 0.119754
52.2609 0.00555621 148880 0.11939
52.3956 0.00554462 149556 0.119141
52.5302 0.0054698 151326 0.117533
52.6653 0.0054874 151704 0.117911
52.8005 0.00545413 152342 0.117196
52.9367 0.0054285 156876 0.116645
53.0737 0.0053865 154398 0.115743
53.2091 0.00536893 156744 0.115365
53.3461 0.00535107 157274 0.114982
53.4833 0.00531812 160416 0.114274
53.6213 0.00529891 161016 0.113861
53.7601 0.0052674 162258 0.113184
53.8972 0.00524653 160880 0.112735
54.0355 0.00523153 164310 0.112413
54.1742 0.00519426 165780 0.111612
54.3141 0.00517723 167454 0.111246
54.4533 0.00515185 166520 0.110701
54.5929 0.00508238 169290 0.109208
54.7333 0.00511024 171552 0.109807
54.8742 0.00512056 171120 0.110029
55.0156 0.0050255 174734 0.107986
55.1569 0.0050269 173628 0.108016
55.2995 0.00502681 177438 0.108014
55.4406 0.00498614 174728 0.10714
55.5832 0.00495833 180474 0.106543
55.7266 0.00496177 179904 0.106617
55.8696 0.00493587 180726 0.10606
56.0132 0.00487503 183932 0.104753
56.1569 0.00486898 182328 0.104623
56.3011 0.00486091 187350 0.104449
56.4471 0.00484068 188676 0.104015
56.5927 0.00482681 187766 0.103717
56.7371 0.00478304 189408 0.102776
56.8838 0.00476348 192594 0.102356
57.0301 0.00472596 193632 0.10155
57.1771 0.00470402 194030 0.101078
57.3236 0.0046756 195852 0.100467
57.4711 0.00465281 197070 0.0999778
57.618 0.00464361 198416 0.0997802
57.7665 0.00460002 201018 0.0988434
57.9147 0.00457941 201744 0.0984007
58.0633 0.00457205 202806 0.0982424
58.2129 0.00456615 207212 0.0981156
58.3628 0.00453943 205614 0.0975416
58.5129 0.00454033 210096 0.0975608
58.6636 0.0044948 208812 0.0965825
58.8139 0.00447428 211502 0.0961415
58.965 0.00443985 213912 0.0954017
59.1179 0.00443362 217362 0.0952679
59.2701 0.00437798 215360 0.0940724
59.4221 0.00438117 218526 0.0941408
59.5747 0.00435303 219300 0.0935362
59.7282 0.00433095 222726 0.0930618
59.8809 0.00434845 221480 0.0934379
60.0349 0.00428161 225978 0.0920016
60.1888 0.00428444 225192 0.0920623
60.3444 0.00427771 232382 0.0919178
60.4997 0.00421685 228348 0.09061
60.6552 0.00422276 232974 0.0907371
60.8106 0.00419093 232524 0.090053
60.9674 0.00419128 238310 0.0900606
61.1244 0.00416153 236064 0.0894215
61.2815 0.00413906 240498 0.0889386
61.4388 0.00409629 240536 0.0880195
61.5968 0.00408003 243174 0.08767
61.7548 0.00407193 244452 0.0874961
61.9144 0.00404737 249678 0.0869683
62.0739 0.00403921 248432 0.086793
62.234 0.00402247 251682 0.0864332
62.3932 0.00401824 250032 0.0863425
62.5527 0.00398321 254126 0.0855898
62.7132 0.00397194 256788 0.0853476
62.8757 0.00395559 261654 0.0849961
63.0381 0.00393064 260676 0.0844601
63.1996 0.00390958 260846 0.0840076
63.3622 0.00389197 267240 0.0836291
63.5255 0.00387372 264810 0.0832369
63.6877 0.00386525 267560 0.0830549
63.8519 0.00382779 273894 0.08225
64.0167 0.00381912 271554 0.0820639
64.1806 0.00379408 274616 0.0815257
64.3453 0.00377918 276426 0.0812055
64.5106 0.00376431 280896 0.080886
64.6769 0.00375896 280286 0.080771
64.843 0.00372927 284748 0.080133
65.0109 0.00370933 288774 0.0797047
65.1777 0.00368346 285264 0.0791488
65.3455 0.00365123 292730 0.0784562
65.5132 0.00365346 289776 0.0785042
65.6811 0.00362844 295314 0.0779666
65.8496 0.00361646 296288 0.0777091
66.0197 0.00359499 302190 0.0772477
66.1897 0.00357642 300564 0.0768487
66.3601 0.00356602 305702 0.0766252
66.5303 0.00352805 303510 0.0758095
66.7004 0.00352521 308652 0.0757484
66.873 0.00350953 314558 0.0754114
67.0452 0.00349912 311988 0.0751877
67.2167 0.00345983 314166 0.0743434
67.3893 0.00345478 319856 0.074235
67.5627 0.00344601 319770 0.0740466
67.736 0.00343199 323448 0.0737453
67.9099 0.00340395 324522 0.0731428
68.0843 0.00339016 329726 0.0728465
68.2601 0.00336703 332016 0.0723495
68.4362 0.00335093 334626 0.0720035
68.612 0.00335069 335168 0.0719982
68.7884 0.00333524 338658 0.0716664
68.9655 0.00332642 343800 0.0714768
69.1432 0.00331916 342110 0.0713208
69.3207 0.00328869 347556 0.0706661
69.4995 0.00325649 350334 0.0699741
69.6777 0.00326645 349538 0.0701883
69.8564 0.00324974 355776 0.0698291
70.0364 0.00322617 357534 0.0693227
70.2163 0.00321491 360068 0.0690808
70.3968 0.0031918 362454 0.0685841
70.5773 0.0031799 365028 0.0683284
70.7588 0.0031587 369782 0.0678729
70.9406 0.00314785 369918 0.0676398
71.1227 0.00312836 374796 0.067221
71.3065 0.00310574 379982 0.066735
71.4899 0.00310754 378780 0.0667737
71.6738 0.00309582 384414 0.0665217
71.8578 0.00307691 383942 0.0661154
72.0427 0.00305168 392340 0.0655734
72.2278 0.00304542 387750 0.0654389
72.4132 0.00301644 398828 0.0648161
72.5999 0.00300371 396150 0.0645426
72.7859 0.00299837 401364 0.0644277
72.9733 0.00297027 405398 0.063824
73.1618 0.00296467 409662 0.0637038
73.3494 0.00294296 407364 0.0632371
73.5378 0.00294649 414878 0.063313
73.7266 0.00291573 415908 0.062652
73.9161 0.00290083 421094 0.0623319
74.1066 0.00289577 424146 0.0622231
74.2971 0.00287731 426792 0.0618266
74.4885 0.00286403 431078 0.0615411
74.6798 0.00284466 431538 0.0611249
74.8715 0.00283575 438096 0.0609336
75.0646 0.00281472 440258 0.0604815
75.2577 0.0028084 444936 0.0603459
75.4513 0.00279366 445530 0.0600291
75.645 0.00277762 451022 0.0596845
75.8399 0.00276135 455808 0.0593348
76.0354 0.00276233 457122 0.0593559
76.2304 0.00273689 459488 0.0588092
76.4264 0.00272785 466050 0.058615
76.6232 0.00271952 467550 0.0584359
76.8199 0.00270756 471692 0.0581791
77.0177 0.00269772 476262 0.0579676
77.2151 0.00267665 475634 0.0575149
77.4132 0.00266807 484896 0.0573306
77.6125 0.00264799 484782 0.056899
77.8115 0.00264509 489914 0.0568366
78.0117 0.00262905 495264 0.0564921
78.2131 0.00261877 500082 0.0562711
78.4143 0.0025999 500456 0.0558656
78.6159 0.00258917 506682 0.0556352
78.8177 0.00258082 507134 0.0554557
79.0203 0.00256735 516012 0.0551661
79.2243 0.00254474 518838 0.0546803
79.4272 0.00253757 515978 0.0545263
79.6311 0.0025285 530376 0.0543314
79.8371 0.0025221 529734 0.0541939
80.0421 0.00250425 532778 0.0538103
80.2477 0.00249962 537816 0.0537109
80.4541 0.00248592 541322 0.0534165
80.6607 0.00248019 546414 0.0532933
80.8685 0.00246214 551916 0.0529055
81.0764 0.00244398 553094 0.0525153
81.2845 0.00243508 558474 0.0523242
81.4935 0.00242198 564552 0.0520426
81.7033 0.00240891 566498 0.0517616
81.913 0.00239821 571878 0.0515319
82.1239 0.00238212 577724 0.051186
82.3355 0.00237345 582438 0.0509998
82.5465 0.00236572 579690 0.0508336
82.758 0.00235211 592112 0.0505411
82.9721 0.00233333 598134 0.0501378
83.1855 0.00232891 596618 0.0500427
83.3989 0.002327 603792 0.0500016
83.6131 0.00230505 606738 0.0495301
83.8282 0.00229556 614870 0.0493262
84.044 0.00227965 617940 0.0489843
84.2603 0.00227239 623510 0.0488283
84.477 0.00226406 626322 0.0486493
84.6934 0.00225581 629328 0.048472
84.911 0.00223797 639050 0.0480885
85.1297 0.00222881 641766 0.0478917
85.3485 0.00221481 647306 0.047591
85.5682 0.00220603 653112 0.0474023
85.7884 0.00218639 656874 0.0469802
86.0089 0.00218287 662126 0.0469046
86.2299 0.00217245 666780 0.0466807
86.4514 0.00215838 670934 0.0463784
86.6737 0.00215272 679698 0.0462568
86.8964 0.0021403 680064 0.04599
87.12 0.00212401 691682 0.0456399
87.3448 0.00211452 694686 0.045436
87.569 0.00210796 695450 0.045295
87.7937 0.00209781 705840 0.045077
88.0203 0.00209069 712314 0.0449239
88.2462 0.00207702 710150 0.0446303
88.4726 0.00206333 723276 0.044336
88.7001 0.00206106 723230 0.0442873
88.9284 0.00205065 736218 0.0440635
89.1579 0.0020367 738662 0.0437638
89.3867 0.00202906 740364 0.0435997
89.6161 0.00201873 748398 0.0433778
89.8463 0.00201044 753290 0.0431996
90.0772 0.00200215 762138 0.0430215
90.3085 0.00197845 763784 0.0425121
90.5413 0.00197975 778170 0.0425402
90.7746 0.00196894 776006 0.0423078
91.0075 0.00196557 783738 0.0422353
91.2418 0.0019583 794256 0.0420792
91.4765 0.00195011 792962 0.0419033
91.7111 0.00193831 801846 0.0416496
91.9473 0.00193162 813170 0.041506
92.1839 0.00191905 812880 0.0412357
92.4211 0.00190299 824282 0.0408908
92.6591 0.0018978 827622 0.0407793
92.8972 0.00188521 834186 0.0405086
93.1361 0.00187492 841472 0.0402876
93.375 0.00186228 841890 0.0400159
93.6147 0.00185733 856262 0.0399096
93.8558 0.00184921 861042 0.039735
94.0972 0.00184406 867476 0.0396245
94.3397 0.00183319 877470 0.0393909
94.5823 0.00181966 876842 0.0391002
94.8248 0.00181607 886686 0.0390231
95.0688 0.00180475 896130 0.0387799
95.3133 0.00179899 899528 0.0386559
95.5582 0.00179066 908634 0.0384769
95.804 0.00178056 915134 0.0382601
96.0501 0.00177029 920034 0.0380392
96.2972 0.00176057 933212 0.0378304
96.545 0.00175094 933582 0.0376235
96.7929 0.00174565 944786 0.0375099
97.0421 0.00173247 952422 0.0372267
97.2918 0.00172634 958850 0.037095
97.5418 0.00171712 964152 0.0368969
97.7929 0.00170621 977106 0.0366625
98.0448 0.00170328 980390 0.0365994
98.2967 0.00169193 987162 0.0363556
98.5494 0.00168287 997082 0.0361609
98.803 0.00167771 1005240 0.0360499
99.0568 0.00166433 1008218 0.0357625
99.3112 0.00165573 1020270 0.0355776
99.567 0.00165478 1029386 0.0355573
99.8227 0.00164681 1030422 0.0353861
100.079 0.00164085 1048556 0.0352579
100.337 0.00163027 1044762 0.0350306
100.594 0.00161984 1061342 0.0348064
100.853 0.00161212 1066122 0.0346406
101.112 0.00160233 1080278 0.0344302
101.372 0.0015979 1080882 0.034335
101.633 0.00158481 1095860 0.0340538
101.895 0.00157795 1101246 0.0339065
102.156 0.00156959 1105722 0.0337268
102.419 0.00156063 1122854 0.0335342
102.683 0.00155703 1122522 0.0334569
102.946 0.00154639 1135754 0.0332282
103.211 0.00153907 1146096 0.033071
103.476 0.00153146 1150154 0.0329074
103.743 0.00152651 1165614 0.0328011
104.01 0.0015174 1169954 0.0326052
104.276 0.00150658 1174794 0.0323729
104.544 0.00150144 1188782 0.0322624
104.813 0.00149517 1202250 0.0321277
105.083 0.00148899 1207520 0.0319947
105.354 0.00148109 1221258 0.0318252
105.624 0.00147516 1222682 0.0316977
105.896 0.00146755 1236822 0.0315341
106.168 0.00146011 1245962 0.0313742
106.441 0.00145272 1251582 0.0312156
106.714 0.00144572 1263914 0.0310651
106.989 0.00143939 1277892 0.0309291
107.264 0.00142918 1287302 0.0307097
107.541 0.00142526 1295394 0.0306254
107.817 0.00141873 1300334 0.0304851
108.094 0.00140977 1315458 0.0302925
108.372 0.00140065 1325810 0.0300966
108.651 0.00139918 1334190 0.030065
108.93 0.00139081 1343954 0.0298852
109.21 0.00138211 1357794 0.0296983
109.491 0.00137757 1363328 0.0296007
109.771 0.00136875 1371210 0.0294111
110.054 0.00136146 1394666 0.0292546
110.338 0.00135467 1396910 0.0291087
110.621 0.00134684 1410546 0.0289404
110.906 0.00134111 1416590 0.0288172
111.19 0.0013325 1429794 0.0286322
111.477 0.0013269 1449338 0.028512
111.764 0.00131942 1451382 0.0283513
112.051 0.00131587 1459178 0.0282748
112.338 0.00130908 1474866 0.028129
112.627 0.00130026 1486952 0.0279395
112.917 0.00129602 1500402 0.0278483
113.208 0.00128933 1512098 0.0277045
113.499 0.00128985 1521486 0.0277159
113.791 0.00128037 1531346 0.0275122
114.083 0.001273 1544826 0.0273538
114.376 0.00126464 1556654 0.027174
114.67 0.00126079 1570562 0.0270914
114.965 0.00125286 1579914 0.026921
115.261 0.00124652 1598798 0.0267848
115.558 0.00124301 1603074 0.0267093
115.855 0.00123572 1620794 0.0265526
116.153 0.00122754 1631262 0.0263769
116.451 0.00122483 1639754 0.0263186
116.751 0.00121818 1658106 0.0261758
117.051 0.00120929 1667510 0.0259847
117.351 0.00120425 1679754 0.0258765
117.653 0.00119837 1698164 0.0257501
117.956 0.00119187 1707206 0.0256104
118.259 0.00118711 1717866 0.0255082
118.563 0.00118039 1737602 0.0253638
118.868 0.00117477 1745166 0.0252429
119.174 0.00116736 1768226 0.0250837
119.48 0.001165 1771986 0.0250332
119.788 0.00115663 1789838 0.0248533
120.096 0.00115056 1802874 0.0247229
120.404 0.00114517 1814282 0.0246069
120.714 0.00113887 1834154 0.0244716
121.024 0.00113738 1843710 0.0244395
121.336 0.00112943 1859306 0.0242688
121.647 0.00112429 1870050 0.0241584
121.96 0.0011181 1891334 0.0240252
122.274 0.00111348 1898490 0.023926
122.588 0.00110623 1921898 0.0237703
122.903 0.00110555 1926590 0.0237557
123.219 0.00109722 1950426 0.0235766
123.536 0.00109079 1966178 0.0234385
123.854 0.00108534 1973922 0.0233214
124.172 0.00108032 1991942 0.0232134
124.492 0.00107303 2008394 0.0230569
124.811 0.00106937 2021802 0.0229781
125.132 0.00106505 2039858 0.0228854
125.454 0.00106065 2057670 0.0227908
125.777 0.00105092 2069354 0.0225819
126.1 0.00104784 2086922 0.0225155
126.424 0.00104157 2101206 0.0223808
126.75 0.00103977 2122514 0.0223422
127.076 0.00103378 2133600 0.0222134
127.402 0.00102626 2148026 0.0220518
127.73 0.0010212 2177030 0.0219432
128.059 0.00101895 2183874 0.0218949
128.387 0.00101241 2194802 0.0217543
128.717 0.00100515 2228706 0.0215982
129.049 0.00100181 2238902 0.0215264
129.381 0.000995304 2249906 0.0213867
129.713 0.000991184 2273034 0.0212982
130.047 0.000986201 2286386 0.0211911
130.381 0.00098177 2303982 0.0210959
130.716 0.000976786 2326394 0.0209888
131.052 0.00097168 2342522 0.0208791
131.389 0.000965366 2361450 0.0207434
131.727 0.000960593 2375606 0.0206409
132.066 0.000956693 2398010 0.020557
132.405 0.000952965 2411016 0.0204769
132.746 0.000946396 2442266 0.0203358
133.087 0.000942283 2449086 0.0202474
133.429 0.000936658 2476418 0.0201266
133.772 0.000933522 2484818 0.0200592
134.116 0.000928474 2516802 0.0199507
134.461 0.000923038 2530442 0.0198339
134.807 0.000918578 2554382 0.0197381
135.154 0.000914476 2565978 0.0196499
135.502 0.000909578 2590778 0.0195447
135.85 0.000906784 2606874 0.0194846
136.199 0.000901329 2631164 0.0193674
136.549 0.00089824 2649554 0.019301
136.9 0.000892138 2666754 0.0191699
137.252 0.000888931 2693714 0.019101
137.606 0.000881837 2715650 0.0189486
137.959 0.000879305 2725038 0.0188942
138.313 0.000874263 2755226 0.0187858
138.669 0.000869391 2773802 0.0186811
139.026 0.000865473 2798760 0.0185969
139.383 0.000859891 2820002 0.018477
139.742 0.000857459 2837054 0.0184248
140.101 0.000853729 2870922 0.0183446
140.462 0.000849478 2881346 0.0182532
140.823 0.000844758 2902394 0.0181518
141.185 0.000841449 2928498 0.0180807
141.547 0.000837727 2947664 0.0180008
141.911 0.000832529 2979758 0.0178891
142.277 0.000828799 2998434 0.0178089
142.643 0.000823369 3024578 0.0176922
143.01 0.000821248 3043514 0.0176467
143.377 0.000817785 3061818 0.0175723
143.746 0.000812168 3091868 0.0174516
144.115 0.000808116 3114722 0.0173645
144.486 0.000802931 3143634 0.0172531
144.857 0.000800089 3160586 0.017192
145.23 0.000797254 3184658 0.0171311
145.603 0.000791185 3222000 0.0170007
145.978 0.000787852 3231974 0.0169291
146.353 0.000784811 3262802 0.0168637
146.729 0.000780718 3286002 0.0167758
147.106 0.000777898 3312602 0.0167152
147.485 0.00077328 3337568 0.0166159
147.864 0.000769372 3366362 0.016532
148.244 0.000765776 3396018 0.0164547
148.625 0.000762256 3408926 0.0163791
149.007 0.000758401 3444482 0.0162962
149.39 0.000754339 3467784 0.016209
149.774 0.000749783 3498770 0.016111
150.16 0.000745726 3524282 0.0160239
150.546 0.000741845 3548354 0.0159405
150.933 0.000738742 3580968 0.0158738
151.321 0.000734579 3607658 0.0157843
151.71 0.000731745 3634646 0.0157235
152.1 0.000728442 3660666 0.0156525
152.491 0.000723558 3689696 0.0155475
152.884 0.000721947 3722978 0.0155129
153.277 0.000717623 3749090 0.01542
153.671 0.000713892 3773754 0.0153398
154.066 0.000710258 3805976 0.0152617
154.462 0.000706111 3833522 0.0151726
154.859 0.000702842 3862434 0.0151024
155.257 0.00069932 3903374 0.0150267
155.657 0.000695672 3917240 0.0149483
156.057 0.000692752 3961082 0.0148856
156.458 0.000689753 3985818 0.0148211
156.861 0.000685652 4017122 0.014733
157.264 0.000681335 4050344 0.0146403
157.668 0.000677911 4079402 0.0145667
158.073 0.000674557 4102290 0.0144946
158.48 0.000671229 4147256 0.0144231
158.887 0.000667806 4173074 0.0143496
159.296 0.000665293 4204082 0.0142956
159.705 0.000661804 4241100 0.0142206
160.116 0.000658203 4268354 0.0141432
160.528 0.00065557 4310354 0.0140866
160.94 0.000651913 4336802 0.014008
161.354 0.000648414 4373568 0.0139329
161.769 0.000644539 4401866 0.0138496
162.185 0.000641333 4440074 0.0137807
162.602 0.000638083 4476560 0.0137109
163.02 0.000634779 4509378 0.0136399
163.44 0.000631672 4546658 0.0135731
163.86 0.0006286 4583720 0.0135071
164.282 0.000625931 4613090 0.0134498
164.704 0.000622466 4650386 0.0133753
165.127 0.000617955 4686120 0.0132784
165.552 0.000616293 4713410 0.0132427
165.977 0.000612619 4757864 0.0131637
166.404 0.000610686 4793786 0.0131222
166.832 0.000607273 4840422 0.0130489
167.261 0.000605367 4868024 0.0130079
167.691 0.000602119 4904978 0.0129381
168.122 0.000598149 4946690 0.0128528
168.554 0.000596503 4985120 0.0128174
168.988 0.000592964 5023338 0.0127414
169.423 0.000589897 5067146 0.0126755
169.858 0.000586785 5094296 0.0126086
170.295 0.000583181 5139554 0.0125312
170.733 0.000580079 5182520 0.0124645
171.172 0.000577941 5223618 0.0124186
171.612 0.00057475 5252786 0.01235
172.053 0.000571912 5301128 0.012289
172.496 0.000568558 5349314 0.012217
172.939 0.000565386 5379920 0.0121488
173.384 0.00056292 5428778 0.0120958
173.83 0.000560515 5458488 0.0120441
174.277 0.000557332 5513570 0.0119757
174.725 0.000555377 5549522 0.0119337
175.174 0.000552693 5588936 0.0118761
175.624 0.00054971 5646746 0.011812
176.076 0.000546413 5677520 0.0117411
176.529 0.000544611 5723130 0.0117024
176.982 0.000542673 5769560 0.0116608
177.438 0.000539552 5817050 0.0115937
177.894 0.000536732 5857202 0.0115331
178.351 0.000534299 5906408 0.0114808
178.81 0.000532365 5946794 0.0114393
179.27 0.000529475 6000396 0.0113772
179.731 0.000526605 6038906 0.0113155
180.193 0.000524124 6091256 0.0112622
180.656 0.000520969 6140858 0.0111944
181.121 0.000518229 6177776 0.0111355
181.586 0.000515916 6239738 0.0110858
182.053 0.000513383 6270456 0.0110314
182.521 0.000510567 6326018 0.0109709
182.991 0.000507497 6384392 0.0109049
183.461 0.000505389 6427970 0.0108596
183.933 0.000502407 6477032 0.0107955
184.406 0.000500136 6519386 0.0107467
184.88 0.000498021 6578144 0.0107013
185.355 0.000495917 6629210 0.0106561
185.832 0.000493272 6675720 0.0105992
186.31 0.000491139 6738554 0.0105534
186.789 0.00048839 6772208 0.0104943
187.269 0.000485716 6835742 0.0104369
187.75 0.000483161 6893840 0.010382
188.233 0.000481127 6937658 0.0103383
188.717 0.000478495 6992360 0.0102817
189.202 0.000475557 7055024 0.0102186
189.689 0.00047327 7095962 0.0101695
190.176 0.00047128 7160064 0.0101267
190.666 0.000469238 7221338 0.0100828
191.156 0.000467036 7261952 0.0100355
191.647 0.000463532 7331066 0.0099602
192.14 0.000461509 7376108 0.00991672
192.634 0.00045865 7444178 0.00985529
193.13 0.000456752 7498544 0.00981452
193.626 0.000454349 7553096 0.00976288
194.124 0.000452237 7605074 0.00971749
194.623 0.000449985 7677224 0.00966911
195.123 0.000447648 7730426 0.00961889
195.625 0.000445527 7797984 0.00957332
196.128 0.000443517 7853588 0.00953012
196.633 0.000440717 7911458 0.00946996
197.138 0.000438893 7965872 0.00943077
197.645 0.000436562 8040818 0.00938067
198.153 0.000434331 8091080 0.00933274
198.663 0.000431888 8170088 0.00928023
199.174 0.000429807 8227610 0.00923553
199.686 0.000427804 8278412 0.00919248
200.199 0.000425958 8352296 0.00915282
200.714 0.000423304 8419322 0.00909579
201.23 0.000421708 8471912 0.0090615
201.747 0.00041938 8540552 0.00901148
202.266 0.00041739 8612762 0.00896871
202.786 0.000414855 8694428 0.00891424
203.308 0.00041257 8739866 0.00886515
203.831 0.000410653 8821520 0.00882395
204.355 0.000408453 8874512 0.00877667
204.88 0.000406272 8948306 0.00872981
205.407 0.000404139 9023400 0.00868399
205.935 0.000402058 9093620 0.00863927
206.465 0.000400199 9151952 0.00859932
206.995 0.000398527 9229178 0.00856338
207.527 0.000396158 9302240 0.00851248
208.061 0.000394022 9377192 0.00846659
208.596 0.0003922 9446270 0.00842745
209.133 0.000390464 9521792 0.00839013
209.67 0.000388041 9588752 0.00833807
210.209 0.000386369 9670178 0.00830215
210.75 0.000384639 9742832 0.00826497
211.292 0.000382697 9819980 0.00822325
211.835 0.000380716 9888560 0.00818069
212.38 0.000379082 9971810 0.00814557
212.926 0.0003766 10045688 0.00809224
213.474 0.000374849 10131500 0.0080546
214.022 0.000373045 10193840 0.00801585
214.573 0.000370741 10289138 0.00796634
215.125 0.000369325 10359176 0.00793592
215.677 0.000367289 10435556 0.00789217
216.232 0.000365014 10527032 0.00784328
216.788 0.000363527 10604282 0.00781133
217.345 0.000361685 10681544 0.00777176
217.904 0.000360121 10773116 0.00773813
218.465 0.000358087 10854352 0.00769443
219.026 0.000356093 10925264 0.0076516
219.589 0.000354347 11022962 0.00761407
220.154 0.000352699 11104076 0.00757865
220.72 0.000351234 11198888 0.00754718
221.288 0.000349197 11274560 0.0075034
221.857 0.000347383 11362352 0.00746442
222.427 0.000345653 11450918 0.00742726
222.999 0.00034392 11540792 0.00739003
223.573 0.000342144 11638856 0.00735185
224.147 0.000340385 11715836 0.00731405
224.724 0.000338715 11809448 0.00727818
225.302 0.000336703 11906312 0.00723494
225.881 0.000334952 11989478 0.00719733
226.462 0.000333411 12091352 0.00716421
227.044 0.000332096 12185264 0.00713596
227.628 0.000330112 12267320 0.00709332
228.213 0.000328412 12372476 0.00705678
228.8 0.000326634 12468856 0.00701858
229.388 0.000324742 12568520 0.00697793
229.978 0.000323489 12652574 0.00695102
230.569 0.000321998 12752984 0.00691897
231.162 0.000320278 12859160 0.00688201
231.756 0.000318437 12949244 0.00684244
232.352 0.000317178 13055168 0.00681539
232.95 0.000315525 13151840 0.00677989
233.549 0.000313841 13271996 0.00674369
234.149 0.000311806 13354232 0.00669996
234.751 0.00031029 13465052 0.00666739
235.355 0.000308823 13566064 0.00663587
235.96 0.000307382 13671944 0.00660491
236.567 0.000305769 13776566 0.00657025
237.175 0.000304282 13890512 0.00653829
237.785 0.000302838 13999112 0.00650727
238.397 0.000301013 14097908 0.00646805
239.009 0.00029942 14203280 0.00643382
239.624 0.000298233 14324084 0.00640831
240.24 0.000296802 14438080 0.00637757
240.858 0.000295394 14534936 0.00634731
241.477 0.00029353 14653316 0.00630726
242.098 0.000292079 14776880 0.00627607
242.721 0.000290433 14873084 0.00624071
243.345 0.000289046 15008984 0.0062109
243.971 0.000287482 15105272 0.0061773
244.598 0.000285879 15237076 0.00614285
245.227 0.000284488 15350984 0.00611296
245.857 0.000283238 15445892 0.00608611
246.489 0.00028179 15598592 0.00605499
247.123 0.000280504 15704288 0.00602736
247.759 0.000279154 15842660 0.00599836
248.396 0.000277565 15932848 0.00596421
249.034 0.000276095 16083092 0.00593263
249.675 0.000274663 16195904 0.00590185
250.317 0.000273368 16313708 0.00587403
250.96 0.000271797 16448672 0.00584028
251.605 0.000270309 16589012 0.00580829
252.252 0.000268901 16698160 0.00577805
252.901 0.000267847 16835390 0.00575539
253.551 0.000266465 16968356 0.00572569
254.203 0.00026498 17101592 0.00569379
254.857 0.000263584 17226524 0.0056638
255.513 0.000262284 17365816 0.00563585
256.169 0.000260757 17485796 0.00560305
256.828 0.000259767 17631224 0.00558178
257.488 0.000258236 17771780 0.00554888
258.151 0.000256827 17908096 0.00551861
258.814 0.000255694 18033524 0.00549424
259.479 0.000254267 18177278 0.00546359
260.147 0.000253122 18323780 0.00543898
260.816 0.000251704 18474272 0.00540851
261.486 0.000250472 18609292 0.00538204
262.159 0.000249295 18751232 0.00535676
262.833 0.0002482 18896948 0.00533323
263.509 0.000246886 19043600 0.005305
264.186 0.000245644 19187434 0.0052783
264.866 0.000244443 19343312 0.00525249
265.547 0.000243152 19484900 0.00522476
266.229 0.000242071 19639040 0.00520153
266.914 0.000240734 19790812 0.00517279
267.6 0.000239405 19944428 0.00514425
268.288 0.000238246 20083934 0.00511934
268.978 0.000237045 20264708 0.00509353
269.67 0.000235973 20416744 0.00507049
270.363 0.000234714 20561780 0.00504345
271.058 0.000233555 20722592 0.00501854
271.755 0.000232301 20897122 0.0049916
272.454 0.000231117 21038948 0.00496616
273.155 0.000230042 21220016 0.00494305
273.857 0.000228701 21375740 0.00491423
274.561 0.000227548 21538654 0.00488946
275.267 0.000226342 21710852 0.00486355
275.975 0.000225285 21863168 0.00484084
276.684 0.000224102 22042780 0.00481541
277.396 0.000223242 22225562 0.00479693
278.109 0.000221892 22374104 0.00476792
278.824 0.000220908 22567564 0.00474678
279.541 0.000219828 22732424 0.00472359
280.26 0.000218733 22921610 0.00470006
280.981 0.000217478 23086564 0.00467309
281.703 0.000216419 23262032 0.00465032
282.427 0.000215398 23433890 0.00462838
283.153 0.000214291 23636092 0.0046046
283.882 0.000213175 23824040 0.00458062
284.612 0.000212013 23985218 0.00455565
285.343 0.000210859 24179260 0.00453087
286.077 0.000209777 24376712 0.00450761
286.813 0.000208772 24544178 0.00448601
287.55 0.000207856 24753748 0.00446633
288.29 0.000206877 24937064 0.0044453
289.031 0.000205682 25134674 0.00441961
289.774 0.000204513 25307668 0.00439449
290.519 0.000203658 25517864 0.00437613
291.266 0.000202571 25728626 0.00435278
292.015 0.000201615 25893652 0.00433223
292.766 0.000200642 26127710 0.00431131
293.519 0.000199709 26319604 0.00429127
294.273 0.00019866 26520908 0.00426874
295.03 0.00019756 26726654 0.00424509
295.788 0.000196543 26929204 0.00422325
296.549 0.000195552 27145994 0.00420194
297.312 0.000194507 27352564 0.00417949
298.076 0.000193556 27572150 0.00415905
298.843 0.000192572 27769916 0.00413791
299.611 0.000191666 27998308 0.00411844
300.382 0.000190706 28207190 0.00409782
301.154 0.000189702 28426180 0.00407624
301.928 0.000188769 28624130 0.00405619
302.704 0.000187732 28896460 0.00403391
303.483 0.000186826 29080694 0.00401444
304.263 0.000185971 29319836 0.00399607
305.046 0.000184959 29532394 0.00397433
305.83 0.000184026 29767340 0.00395428
306.616 0.000183058 30014194 0.00393347
307.405 0.000182089 30224432 0.00391265
308.195 0.000181162 30473410 0.00389273
308.988 0.000180275 30702596 0.00387369
309.782 0.000179358 30930418 0.00385397
310.578 0.000178421 31176008 0.00383385
311.377 0.000177747 31426922 0.00381935
312.178 0.000176625 31653868 0.00379525
312.98 0.000175784 31911962 0.00377719
313.785 0.000174927 32153338 0.00375876
314.592 0.000174079 32400824 0.00374054
315.401 0.000173207 32673226 0.00372181
316.212 0.000172266 32897276 0.00370158
317.025 0.000171408 33149338 0.00368316
317.84 0.000170605 33432602 0.00366589
318.657 0.000169664 33673084 0.00364568
319.476 0.000168894 33919790 0.00362913
320.298 0.000167987 34217764 0.00360963
321.122 0.000167246 34469282 0.00359373
321.948 0.000166355 34723138 0.00357458
322.775 0.00016556 34993172 0.0035575
323.605 0.000164748 35281954 0.00354003
324.437 0.000163948 35524210 0.00352284
325.271 0.000163083 35815028 0.00350426
326.108 0.000162203 36103222 0.00348535
326.946 0.000161379 36363554 0.00346765
327.787 0.000160472 36666988 0.00344817
328.63 0.000159717 36930554 0.00343193
329.475 0.000158856 37232002 0.00341343
330.322 0.000158154 37512140 0.00339835
331.171 0.000157346 37794946 0.003381
332.023 0.00015659 38093978 0.00336474
332.877 0.00015579 38400652 0.00334756
333.733 0.000155023 38670034 0.00333107
334.591 0.00015425 38996498 0.00331446
335.451 0.000153507 39277894 0.0032985
336.314 0.000152783 39591956 0.00328295
337.178 0.000151949 39888106 0.00326503
338.045 0.000151213 40208698 0.00324921
338.914 0.000150435 40517882 0.00323249
339.786 0.000149617 40820764 0.00321491
340.66 0.000148885 41154026 0.00319919
341.536 0.000148157 41459578 0.00318354
342.414 0.000147437 41788306 0.00316807
343.294 0.000146692 42081866 0.00315206
344.177 0.000146008 42446572 0.00313736
345.062 0.000145234 42763874 0.00312073
345.949 0.000144631 43094746 0.00310777
346.839 0.000143842 43426258 0.00309083
347.73 0.000143208 43752578 0.00307719
348.624 0.000142541 44101090 0.00306287
349.521 0.000141835 44436868 0.00304769
350.42 0.000141092 44782802 0.00303174
351.321 0.000140444 45128914 0.0030178
352.224 0.000139705 45483370 0.00300192
353.13 0.000139113 45816314 0.00298921
354.037 0.000138397 46188442 0.00297382
354.948 0.000137731 46553674 0.00295952
355.861 0.000137095 46895978 0.00294584
356.776 0.000136455 47266582 0.0029321
357.693 0.000135749 47633458 0.00291693
358.613 0.000135061 47988956 0.00290213
359.535 0.000134445 48376618 0.0028889
360.459 0.000133852 48746386 0.00287617
361.386 0.00013317 49117010 0.0028615
362.315 0.000132483 49488418 0.00284673
363.247 0.000131875 49895914 0.00283368
364.181 0.000131216 50262466 0.00281952
365.117 0.000130686 50665130 0.00280813
366.056 0.000130053 51039802 0.00279453
366.997 0.000129406 51446590 0.00278063
367.941 0.000128691 51844810 0.00276525
368.887 0.000128138 52248530 0.00275339
369.836 0.000127496 52642810 0.00273958
370.787 0.000126924 53061658 0.0027273
371.74 0.000126322 53477170 0.00271436
372.696 0.000125692 53869586 0.00270082
373.654 0.000125068 54282286 0.00268742
374.615 0.000124478 54713002 0.00267474
375.578 0.000123973 55139536 0.00266388
376.544 0.000123356 55571090 0.00265063
377.512 0.000122827 55982746 0.00263926
378.483 0.000122263 56420434 0.00262713
379.456 0.000121724 56893246 0.00261556
380.432 0.000121141 57287866 0.00260304
381.41 0.000120617 57743522 0.00259178
382.39 0.000120054 58181746 0.00257967
383.373 0.000119428 58643734 0.00256621
384.359 0.000118934 59099032 0.00255561
385.348 0.00011839 59564794 0.00254391
386.339 0.000117857 60009410 0.00253247
387.332 0.000117345 60480010 0.00252147
388.328 0.00011682 60944086 0.00251018
389.326 0.000116284 61411906 0.00249866
390.327 0.000115817 61897144 0.00248863
391.331 0.000115285 62377450 0.00247721
392.337 0.000114801 62855294 0.0024668
393.346 0.000114267 63328810 0.00245532
394.358 0.000113832 63845434 0.00244598
395.372 0.000113276 64315900 0.00243402
396.388 0.000112775 64821082 0.00242326
397.407 0.000112325 65323114 0.00241359
398.429 0.000111816 65803834 0.00240266
399.453 0.000111343 66337516 0.00239249
400.481 0.000110857 66866810 0.00238204
401.511 0.000110385 67364626 0.00237191
402.543 0.000109878 67877710 0.00236101
403.578 0.000109453 68429272 0.00235188
404.616 0.000108983 68934970 0.00234177
405.656 0.000108567 69468262 0.00233285
406.699 0.000108052 69998872 0.00232178
407.745 0.000107619 70555138 0.00231249
408.793 0.000107211 71098054 0.00230371
409.844 0.000106792 71666560 0.00229471
410.898 0.000106329 72194566 0.00228476
411.955 0.000105956 72762586 0.00227674
413.014 0.000105482 73331672 0.00226655
414.076 0.000105076 73882918 0.00225784
415.141 0.000104626 74467456 0.00224817
416.208 0.000104287 75008962 0.00224088
417.278 0.000103901 75649294 0.00223258
418.351 0.00010348 76200112 0.00222353
419.427 0.000103094 76798606 0.00221524
420.505 0.000102706 77363128 0.00220691
421.586 0.000102325 77993662 0.00219872
422.671 0.000101973 78583960 0.00219115
423.757 0.000101633 79193662 0.00218386
424.847 0.000101279 79812544 0.00217624
425.939 0.000100963 80441746 0.00216945
427.035 0.000100632 81027292 0.00216234
428.133 0.00010028 81674242 0.00215478
429.233 9.99032e-05 82306036 0.00214668
430.337 9.95318e-05 82931794 0.0021387
431.444 9.92405e-05 83595436 0.00213244
432.553 9.89434e-05 84226090 0.00212606
433.665 9.86385e-05 84905020 0.00211951
434.78 9.839e-05 85521378 0.00211417
435.898 9.81183e-05 86208148 0.00210833
437.019 9.7811e-05 86867170 0.00210172
438.143 9.75341e-05 87522292 0.00209578
439.269 9.72645e-05 88222264 0.00208998
440.399 9.70028e-05 88892302 0.00208436
441.531 9.67443e-05 89582572 0.0020788
442.666 9.64874e-05 90272914 0.00207328
443.805 9.62687e-05 90984868 0.00206859
444.946 9.59932e-05 91689400 0.00206267
446.09 9.5786e-05 92388094 0.00205821
447.237 9.56038e-05 93094336 0.0020543
448.387 9.53184e-05 93815556 0.00204816
449.54 9.51035e-05 94551622 0.00204355
450.696 9.49079e-05 95291992 0.00203934
451.855 9.47217e-05 96010564 0.00203534
453.016 9.45799e-05 96766954 0.0020323
454.181 9.43461e-05 97501132 0.00202727
455.349 9.42176e-05 98254180 0.00202451
456.52 9.40158e-05 99021864 0.00202018
457.694 9.39021e-05 99782158 0.00201773
458.871 9.37391e-05 100571620 0.00201423
460.051 9.35738e-05 101334952 0.00201068
461.233 9.34325e-05 102118276 0.00200764
462.419 9.33639e-05 102902278 0.00200617
463.608 9.32372e-05 103719888 0.00200345
464.8 9.31257e-05 104491492 0.00200105
465.995 9.303e-05 105311284 0.00199899
467.194 9.29438e-05 106140496 0.00199714
468.395 9.28721e-05 106951822 0.0019956
469.599 9.28217e-05 107791596 0.00199452
470.807 9.27534e-05 108606772 0.00199305
472.017 9.27249e-05 109435288 0.00199244
473.231 9.27128e-05 110302564 0.00199218
474.448 9.26472e-05 111143388 0.00199077
475.668 9.26445e-05 112020700 0.00199071
476.891 9.26458e-05 112894306 0.00199074
478.117 9.2658e-05 113729956 0.001991
479.346 9.26988e-05 114639612 0.00199188
480.579 9.27089e-05 115499620 0.00199209
481.815 9.27746e-05 116421520 0.0019935
483.053 9.26774e-05 116939335 0.00199142
484.295 9.23149e-05 116939280 0.00198363
485.54 9.19324e-05 116943532 0.00197541
486.789 9.15952e-05 116899072 0.00196816
488.04 9.12343e-05 116889072 0.00196041
489.295 9.08776e-05 116872720 0.00195274
490.553 9.05059e-05 116858284 0.00194476
491.815 9.01818e-05 116795044 0.00193779
493.079 8.98708e-05 116788176 0.00193111
494.347 8.95429e-05 116732812 0.00192406
495.618 8.92264e-05 116648368 0.00191726
496.892 8.88607e-05 116650344 0.0019094
498.17 8.85469e-05 116564920 0.00190266
499.451 8.82474e-05 116498052 0.00189623
500.735 8.79271e-05 116435392 0.00188934
502.023 8.76424e-05 116367904 0.00188323
503.314 8.73124e-05 116257824 0.00187613
504.608 8.69841e-05 116196436 0.00186908
505.905 8.66809e-05 116095600 0.00186256
507.206 8.64136e-05 115986576 0.00185682
508.51 8.60832e-05 115891240 0.00184972
509.818 8.58078e-05 115796928 0.00184381
511.129 8.54868e-05 115651240 0.00183691
512.443 8.52223e-05 115542868 0.00183122
513.761 8.49454e-05 115417320 0.00182527
515.082 8.46931e-05 115277548 0.00181985
516.406 8.43794e-05 115132296 0.00181311
517.734 8.40796e-05 114982240 0.00180667
519.065 8.38036e-05 114819180 0.00180074
520.399 8.3549e-05 114670768 0.00179527
521.738 8.32905e-05 114525108 0.00178971
523.079 8.30434e-05 114298600 0.00178441
524.424 8.2805e-05 114176136 0.00177928
525.773 8.25107e-05 113947792 0.00177296
527.124 8.22403e-05 113768896 0.00176715
528.48 8.19967e-05 113558592 0.00176191
529.839 8.17722e-05 113367724 0.00175709
531.201 8.15235e-05 113127276 0.00175175
532.567 8.12819e-05 112914256 0.00174655
533.936 8.10233e-05 112688340 0.001741
535.309 8.07987e-05 112426152 0.00173617
536.686 8.06116e-05 112198672 0.00173215
538.066 8.03481e-05 111958488 0.00172649
539.449 8.01509e-05 111666640 0.00172225
540.836 7.99594e-05 111400152 0.00171814
542.227 7.97585e-05 111137236 0.00171382
543.621 7.9517e-05 110862960 0.00170863
545.019 7.93695e-05 110551120 0.00170546
546.42 7.91321e-05 110256372 0.00170036
547.825 7.89284e-05 109929480 0.00169598
549.234 7.87576e-05 109648240 0.00169231
550.646 7.85434e-05 109288116 0.00168771
552.062 7.83649e-05 108971368 0.00168387
553.481 7.81383e-05 108615876 0.00167901
554.904 7.7963e-05 108258792 0.00167524
556.331 7.78426e-05 107896156 0.00167265
557.762 7.76565e-05 107548044 0.00166865
559.196 7.74952e-05 107155156 0.00166519
560.634 7.73231e-05 106745640 0.00166149
562.075 7.71718e-05 106381152 0.00165824
563.52 7.70522e-05 105950332 0.00165567
564.969 7.68938e-05 105560460 0.00165226
566.422 7.67628e-05 105095832 0.00164945
567.878 7.66302e-05 104691448 0.0016466
569.339 7.65067e-05 104227416 0.00164395
570.802 7.63878e-05 103768020 0.00164139
572.27 7.62921e-05 103321584 0.00163934
573.742 7.62013e-05 102828700 0.00163739
575.217 7.61424e-05 102352788 0.00163612
576.696 7.60095e-05 101856600 0.00163326
578.179 7.59177e-05 101332732 0.00163129
579.665 7.58389e-05 100832628 0.0016296
581.156 7.57568e-05 100293552 0.00162783
582.65 7.56729e-05 99747192 0.00162603
584.148 7.56094e-05 99219016 0.00162467
585.65 7.55467e-05 98641428 0.00162332
587.156 7.54875e-05 98075004 0.00162205
588.666 7.5468e-05 97492236 0.00162163
590.179 7.54249e-05 96889368 0.0016207
591.697 7.53748e-05 96288544 0.00161962
593.218 7.53863e-05 95667084 0.00161987
594.744 7.53577e-05 95038752 0.00161926
596.273 7.53597e-05 94392264 0.0016193
597.806 7.53598e-05 93742056 0.0016193
599.343 7.53413e-05 93080044 0.0016189
600.884 7.53436e-05 92395188 0.00161895
602.429 7.54033e-05 91699368 0.00162024
603.978 7.53905e-05 90981384 0.00161996
605.531 7.54387e-05 90300588 0.001621
607.088 7.54961e-05 89544360 0.00162223
608.649 7.55139e-05 88824232 0.00162261
610.214 7.55752e-05 88040328 0.00162393
611.783 7.56368e-05 87297984 0.00162525
613.356 7.57211e-05 86497968 0.00162707
614.933 7.58197e-05 85707504 0.00162919
616.514 7.5903e-05 84898392 0.00163098
618.099 7.59741e-05 84056904 0.0016325
619.689 7.60776e-05 83247912 0.00163473
621.282 7.62247e-05 82396368 0.00163789
622.88 7.63373e-05 81516660 0.00164031
624.481 7.64716e-05 80625504 0.00164319
626.087 7.66319e-05 79743588 0.00164664
627.696 7.6738e-05 78851196 0.00164892
629.311 7.68805e-05 77904480 0.00165198
630.928 7.71037e-05 76957480 0.00165677
632.551 7.72788e-05 76018464 0.00166054
634.177 7.74262e-05 75041040 0.0016637
635.808 7.76267e-05 74065920 0.00166801
637.442 7.78652e-05 73055520 0.00167314
639.081 7.80358e-05 72045396 0.0016768
640.725 7.82406e-05 70993964 0.0016812
642.372 7.84435e-05 69966888 0.00168556
644.024 7.86834e-05 68889276 0.00169072
645.68 7.89199e-05 67824288 0.0016958
647.34 7.9165e-05 66704700 0.00170107
649.004 7.94174e-05 65602596 0.00170649
650.673 7.96862e-05 64452240 0.00171227
652.346 7.9913e-05 63318708 0.00171714
654.023 8.01111e-05 62140668 0.0017214
655.705 8.03644e-05 60969048 0.00172684
657.391 8.06264e-05 59742948 0.00173247
659.081 8.08424e-05 58545444 0.00173711
660.775 8.1107e-05 57293532 0.0017428
662.474 8.13677e-05 56035064 0.0017484
664.178 8.14951e-05 54769164 0.00175113
665.885 8.17402e-05 53467236 0.0017564
667.597 8.18686e-05 52159800 0.00175916
669.314 8.19439e-05 50824572 0.00176078
671.035 8.20352e-05 49478256 0.00176274
672.76 8.20345e-05 48107940 0.00176273
674.49 8.19847e-05 46713656 0.00176166
676.224 8.18941e-05 45286716 0.00175971
677.962 8.16931e-05 43878768 0.00175539
679.705 8.15e-05 42417696 0.00175124
681.452 8.1087e-05 40952868 0.00174237
683.205 8.06708e-05 39518069 0.00173342
684.962 8.0471e-05 38220792 0.00172913
686.723 8.02855e-05 37010586 0.00172514
688.489 8.01374e-05 35872284 0.00172196
690.259 8.00959e-05 34769120 0.00172107
692.034 8.00212e-05 33713676 0.00171946
693.814 7.9929e-05 32679294 0.00171748
695.597 7.99555e-05 31689516 0.00171805
697.386 7.99438e-05 30731648 0.0017178
699.179 8.00807e-05 29789496 0.00172074
700.977 8.02644e-05 28876206 0.00172469
702.78 8.04053e-05 27977588 0.00172772
704.586 8.05089e-05 27112026 0.00172994
706.398 8.05927e-05 26263032 0.00173175
708.215 8.07926e-05 25433732 0.00173604
710.036 8.09485e-05 24617118 0.00173939
711.861 8.11175e-05 23829618 0.00174302
713.691 8.13634e-05 23045474 0.00174831
715.526 8.17665e-05 22291164 0.00175697
717.366 8.1943e-05 21548138 0.00176076
719.211 8.22784e-05 20822178 0.00176797
721.06 8.25674e-05 20107248 0.00177418
722.914 8.28984e-05 19406348 0.00178129
724.772 8.32592e-05 18723654 0.00178904
726.636 8.36426e-05 18059312 0.00179728
728.504 8.40726e-05 17402742 0.00180652
730.377 8.44839e-05 16754724 0.00181536
732.255 8.48984e-05 16135814 0.00182426
734.138 8.54341e-05 15515232 0.00183577
736.025 8.58819e-05 14911028 0.0018454
737.918 8.6508e-05 14330256 0.00185885
739.815 8.70344e-05 13745288 0.00187016
741.717 8.75783e-05 13186902 0.00188185
743.624 8.83167e-05 12629240 0.00189771
745.536 8.90593e-05 12094086 0.00191367
747.453 8.97052e-05 11563610 0.00192755
749.375 9.04796e-05 11050836 0.00194419
751.302 9.14584e-05 10549550 0.00196522
753.233 9.21495e-05 10053218 0.00198007
755.17 9.30729e-05 9573252 0.00199991
757.111 9.3746e-05 9108968 0.00201438
759.058 9.45963e-05 8650770 0.00203265
761.009 9.55657e-05 8203508 0.00205348
762.966 9.67059e-05 7772340 0.00207798
764.927 9.795e-05 7352690 0.00210471
766.894 9.89747e-05 6941804 0.00212673
768.866 0.00010024 6542412 0.00215393
770.843 0.000101421 6154682 0.0021793
772.825 0.000102751 5779532 0.00220788
774.811 0.000104037 5414334 0.0022355
776.803 0.000105598 5062910 0.00226905
778.8 0.000107196 4721528 0.0023034
780.802 0.000108877 4393398 0.0023395
782.81 0.000110627 4074230 0.0023771
784.822 0.000112348 3767654 0.00241409
786.839 0.000113924 3472146 0.00244795
788.861 0.000115745 3188006 0.00248708
790.888 0.000117773 2916440 0.00253066
792.921 0.000119961 2661902 0.00257768
794.961 0.000122218 2410242 0.00262618
797.003 0.000124561 2171384 0.00267653
799.05 0.000126976 1949174 0.0027284
801.105 0.00012949 1738592 0.00278244
803.163 0.000132544 1533366 0.00284806
805.226 0.000135432 1347812 0.00291011
807.296 0.000137621 1170398 0.00295714
809.37 0.000141436 1004792 0.00303913
811.448 0.000144492 853736 0.00310478
813.531 0.000147641 711416 0.00317246
815.621 0.000151262 587334 0.00325025
817.718 0.000154599 468236 0.00332196
819.802 0.000158736 363320 0.00341086
821.909 0.000162054 280856 0.00348216
824.035 0.000166465 198080 0.00357694
826.109 0.000172884 128864 0.00371486
828.186 0.000178021 83264 0.00382526
830.313 0.000179774 42368 0.00386292
832.391 0.000187893 15296 0.00403737
834.243 0.000188748 2046 0.00405574
835.799 7.90812e-05 1 0.00169927
