# in Mpc/h Units 
# D1 = 0.185087 
# k P N P(z=0)
0.314159 30.6319 6 894.174
0.444288 16.0853 12 469.546
0.54414 10.6122 8 309.78
0.628319 7.30312 6 213.185
0.702481 5.14984 24 150.329
0.76953 4.83623 24 141.174
0.888577 3.4123 12 99.6083
0.942478 3.44518 30 100.568
0.993459 2.30532 24 67.2945
1.04195 2.47537 24 72.2583
1.08828 2.48874 8 72.6486
1.13272 1.70196 24 49.6817
1.17548 1.90057 48 55.4795
1.25664 1.72413 6 50.329
1.29531 1.51565 48 44.2433
1.33286 1.20595 36 35.2028
1.36939 1.41332 24 41.2561
1.40496 1.82869 24 53.3812
1.43966 1.10829 48 32.3519
1.47354 1.20188 24 35.084
1.53906 1.23667 24 36.0997
1.5708 1.06102 30 30.9721
1.6019 0.952436 72 27.8025
1.63242 0.851358 32 24.8519
1.6918 0.722888 72 21.1018
1.72072 1.15059 48 33.5867
1.77715 1.09351 12 31.9207
1.80471 0.900503 48 26.2865
1.83185 0.720148 48 21.0218
1.85859 0.687313 48 20.0633
1.88496 0.484402 30 14.1401
1.91096 0.460123 24 13.4314
1.93661 0.627689 72 18.3228
1.98692 0.488804 24 14.2687
2.0116 0.711459 96 20.7682
2.03598 0.617219 48 18.0172
2.06008 0.526598 24 15.3719
2.0839 0.521903 24 15.2348
2.10744 0.549017 72 16.0263
2.13073 0.567667 48 16.5707
2.17656 0.237443 8 6.93117
2.19911 0.44734 54 13.0583
2.22144 0.431914 84 12.608
2.24355 0.466637 48 13.6216
2.26543 0.521401 24 15.2202
2.28711 0.490384 72 14.3148
2.30859 0.52363 96 15.2853
2.35095 0.335547 48 9.79494
2.37185 0.520996 48 15.2084
2.39257 0.52962 24 15.4601
2.4131 0.339151 72 9.90015
2.45366 0.474668 72 13.856
2.47369 0.399314 96 11.6563
2.51327 0.369013 6 10.7718
2.53283 0.364881 96 10.6512
2.55224 0.458639 96 13.3881
2.5715 0.389083 24 11.3577
2.59062 0.397751 48 11.6107
2.6096 0.408016 96 11.9104
2.62844 0.434658 48 12.6881
2.66573 0.433068 36 12.6417
2.68418 0.342137 48 9.98729
2.7025 0.336147 120 9.81243
2.7207 0.285064 56 8.32129
2.73878 0.300583 24 8.77429
2.75674 0.232456 96 6.78561
2.77458 0.356979 48 10.4206
2.80993 0.330629 24 9.65137
2.82743 0.314381 102 9.17706
2.84483 0.315313 48 9.2043
2.86213 0.272935 72 7.96724
2.87932 0.288032 48 8.40791
2.89641 0.238592 48 6.96472
2.91339 0.321137 120 9.37429
2.94708 0.206381 24 6.02447
2.96377 0.284996 144 8.31929
2.98038 0.313705 120 9.15733
2.99689 0.259729 48 7.58173
3.02964 0.267259 48 7.80153
3.04589 0.252277 96 7.36421
3.07812 0.214483 24 6.26097
3.09411 0.280896 48 8.19962
3.11002 0.269521 108 7.86757
3.12585 0.211391 72 6.17071
3.14159 0.214795 30 6.27007
3.15726 0.288892 168 8.43304
3.17285 0.382138 48 11.155
3.20381 0.237215 72 6.92452
3.21917 0.214387 96 6.25815
3.23447 0.236264 72 6.89677
3.24969 0.25015 72 7.30211
3.26484 0.236057 32 6.89072
3.27992 0.190557 72 5.56253
3.29493 0.280361 144 8.184
3.33956 0.248519 96 7.25451
3.3543 0.158719 96 4.63315
3.36898 0.183468 48 5.35561
3.3836 0.240438 72 7.01861
3.39815 0.254245 120 7.42164
3.41264 0.286243 72 8.3557
3.44144 0.196965 48 5.7496
3.45575 0.225804 78 6.59143
3.47 0.190972 120 5.57465
3.48419 0.221351 48 6.46146
3.51241 0.165327 144 4.82605
3.52643 0.194905 144 5.68945
3.55431 0.162976 12 4.75743
3.56816 0.236362 144 6.89964
3.58197 0.287456 48 8.39112
3.59572 0.176067 120 5.13956
3.60942 0.226293 48 6.6057
3.62306 0.202353 48 5.90687
3.63666 0.203114 168 5.92909
3.6637 0.209166 48 6.10575
3.67714 0.188088 96 5.49047
3.69054 0.202517 96 5.91166
3.70388 0.15841 72 4.62413
3.71718 0.149329 48 4.35907
3.73043 0.211387 96 6.17058
3.74364 0.166334 48 4.85546
3.76991 0.184114 30 5.37445
3.78298 0.192509 96 5.61951
3.796 0.179611 192 5.243
3.80898 0.203256 56 5.93325
3.82191 0.197654 24 5.76971
3.8348 0.173005 168 5.05019
3.84765 0.199054 120 5.81057
3.87322 0.233735 72 6.82295
3.88594 0.174419 144 5.09144
3.89861 0.172506 96 5.03562
3.91125 0.128156 96 3.74098
3.9364 0.18355 72 5.35799
3.94892 0.196939 96 5.74883
3.97384 0.170029 24 4.96332
3.98623 0.162313 192 4.73807
3.99859 0.150023 108 4.37931
4.01092 0.140414 24 4.09883
4.0232 0.163213 96 4.76434
4.03545 0.179456 96 5.23848
4.04766 0.194139 120 5.66711
4.07197 0.102797 48 3.00075
4.08407 0.164535 78 4.80294
4.09614 0.152249 144 4.4443
4.10817 0.14752 120 4.30626
4.12016 0.164153 24 4.79179
4.13212 0.168794 168 4.92725
4.14405 0.163516 144 4.77319
4.16779 0.134729 24 3.93286
4.17962 0.126592 48 3.69534
4.19141 0.151508 96 4.42267
4.20316 0.172436 120 5.03357
4.21489 0.162457 72 4.74227
4.22658 0.175063 120 5.11027
4.23824 0.151067 144 4.4098
4.26146 0.135267 48 3.94857
4.27303 0.150076 192 4.38086
4.28456 0.161124 144 4.70337
4.29606 0.119181 48 3.479
4.31898 0.135892 192 3.96682
4.33039 0.157927 48 4.61004
4.35312 0.156185 8 4.55919
4.36444 0.148392 48 4.3317
4.37573 0.131973 240 3.85241
4.387 0.142691 96 4.1653
4.39823 0.139552 54 4.07365
4.40944 0.140722 120 4.10782
4.42061 0.134097 120 3.91442
4.44288 0.148136 84 4.32422
4.45398 0.136122 144 3.97352
4.46504 0.129915 72 3.79234
4.47608 0.166105 96 4.84875
4.48709 0.152339 48 4.44691
4.49808 0.158999 96 4.64132
4.50903 0.132008 240 3.85343
4.53087 0.149333 24 4.35918
4.54175 0.153658 240 4.48543
4.5526 0.131896 96 3.85018
4.56883 0.109706 144 3.20242
4.585 0.143139 96 4.17838
4.59575 0.0966768 72 2.82209
4.61718 0.1342 96 3.91742
4.62785 0.13545 96 3.95392
4.63851 0.126808 120 3.70164
4.64913 0.100561 96 2.93546
4.67484 0.142972 336 4.17349
4.70191 0.156342 48 4.56376
4.71239 0.135786 150 3.96373
4.72285 0.105819 96 3.08894
4.73329 0.0950241 120 2.77384
4.75112 0.138677 168 4.04811
4.76446 0.119186 240 3.47916
4.78513 0.169307 24 4.94222
4.79543 0.139166 144 4.06239
4.80571 0.102201 216 2.98335
4.82211 0.126518 120 3.69319
4.83642 0.132142 144 3.85736
4.84661 0.125685 96 3.66886
4.87706 0.117281 144 3.42354
4.88717 0.105697 132 3.08539
4.89726 0.114586 104 3.34488
4.90732 0.164636 72 4.80588
4.922 0.121504 312 3.54682
4.94739 0.147182 96 4.29639
4.95735 0.10595 144 3.09278
4.97264 0.118827 312 3.46868
4.99701 0.146739 48 4.28345
5.00687 0.116225 192 3.39272
5.02655 0.0741238 6 2.16374
5.03636 0.135531 192 3.95629
5.05103 0.1149 192 3.35404
5.06567 0.0969702 96 2.83065
5.0754 0.110265 216 3.21874
5.08511 0.119007 72 3.47394
5.10448 0.113866 96 3.32387
5.11414 0.134862 96 3.93675
5.12539 0.124033 288 3.62063
5.14301 0.110655 24 3.23012
5.1526 0.105141 264 3.06917
5.16216 0.11947 192 3.48745
5.18125 0.0902509 48 2.63451
5.19646 0.114287 240 3.33614
5.20974 0.0980685 120 2.86271
5.21921 0.0863579 96 2.52087
5.23525 0.0967382 240 2.82388
5.26471 0.0976667 288 2.85098
5.27563 0.114275 96 3.33579
5.28498 0.107183 72 3.12878
5.30362 0.107801 192 3.1468
5.31292 0.118443 144 3.45747
5.33146 0.0671064 36 1.9589
5.34719 0.107168 342 3.12833
5.35916 0.0751292 96 2.19309
5.37587 0.097311 264 2.8406
5.38671 0.0914183 168 2.66859
5.405 0.104936 120 3.06318
5.41412 0.0814829 192 2.37856
5.42984 0.106584 264 3.1113
5.4414 0.0929903 56 2.71447
5.45589 0.0875912 240 2.55687
5.48556 0.0991798 216 2.89515
5.49554 0.0939622 240 2.74285
5.50963 0.0847612 168 2.47426
5.52599 0.0909833 240 2.65589
5.55508 0.118619 144 3.46259
5.56692 0.0994411 312 2.90278
5.57577 0.0840082 144 2.45228
5.59826 0.103232 264 3.01344
5.62783 0.0915166 264 2.67146
5.64176 0.0972673 192 2.83932
5.65487 0.0834563 102 2.43617
5.66891 0.0981343 432 2.86463
5.68967 0.0894876 48 2.61223
5.69833 0.0845774 288 2.46889
5.71069 0.0799684 168 2.33435
5.72964 0.0797675 192 2.32849
5.74147 0.0766224 144 2.23668
5.75863 0.0792187 48 2.31247
5.77277 0.0858966 276 2.5074
5.78642 0.0806872 192 2.35534
5.80132 0.084398 336 2.46366
5.80982 0.10119 216 2.95383
5.83055 0.0765888 216 2.2357
5.84792 0.0807187 240 2.35625
5.87392 0.0865513 408 2.52651
5.89415 0.0815184 24 2.3796
5.90669 0.0832999 384 2.4316
5.92421 0.0842876 240 2.46043
5.93942 0.0843166 168 2.46128
5.96499 0.0834308 246 2.43542
5.97997 0.0764408 320 2.23138
6.00063 0.0774327 288 2.26033
6.01022 0.0824399 144 2.4065
6.0348 0.079332 288 2.31578
6.04764 0.0816656 336 2.3839
6.0651 0.074541 168 2.17592
6.07555 0.0961211 336 2.80587
6.09177 0.0765805 96 2.23546
6.10391 0.0698417 384 2.03875
6.11603 0.0821509 72 2.39806
6.13444 0.0827495 336 2.41554
6.15624 0.0535098 24 1.562
6.16996 0.0782553 336 2.28435
6.18252 0.0627515 168 1.83178
6.19954 0.0876537 456 2.55869
6.22004 0.0734929 108 2.14533
6.23156 0.0761487 264 2.22285
6.24595 0.0675698 264 1.97243
6.26564 0.0732254 312 2.13752
6.28319 0.0727534 30 2.12374
6.29452 0.0839464 432 2.45047
6.31756 0.0783693 432 2.28767
6.33013 0.0798475 192 2.33082
6.35192 0.0710658 240 2.07448
6.36456 0.0797806 336 2.32887
6.38447 0.0755237 240 2.20461
6.3922 0.0764666 240 2.23213
6.41275 0.083386 216 2.43412
6.42832 0.0604606 312 1.7649
6.44655 0.0887903 336 2.59187
6.46894 0.0818413 72 2.38902
6.48007 0.0741285 624 2.16388
6.49634 0.0951705 120 2.77812
6.51021 0.0763066 336 2.22746
6.52968 0.0508305 32 1.48379
6.54409 0.0706941 528 2.06363
6.56562 0.0696598 312 2.03343
6.57487 0.0579454 96 1.69148
6.59474 0.0666358 414 1.94516
6.60897 0.0829031 216 2.42002
6.63315 0.0605312 480 1.76696
6.6632 0.0650826 636 1.89982
6.68355 0.0698051 240 2.03768
6.69388 0.0708467 168 2.06808
6.7191 0.0689745 504 2.01343
6.7321 0.0584554 240 1.70637
6.74682 0.0625858 456 1.82694
6.7725 0.062769 264 1.83229
6.78639 0.0607312 264 1.7728
6.80514 0.0663081 552 1.9356
6.82529 0.0610779 72 1.78292
6.83702 0.0675344 384 1.97139
6.8562 0.0654443 336 1.91038
6.86853 0.0584928 96 1.70746
6.89291 0.0594559 480 1.73557
6.90756 0.0596419 174 1.741
6.92267 0.0634525 552 1.85224
6.94474 0.0661682 360 1.93151
6.95933 0.0649446 432 1.89579
6.98042 0.0703229 480 2.05279
7.00371 0.0671471 288 1.96009
7.01377 0.0594467 168 1.73531
7.03217 0.064901 504 1.89452
7.05566 0.0556685 240 1.62502
7.06849 0.0618112 440 1.80433
7.09018 0.0697182 552 2.03514
7.10861 0.049358 12 1.44081
7.12185 0.0597856 528 1.7452
7.14393 0.0637722 480 1.86157
7.16393 0.0526166 48 1.53593
7.17479 0.0539382 624 1.57451
7.19862 0.0637304 504 1.86035
7.22401 0.0564934 198 1.6491
7.23516 0.0629135 552 1.8365
7.25595 0.067538 432 1.9715
7.27644 0.0625825 312 1.82684
7.29122 0.0624683 336 1.82351
7.31192 0.0555805 408 1.62245
7.33337 0.059528 432 1.73768
7.34474 0.0606419 456 1.77019
7.36312 0.0596766 528 1.74202
7.39021 0.0528362 456 1.54234
7.40396 0.0633875 168 1.85034
7.41823 0.0553105 504 1.61457
7.44195 0.0593277 336 1.73183
7.45982 0.0523852 456 1.52917
7.47564 0.0608236 408 1.7755
7.49795 0.061269 696 1.7885
7.52344 0.0602964 384 1.76011
7.54481 0.0536446 126 1.56594
7.558 0.0635028 492 1.85371
7.57485 0.0556991 528 1.62591
7.59872 0.0536504 696 1.56611
7.61833 0.0598987 416 1.7485
7.63208 0.0635213 264 1.85425
7.65511 0.0568277 768 1.65885
7.6749 0.0603877 408 1.76277
7.69957 0.054103 360 1.57932
7.71 0.0532847 408 1.55543
7.72931 0.0557965 456 1.62875
7.75392 0.054595 408 1.59368
7.77036 0.0583383 504 1.70295
7.79066 0.0518935 648 1.51482
7.81535 0.0510194 360 1.4893
7.83053 0.0554783 528 1.61946
7.85864 0.0568873 582 1.66059
7.87632 0.0531477 600 1.55143
7.89523 0.0585022 576 1.70773
7.914 0.0501338 408 1.46345
7.93268 0.0561054 408 1.63777
7.95698 0.053968 624 1.57538
7.97865 0.048972 576 1.42954
8.00144 0.0541863 348 1.58175
8.01209 0.0472633 576 1.37966
8.03437 0.0598357 600 1.74666
8.0589 0.0496344 600 1.44887
8.07879 0.0552679 576 1.61332
8.10331 0.0476801 768 1.39183
8.12088 0.0469576 240 1.37074
8.14134 0.0445155 336 1.29945
8.15994 0.0522941 590 1.52651
8.17963 0.0479271 744 1.39904
8.20288 0.0530392 504 1.54826
8.22478 0.0505709 648 1.47621
8.24775 0.0487798 696 1.42393
8.26774 0.0513911 696 1.50015
8.29585 0.046974 552 1.37121
8.31341 0.050723 648 1.48065
8.33446 0.0485404 504 1.41694
8.35037 0.0489161 480 1.42791
8.37174 0.0454846 600 1.32774
8.39493 0.049298 792 1.43905
8.41471 0.0510164 336 1.48922
8.43909 0.0482903 588 1.40964
8.46013 0.0455843 744 1.33065
8.48605 0.0497307 894 1.45169
8.50984 0.0441732 648 1.28946
8.53082 0.0489801 528 1.42977
8.54904 0.0431209 696 1.25874
8.57637 0.0444135 648 1.29647
8.59669 0.0472276 936 1.37862
8.6208 0.059167 144 1.72714
8.63354 0.042365 840 1.23668
8.66042 0.049712 792 1.45114
8.68183 0.0476247 480 1.39021
8.70268 0.0454877 536 1.32783
8.72506 0.044125 888 1.28805
8.7477 0.0400307 792 1.16853
8.77145 0.045571 744 1.33026
8.79242 0.0446831 534 1.30434
8.81805 0.0403449 816 1.1777
8.83728 0.0357523 408 1.04364
8.8592 0.042495 960 1.24047
8.88614 0.0401707 708 1.17262
8.90971 0.0423473 1056 1.23616
8.93776 0.0405324 864 1.18318
8.95479 0.0433345 552 1.26497
8.98268 0.0421482 528 1.23034
8.99967 0.0455321 936 1.32913
9.02501 0.0415703 888 1.21348
9.04798 0.0425107 504 1.24093
9.07075 0.0466338 696 1.36128
9.08827 0.0462566 600 1.35027
9.1155 0.04165 798 1.2158
9.13638 0.0412525 912 1.2042
9.1598 0.0400537 912 1.16921
9.18648 0.0419507 1104 1.22458
9.21077 0.041994 648 1.22585
9.24054 0.0387676 912 1.13166
9.25969 0.0377993 824 1.1034
9.28649 0.0430119 888 1.25556
9.30524 0.0413298 456 1.20646
9.32993 0.0406139 1068 1.18556
9.35118 0.0394785 648 1.15241
9.37753 0.0427513 1032 1.24795
9.39943 0.0362846 576 1.05918
9.42618 0.0397844 1254 1.16134
9.45345 0.0395156 792 1.1535
9.47224 0.0394698 816 1.15216
9.49886 0.0405888 936 1.18482
9.52401 0.0426967 912 1.24636
9.54544 0.0353365 624 1.03151
9.57046 0.0423001 1224 1.23478
9.59495 0.0394785 816 1.15241
9.61947 0.0417442 888 1.21855
9.64548 0.0403444 1152 1.17769
9.67583 0.0404668 1104 1.18126
9.69991 0.0389046 840 1.13566
9.71865 0.0402711 480 1.17555
9.74574 0.0362674 894 1.05868
9.76669 0.0399523 1236 1.16624
9.79605 0.0379217 1184 1.10697
9.82348 0.0387963 792 1.1325
9.84219 0.0375895 792 1.09727
9.86897 0.0378554 1440 1.10504
9.89283 0.0382478 864 1.11649
9.92079 0.0386572 960 1.12844
9.94684 0.037732 1128 1.10143
9.97686 0.0375255 816 1.0954
9.99766 0.0374734 1008 1.09388
10.0218 0.0387857 1008 1.13219
10.0521 0.0375445 1518 1.09596
10.0762 0.0368602 816 1.07598
10.1025 0.0359297 1104 1.04882
10.13 0.0379983 1056 1.10921
10.1552 0.0375525 1104 1.09619
10.1774 0.0360657 1056 1.05279
10.2056 0.0335966 1188 0.980718
10.233 0.0381067 912 1.11237
10.26 0.0340811 1368 0.994859
10.2868 0.0361381 1128 1.05491
10.3108 0.0367321 1128 1.07225
10.3392 0.0375664 992 1.0966
10.3669 0.0334655 1326 0.97689
10.3909 0.0332148 672 0.969572
10.4156 0.0346024 1632 1.01008
10.4477 0.0348184 1128 1.01638
10.468 0.0332164 1152 0.969618
10.4961 0.0381495 1104 1.11362
10.527 0.0361599 1560 1.05554
10.556 0.0346179 1272 1.01053
10.5803 0.031512 1080 0.919864
10.6074 0.0361134 1224 1.05419
10.633 0.0338854 960 0.989148
10.6646 0.0331617 1332 0.96802
10.6881 0.0315906 1158 0.92216
10.7153 0.0336867 1656 0.983345
10.7456 0.0353167 1248 1.03093
10.7692 0.0345681 1152 1.00908
10.7959 0.0340002 1272 0.992497
10.8278 0.0310217 1608 0.905554
10.8578 0.0316088 1464 0.922691
10.8878 0.038875 824 1.1348
10.9128 0.0338329 1704 0.987615
10.9379 0.0306526 1200 0.894777
10.9681 0.031969 1416 0.933204
10.9964 0.0326587 1326 0.953339
11.0235 0.0316523 1416 0.923959
11.0496 0.0326368 1200 0.9527
11.0767 0.0321269 1440 0.937813
11.1104 0.0316504 1716 0.923906
11.1386 0.0303827 1488 0.886898
11.1683 0.0333135 1536 0.972452
11.1955 0.0292361 1272 0.853428
11.221 0.0339602 1392 0.991331
11.2573 0.0310028 1800 0.905001
11.2826 0.0318186 1032 0.928816
11.3096 0.0297419 1446 0.868194
11.3402 0.0318824 1920 0.930677
11.3665 0.0314085 1032 0.916843
11.3923 0.0295902 1656 0.863766
11.4292 0.0308539 2168 0.900655
11.4591 0.0306296 1440 0.894105
11.4849 0.0300924 1248 0.878427
11.5152 0.032 1464 0.93411
11.5455 0.0316607 1884 0.924205
11.5794 0.0291234 1680 0.850139
11.605 0.030059 1392 0.877449
11.6336 0.02784 1590 0.812676
11.6676 0.0302306 2040 0.882458
11.6971 0.0262367 1728 0.765875
11.728 0.0293514 1464 0.856795
11.7556 0.0288002 1608 0.840706
11.7865 0.0293406 1656 0.85648
11.8171 0.0289095 1776 0.843894
11.8458 0.0292147 1800 0.852805
11.8722 0.0293907 1560 0.857941
11.9022 0.0275292 1512 0.803604
11.9368 0.0303542 1782 0.886067
11.9681 0.0280605 2264 0.819111
12.001 0.029156 1692 0.851092
12.0348 0.0285678 2256 0.83392
12.0649 0.0306738 1368 0.895398
12.0929 0.0292399 2160 0.853542
12.1244 0.0286711 1368 0.836936
12.1502 0.0282127 1944 0.823556
12.1851 0.0288293 1728 0.841553
12.2173 0.0278513 2016 0.813006
12.2459 0.0275778 1662 0.805023
12.279 0.026763 2592 0.781238
12.3152 0.0273837 1680 0.799356
12.3441 0.0264475 1992 0.772029
12.3741 0.0261441 1920 0.763171
12.4055 0.0265511 1968 0.775052
12.4398 0.0285372 2004 0.833027
12.4691 0.0268639 1920 0.784183
12.5021 0.0260764 1952 0.761195
12.5336 0.0258659 2304 0.75505
12.5696 0.0262927 2118 0.767508
12.6001 0.0258296 1848 0.753991
12.6298 0.0280823 2064 0.819748
12.6656 0.0271291 2352 0.791923
12.6997 0.0251965 2184 0.73551
12.7271 0.0252366 1896 0.73668
12.7606 0.0261604 2472 0.763646
12.7965 0.0259506 1944 0.757521
12.8269 0.0259288 2088 0.756887
12.8578 0.0253944 1968 0.741286
12.8928 0.0258083 2250 0.753369
12.9243 0.0251483 2472 0.734104
12.9622 0.0262087 2832 0.765057
12.9935 0.0260178 1776 0.759484
13.0248 0.0259856 2496 0.758544
13.0599 0.0241005 1856 0.703517
13.0924 0.025808 2472 0.75336
13.1278 0.023922 2928 0.698304
13.1613 0.025147 1752 0.734065
13.1941 0.0246313 2166 0.71901
13.2228 0.0252651 2448 0.737512
13.2609 0.0241713 3048 0.705581
13.2985 0.0251942 2352 0.735442
13.3341 0.0247014 2340 0.721058
13.3669 0.0246051 2856 0.718245
13.3981 0.0256981 1872 0.750152
13.4328 0.0232371 2856 0.678312
13.4672 0.0241919 2208 0.706185
13.5027 0.0239889 2622 0.700258
13.5372 0.0223894 2712 0.653567
13.5706 0.024466 2520 0.714186
13.6106 0.0235421 3080 0.687217
13.6462 0.023894 2832 0.697489
13.6782 0.0239271 2232 0.698456
13.7154 0.0240389 3000 0.701719
13.7476 0.024767 1872 0.722972
13.782 0.0233693 2916 0.682171
13.8177 0.0230693 2910 0.673414
13.8563 0.0246276 3144 0.718903
13.8883 0.0238686 2376 0.696748
13.9269 0.0244155 3096 0.71271
13.9621 0.0236559 2880 0.690537
14.0013 0.0225569 2904 0.658457
14.0349 0.021886 2520 0.638872
14.0695 0.0229193 3360 0.669035
14.1111 0.0230534 2712 0.67295
14.1423 0.0224985 2798 0.656753
14.181 0.0218224 3048 0.637017
14.2158 0.0214309 2724 0.625587
14.2491 0.0224527 3264 0.655415
14.2875 0.0220626 3048 0.644028
14.3254 0.0217463 3024 0.634795
14.3617 0.0222065 3120 0.64823
14.4019 0.0218811 3456 0.638729
14.4372 0.0223493 2334 0.652398
14.472 0.0227565 3264 0.664283
14.5088 0.020943 3456 0.611347
14.5462 0.0213609 3312 0.623544
14.5799 0.0217575 2616 0.635122
14.6203 0.0213903 3792 0.624403
14.6599 0.0204944 3180 0.598249
14.6973 0.0217161 3248 0.633914
14.7343 0.0214826 3312 0.627096
14.7747 0.0213907 3606 0.624416
14.8116 0.0205896 3456 0.601029
14.8465 0.0214901 2688 0.627315
14.8883 0.0208226 4152 0.60783
14.9273 0.020732 3600 0.605185
14.9656 0.0204653 3432 0.597402
15.0056 0.0207412 3624 0.605454
15.0456 0.0201114 3384 0.58707
15.0848 0.0200132 3582 0.584203
15.1203 0.0207021 3276 0.604315
15.1572 0.0203339 3696 0.593566
15.1966 0.0205978 3888 0.601269
15.2357 0.0202663 3608 0.591594
15.2769 0.0204468 3768 0.59686
15.3164 0.0200574 3720 0.585495
15.3575 0.0200593 3984 0.585549
15.3971 0.0200593 3438 0.585549
15.4322 0.0203797 3696 0.594902
15.4717 0.0198842 4104 0.580437
15.5131 0.0198637 3792 0.579841
15.552 0.0194491 3828 0.567739
15.5926 0.0195683 4008 0.571218
15.6329 0.019783 4032 0.577486
15.6696 0.0192366 3768 0.561534
15.714 0.0196654 4206 0.574051
15.7514 0.0196448 3456 0.573449
15.7915 0.0189258 4568 0.552463
15.8322 0.0198333 4272 0.578954
15.8721 0.0197355 3960 0.576097
15.9156 0.0194056 4584 0.566468
15.9588 0.0185623 4416 0.541851
15.9995 0.0200001 3252 0.583823
16.0387 0.0190686 5166 0.55663
16.0805 0.0188472 4272 0.550169
16.1203 0.018057 3984 0.527102
16.1623 0.0192852 4608 0.562952
16.206 0.0192232 4584 0.561142
16.2476 0.0187149 4752 0.546305
16.2926 0.0181867 4152 0.530887
16.3308 0.0179273 4454 0.523313
16.3706 0.0185553 4272 0.541646
16.4105 0.0187295 4416 0.546732
16.4572 0.0181247 5484 0.529076
16.4971 0.0182034 3984 0.531373
16.5399 0.0184702 5232 0.539162
16.5854 0.0177381 4752 0.517793
16.626 0.0178683 4200 0.521591
16.6696 0.0184221 5070 0.537757
16.7114 0.0171952 4848 0.501943
16.7541 0.0174475 5376 0.509308
16.7993 0.0176781 4824 0.516041
16.8373 0.017529 3912 0.511687
16.8821 0.0174297 5708 0.508788
16.9286 0.0174784 5424 0.510211
16.9743 0.0169115 5046 0.493662
17.0151 0.0178222 4872 0.520248
17.0591 0.0174513 5112 0.509421
17.1027 0.0172753 5640 0.504282
17.1485 0.0168798 4920 0.492738
17.1891 0.0174869 5040 0.51046
17.2339 0.0177348 5736 0.517696
17.2803 0.0171038 4734 0.499275
17.3215 0.0168381 5580 0.491521
17.3661 0.0174554 5592 0.509538
17.4108 0.0173092 5432 0.505271
17.4551 0.0171213 5616 0.499786
17.5005 0.016534 5640 0.482644
17.5472 0.0159756 5232 0.466342
17.5907 0.0167379 5622 0.488595
17.6344 0.0168672 6192 0.492369
17.6832 0.0166984 5760 0.487442
17.727 0.0165135 5616 0.482043
17.7706 0.0161587 5316 0.471688
17.8179 0.0164697 6696 0.480767
17.8659 0.0169681 6000 0.495313
17.9128 0.0165357 6030 0.482691
17.9594 0.0161056 5624 0.470138
18.0036 0.0156062 6288 0.455561
18.0498 0.0162086 6432 0.473144
18.0972 0.0168836 5856 0.492849
18.143 0.016385 6192 0.478293
18.1863 0.0156872 5328 0.457924
18.2352 0.0155942 7338 0.45521
18.2837 0.015217 6240 0.444198
18.3278 0.0159703 6216 0.466188
18.3778 0.0158861 7128 0.46373
18.4243 0.0160008 5472 0.467077
18.47 0.0155714 6984 0.454545
18.5178 0.0153372 6422 0.447707
18.5668 0.0155822 7176 0.45486
18.6134 0.0154342 6312 0.450539
18.6623 0.015328 6756 0.447437
18.71 0.0151447 7224 0.442089
18.7595 0.0151799 7224 0.443114
18.8071 0.0149861 5856 0.437459
18.8564 0.0153729 7710 0.44875
18.9065 0.0150996 7392 0.440772
18.9507 0.0146984 5688 0.429059
18.9981 0.0150736 8256 0.440012
19.051 0.0147912 7040 0.431768
19.1004 0.0144665 7044 0.42229
19.1475 0.014604 7062 0.426306
19.1943 0.0153331 7368 0.447587
19.2465 0.0143904 7776 0.42007
19.2965 0.0143636 7872 0.419286
19.3469 0.0143495 7032 0.418876
19.3974 0.0142159 8136 0.414975
19.4426 0.0145659 6384 0.425192
19.4935 0.014391 8286 0.420086
19.5444 0.0142954 7692 0.417296
19.5944 0.0141749 8072 0.413778
19.6434 0.0145915 7584 0.42594
19.6937 0.0140652 7992 0.410577
19.7458 0.014116 7944 0.41206
19.7992 0.0138883 8646 0.405414
19.8493 0.0140825 8232 0.41108
19.9018 0.0138191 8472 0.403392
19.9524 0.0138108 7560 0.40315
20.0013 0.0136078 8220 0.397225
20.0525 0.0139545 8616 0.407345
20.1063 0.0139872 8622 0.4083
20.157 0.0140301 8336 0.409552
20.2078 0.0135459 8184 0.395416
20.2598 0.0132611 9312 0.387105
20.3126 0.0132461 8736 0.386666
20.3651 0.0132013 8184 0.385359
20.4177 0.0133408 9354 0.389431
20.4698 0.0135319 8544 0.395009
20.5231 0.0135119 9816 0.394426
20.576 0.0131401 8712 0.383572
20.627 0.0132096 8256 0.385601
20.6786 0.0127608 9344 0.3725
20.7331 0.0131611 9822 0.384184
20.7882 0.0130865 9624 0.382007
20.8426 0.0130752 9480 0.381678
20.8961 0.0131375 9132 0.383495
20.9485 0.0130286 9816 0.380317
20.9997 0.0130084 8688 0.379728
21.0552 0.0129179 10062 0.377084
21.1104 0.012796 10512 0.373526
21.1672 0.0128074 10104 0.373859
21.2183 0.0127457 8936 0.372058
21.2722 0.0126497 10488 0.369256
21.3287 0.0127976 9660 0.373575
21.3821 0.0129035 10206 0.376667
21.4364 0.0125609 10680 0.366665
21.4933 0.0126955 10296 0.370594
21.5483 0.0120026 10224 0.350369
21.6033 0.012419 10656 0.362522
21.6589 0.0123639 10134 0.360914
21.7146 0.0122347 11496 0.357143
21.7745 0.0121798 10724 0.355539
21.8273 0.0122286 10656 0.356966
21.8816 0.0125734 10320 0.367031
21.94 0.0120301 11592 0.351168
21.9988 0.0120437 11358 0.351567
22.054 0.0119331 10632 0.34834
22.1087 0.011942 11640 0.348599
22.1666 0.01198 10920 0.349708
22.2221 0.0118338 11004 0.34544
22.2772 0.0118842 11262 0.346911
22.3371 0.0118397 12440 0.345612
22.3946 0.0112842 11712 0.329397
22.4502 0.0115369 10512 0.336774
22.5085 0.0115987 13632 0.338576
22.5697 0.0113021 11496 0.329919
22.6258 0.0115783 11022 0.337982
22.6838 0.011601 13500 0.338643
22.7451 0.0113171 12624 0.330358
22.8008 0.0112008 11040 0.326961
22.8586 0.0113358 12488 0.330904
22.9186 0.0114245 12774 0.333491
22.9762 0.0111889 12720 0.326615
23.0377 0.0109707 13320 0.320244
23.0988 0.0111883 13044 0.326596
23.1576 0.0113447 12552 0.331163
23.2162 0.0111782 12672 0.326303
23.275 0.0111048 13398 0.324161
23.3369 0.0111297 13200 0.324887
23.3935 0.0110924 12968 0.323798
23.4545 0.010801 13632 0.315291
23.5125 0.0109007 12408 0.318202
23.5748 0.0110284 14562 0.321929
23.6353 0.010764 13944 0.314211
23.6958 0.0108546 13704 0.316855
23.7592 0.0109274 14256 0.318982
23.8166 0.0106395 12936 0.310576
23.8778 0.0105317 14526 0.307429
23.9404 0.0105543 14864 0.308091
24.0043 0.0104197 14724 0.304162
24.0649 0.0104335 14136 0.304562
24.1248 0.0105309 13776 0.307406
24.1875 0.0104837 15366 0.306029
24.2503 0.0103773 14880 0.302923
24.3119 0.010178 14736 0.297105
24.3743 0.0104185 15576 0.304125
24.4392 0.0104757 14892 0.305796
24.5001 0.0102668 14774 0.299697
24.5622 0.010138 16128 0.295937
24.6263 0.0102705 14928 0.299804
24.6879 0.0100741 15672 0.294071
24.7527 0.0100705 16176 0.293968
24.8164 0.010296 15486 0.300551
24.8796 0.0100505 15780 0.293383
24.9442 0.00990922 17712 0.28926
25.0107 0.0100678 15272 0.293888
25.0724 0.00987446 16392 0.288245
25.1394 0.00988058 17070 0.288423
25.2035 0.00997211 16824 0.291095
25.2688 0.00975799 16608 0.284845
25.3326 0.00978455 16644 0.28562
25.3969 0.009857 16512 0.287735
25.4633 0.00958261 18366 0.279725
25.5297 0.00967877 16368 0.282532
25.5949 0.00979706 18752 0.285985
25.6601 0.00955759 16080 0.278995
25.7231 0.00956855 16920 0.279315
25.7904 0.00933936 19074 0.272625
25.8577 0.00947025 18168 0.276446
25.9252 0.00938365 18432 0.273918
25.9924 0.00945662 17856 0.276048
26.0586 0.00925922 18414 0.270285
26.1268 0.00936342 19280 0.273327
26.195 0.00927959 18828 0.27088
26.2596 0.00935037 17256 0.272946
26.3249 0.00917466 19392 0.267817
26.3952 0.00923739 19446 0.269648
26.4628 0.00919046 19272 0.268278
26.5322 0.00898069 20592 0.262155
26.6014 0.00898392 19008 0.262249
26.6684 0.00915009 18500 0.2671
26.7356 0.00901154 21246 0.263055
26.8047 0.00889986 18696 0.259795
26.8729 0.00892131 21240 0.260421
26.945 0.00892255 21048 0.260457
27.0152 0.00867995 20022 0.253376
27.0829 0.0088329 20124 0.257841
27.1495 0.00888779 20280 0.259443
27.2209 0.0088477 22232 0.258273
27.2926 0.00874719 20376 0.255339
27.3615 0.00867482 21390 0.253226
27.4318 0.00873455 21960 0.25497
27.5002 0.00865627 20040 0.252685
27.5719 0.00873272 23268 0.254916
27.6439 0.00870346 21510 0.254062
27.715 0.0086285 22608 0.251874
27.7861 0.00859496 21896 0.250895
27.8576 0.00841329 23304 0.245592
27.9287 0.00864172 20838 0.25226
27.9986 0.00840205 23556 0.245264
28.0714 0.00836452 23184 0.244168
28.1449 0.00841025 24168 0.245503
28.2185 0.00834032 22272 0.243462
28.29 0.0083136 24374 0.242682
28.3629 0.00824175 23328 0.240584
28.4352 0.00817718 23844 0.2387
28.5081 0.00829149 24096 0.242036
28.5827 0.00829193 24942 0.242049
28.6568 0.00806013 24120 0.235283
28.7292 0.00819385 25008 0.239186
28.8041 0.00799791 24776 0.233467
28.8793 0.0079584 25266 0.232313
28.9524 0.0080742 24960 0.235694
29.0269 0.0079107 26184 0.230921
29.103 0.00794359 25032 0.231881
29.1757 0.00788202 25392 0.230083
29.251 0.00782711 26526 0.228481
29.3255 0.00782135 25548 0.228313
29.4021 0.0077689 28256 0.226782
29.4795 0.00792109 25680 0.231224
29.5542 0.00776152 26526 0.226566
29.6293 0.00759384 27600 0.221671
29.7043 0.00774441 26328 0.226067
29.7817 0.00760171 27996 0.221901
29.8574 0.00748752 27246 0.218568
29.9347 0.00757752 28664 0.221195
30.0127 0.00763524 28320 0.22288
30.089 0.00751313 27408 0.219315
30.1652 0.00752152 28254 0.21956
30.2438 0.00743122 30012 0.216924
30.3223 0.007574 29040 0.221092
30.4007 0.0074419 28824 0.217236
30.4792 0.00735555 29654 0.214715
30.556 0.00729369 29640 0.21291
30.6357 0.00733326 29988 0.214065
30.7145 0.00735478 30672 0.214693
30.7945 0.00724055 29814 0.211358
30.8718 0.00728734 30000 0.212724
30.9495 0.00715706 31056 0.208921
31.0305 0.0071432 31208 0.208517
31.1105 0.00719594 31194 0.210056
31.1917 0.00712827 33096 0.208081
31.2716 0.00703543 30480 0.205371
31.3505 0.0070865 31488 0.206861
31.4315 0.00699833 33222 0.204288
31.5119 0.00691141 31476 0.201751
31.5932 0.00693309 34400 0.202383
31.6747 0.00690755 31992 0.201638
31.756 0.00687562 32958 0.200706
31.8369 0.00683881 34728 0.199631
31.9214 0.00690078 34368 0.20144
32.0022 0.00681025 32268 0.198797
32.0837 0.0067942 35822 0.198329
32.1676 0.00674035 34512 0.196757
32.2483 0.00687206 33384 0.200602
32.331 0.00678749 36126 0.198133
32.4146 0.00673993 34788 0.196745
32.4973 0.00669354 36576 0.195391
32.5819 0.0067 35664 0.195579
32.6656 0.0066562 35846 0.194301
32.7487 0.00665407 37200 0.194239
32.8335 0.00659601 36456 0.192544
32.9169 0.00655404 36804 0.191319
33.0026 0.0064966 37902 0.189642
33.0877 0.00656169 37944 0.191542
33.174 0.00644725 38936 0.188201
33.2581 0.00645397 36192 0.188398
33.3424 0.00640307 38898 0.186912
33.4279 0.00642202 39456 0.187465
33.515 0.00640349 39216 0.186924
33.6037 0.00644729 41214 0.188202
33.689 0.00645412 37704 0.188402
33.774 0.0063028 40772 0.183985
33.8615 0.00643086 40056 0.187723
33.9478 0.00622942 40014 0.181843
34.0351 0.00620274 42168 0.181064
34.124 0.00626872 41712 0.18299
34.2119 0.00618099 40818 0.180429
34.2993 0.00623174 42920 0.18191
34.3882 0.00623118 41976 0.181894
34.4753 0.00610846 41424 0.178312
34.5632 0.00621249 43590 0.181348
34.6539 0.00605297 44244 0.176692
34.7436 0.0061025 44256 0.178138
34.8317 0.00602736 40982 0.175944
34.9193 0.00600306 45816 0.175235
35.0108 0.00599246 45360 0.174925
35.1021 0.00597475 44988 0.174409
35.1914 0.00603908 44526 0.176287
35.2811 0.00592468 45768 0.172947
35.3715 0.00591499 45968 0.172664
35.462 0.00588696 46038 0.171846
35.5548 0.00587365 47844 0.171457
35.6465 0.00584664 47736 0.170669
35.7382 0.00572458 46152 0.167106
35.8287 0.00580522 47694 0.16946
35.9205 0.00567945 48464 0.165788
36.0138 0.00570953 49404 0.166666
36.1075 0.00565308 49086 0.165019
36.2003 0.00569808 49080 0.166332
36.2923 0.00568261 49632 0.165881
36.3853 0.00559593 49092 0.163351
36.4786 0.00555276 51494 0.16209
36.5735 0.00560736 51792 0.163684
36.6689 0.0055377 50880 0.161651
36.7611 0.00549397 50430 0.160374
36.8562 0.00555129 53892 0.162047
36.9524 0.00550588 52704 0.160722
37.0461 0.00547493 50534 0.159818
37.1396 0.00550569 54072 0.160716
37.235 0.00541794 53448 0.158155
37.3324 0.00539633 55284 0.157524
37.4296 0.0053977 55422 0.157564
37.5251 0.00535338 53096 0.15627
37.6202 0.00533919 56184 0.155856
37.7181 0.00532759 55530 0.155517
37.8148 0.00529921 56952 0.154689
37.9117 0.00526902 55728 0.153808
38.0096 0.00526757 57894 0.153765
38.1077 0.00523962 58088 0.152949
38.2064 0.00519319 57996 0.151594
38.3036 0.00521656 57222 0.152276
38.4004 0.0051395 58368 0.150027
38.4998 0.00513706 61080 0.149956
38.6002 0.00515305 59006 0.150422
38.6989 0.00509996 61044 0.148873
38.7988 0.00507111 61128 0.14803
38.8984 0.00510985 59616 0.149161
38.9979 0.00506431 63222 0.147832
39.0985 0.00501496 61044 0.146391
39.1981 0.0049957 62816 0.145829
39.2989 0.00496992 62526 0.145077
39.3992 0.00492119 64416 0.143654
39.501 0.00489481 63156 0.142884
39.6035 0.00487129 66798 0.142198
39.7059 0.0048488 64448 0.141541
39.8075 0.00484432 65424 0.14141
39.9098 0.00478329 65694 0.139629
40.0124 0.00483364 67452 0.141098
40.1149 0.00481381 66528 0.14052
40.2191 0.00481793 68462 0.14064
40.3222 0.004806 68400 0.140292
40.4256 0.00469396 67236 0.137021
40.53 0.00470901 71910 0.13746
40.6363 0.00470312 69744 0.137289
40.7386 0.00468986 68088 0.136901
40.8419 0.00468709 70250 0.136821
40.9466 0.00471739 72744 0.137705
41.053 0.00466669 71928 0.136225
41.159 0.00464901 72534 0.135709
41.2646 0.00462137 73560 0.134902
41.3712 0.00462037 73988 0.134873
41.4772 0.00460847 73062 0.134526
41.5831 0.00453005 75336 0.132236
41.6906 0.00452113 75648 0.131976
41.7987 0.00449165 76458 0.131115
41.906 0.00450188 76904 0.131414
42.0139 0.00445982 76368 0.130186
42.1216 0.00445379 78222 0.13001
42.2297 0.00446724 77940 0.130403
42.3371 0.00439923 77832 0.128418
42.4472 0.0043715 81494 0.127608
42.5562 0.00436445 79440 0.127402
42.6659 0.00435615 80940 0.12716
42.7753 0.00435862 81390 0.127232
42.8856 0.00435273 82848 0.12706
42.996 0.00430514 81806 0.125671
43.1072 0.00427514 85044 0.124795
43.2176 0.0042464 82608 0.123956
43.3292 0.00424586 85470 0.123941
43.4392 0.00422501 83400 0.123332
43.5506 0.00420116 86876 0.122636
43.6633 0.00416063 87198 0.121453
43.7751 0.00418046 85608 0.122032
43.8881 0.00413925 91104 0.120829
44.0026 0.00412545 86946 0.120426
44.1136 0.00410977 88808 0.119968
44.2274 0.00412745 90360 0.120484
44.3405 0.00405616 89958 0.118403
44.4551 0.00407058 92916 0.118824
44.5696 0.00403651 91046 0.117829
44.6839 0.00403934 93384 0.117912
44.7984 0.00400697 92880 0.116967
44.9142 0.00397425 95082 0.116012
45.0292 0.00394905 94464 0.115277
45.1451 0.00394127 95792 0.115049
45.2606 0.00394633 95370 0.115197
45.3774 0.00393188 99624 0.114775
45.4939 0.00394182 94824 0.115065
45.6102 0.00387366 101094 0.113076
45.7283 0.00386599 98756 0.112852
45.8464 0.00384553 101550 0.112255
45.9653 0.00386331 101520 0.112774
46.083 0.00383749 101088 0.11202
46.201 0.00382652 101618 0.1117
46.3191 0.00378687 104568 0.110542
46.4392 0.00377461 103566 0.110185
46.5579 0.00375317 105168 0.109558
46.6782 0.00372005 106692 0.108592
46.7986 0.00372577 106046 0.108759
46.9191 0.00372041 108960 0.108602
47.0397 0.00366284 106548 0.106922
47.1601 0.00365293 109806 0.106632
47.281 0.00364028 109328 0.106263
47.4019 0.00364448 109854 0.106386
47.524 0.00361403 112884 0.105497
47.6471 0.00361883 113832 0.105637
47.7703 0.0035869 112518 0.104705
47.8919 0.00357495 113624 0.104356
48.0151 0.00357465 115434 0.104347
48.1378 0.00356938 115056 0.104194
48.2625 0.0035659 119808 0.104092
48.388 0.00353728 116786 0.103256
48.5109 0.00349725 118488 0.102088
48.6355 0.00348258 118398 0.10166
48.7605 0.00349615 122640 0.102056
48.8868 0.00345687 121620 0.100909
49.0127 0.00343675 122126 0.100322
49.1384 0.00345268 123888 0.100787
49.2648 0.00339574 123714 0.0991249
49.3907 0.00337816 125088 0.0986117
49.5181 0.00337484 127424 0.0985147
49.6456 0.00334599 126222 0.0976726
49.7726 0.00333784 128676 0.0974348
49.9009 0.00331778 129126 0.096849
50.0299 0.00332389 132056 0.0970274
50.1588 0.00330931 130308 0.0966017
50.2871 0.00327562 131814 0.0956185
50.4164 0.00325743 133728 0.0950873
50.5457 0.00325793 133574 0.0951021
50.6763 0.00323825 137772 0.0945277
50.806 0.00323403 132888 0.0944043
50.9364 0.00322368 140166 0.0941023
51.0677 0.00319587 137484 0.0932906
51.199 0.0031864 140270 0.0930141
51.33 0.00317584 138696 0.0927058
51.4617 0.00313751 143286 0.0915869
51.5948 0.00315501 143436 0.0920977
51.728 0.00314747 144680 0.0918776
51.8612 0.00309836 144654 0.090444
51.9944 0.00309286 146772 0.0902836
52.1276 0.00307703 145710 0.0898214
52.2609 0.00306476 148880 0.0894632
52.3956 0.00303661 149556 0.0886415
52.5302 0.00303095 151326 0.0884764
52.6653 0.00302194 151704 0.0882134
52.8005 0.00301664 152342 0.0880585
52.9367 0.00300891 156876 0.0878328
53.0737 0.00298203 154398 0.0870483
53.2091 0.00297006 156744 0.0866989
53.3461 0.00296583 157274 0.0865752
53.4833 0.00295065 160416 0.0861322
53.6213 0.00292137 161016 0.0852777
53.7601 0.00291725 162258 0.0851574
53.8972 0.00291147 160880 0.0849885
54.0355 0.0028896 164310 0.08435
54.1742 0.00289414 165780 0.0844826
54.3141 0.00288958 167454 0.0843495
54.4533 0.00285425 166520 0.0833182
54.5929 0.00285711 169290 0.0834018
54.7333 0.00284733 171552 0.0831163
54.8742 0.00281803 171120 0.082261
55.0156 0.00279892 174734 0.0817031
55.1569 0.00278655 173628 0.0813419
55.2995 0.00277232 177438 0.0809267
55.4406 0.00276607 174728 0.0807442
55.5832 0.00274995 180474 0.0802736
55.7266 0.00275282 179904 0.0803574
55.8696 0.00273107 180726 0.0797225
56.0132 0.00273722 183932 0.079902
56.1569 0.00270945 182328 0.0790915
56.3011 0.00270157 187350 0.0788613
56.4471 0.00267571 188676 0.0781064
56.5927 0.00265755 187766 0.0775765
56.7371 0.00264799 189408 0.0772974
56.8838 0.00264821 192594 0.0773037
57.0301 0.00264031 193632 0.0770732
57.1771 0.00262939 194030 0.0767545
57.3236 0.00260852 195852 0.0761451
57.4711 0.0025976 197070 0.0758264
57.618 0.00258008 198416 0.0753148
57.7665 0.00257443 201018 0.07515
57.9147 0.00256205 201744 0.0747886
58.0633 0.00254729 202806 0.0743579
58.2129 0.00254478 207212 0.0742844
58.3628 0.00252979 205614 0.0738468
58.5129 0.00252634 210096 0.0737464
58.6636 0.00249169 208812 0.0727347
58.8139 0.00248667 211502 0.0725882
58.965 0.0024656 213912 0.0719731
59.1179 0.00245621 217362 0.0716991
59.2701 0.00244927 215360 0.0714966
59.4221 0.00243099 218526 0.0709628
59.5747 0.00241337 219300 0.0704485
59.7282 0.00241989 222726 0.0706388
59.8809 0.00240868 221480 0.0703116
60.0349 0.00239044 225978 0.0697792
60.1888 0.00238698 225192 0.0696781
60.3444 0.00237151 232382 0.0692266
60.4997 0.00236755 228348 0.0691109
60.6552 0.00235162 232974 0.068646
60.8106 0.0023256 232524 0.0678863
60.9674 0.00234237 238310 0.0683758
61.1244 0.00233039 236064 0.0680262
61.2815 0.00231076 240498 0.0674532
61.4388 0.00229683 240536 0.0670466
61.5968 0.00229476 243174 0.0669861
61.7548 0.00227653 244452 0.0664539
61.9144 0.00226756 249678 0.0661921
62.0739 0.00224725 248432 0.0655994
62.234 0.00224083 251682 0.065412
62.3932 0.00223413 250032 0.0652163
62.5527 0.00223212 254126 0.0651577
62.7132 0.00221404 256788 0.0646299
62.8757 0.00219445 261654 0.0640581
63.0381 0.00219156 260676 0.0639736
63.1996 0.00218388 260846 0.0637495
63.3622 0.00217735 267240 0.0635589
63.5255 0.00216784 264810 0.0632814
63.6877 0.00215262 267560 0.0628371
63.8519 0.00214895 273894 0.0627299
64.0167 0.0021375 271554 0.0623956
64.1806 0.00212179 274616 0.061937
64.3453 0.00211203 276426 0.0616522
64.5106 0.00210946 280896 0.0615771
64.6769 0.00208828 280286 0.0609588
64.843 0.00208658 284748 0.0609094
65.0109 0.00207616 288774 0.060605
65.1777 0.00205822 285264 0.0600814
65.3455 0.00205174 292730 0.0598923
65.5132 0.00203937 289776 0.0595311
65.6811 0.00202383 295314 0.0590775
65.8496 0.0020164 296288 0.0588606
66.0197 0.00201885 302190 0.0589321
66.1897 0.00201209 300564 0.0587348
66.3601 0.00200015 305702 0.0583863
66.5303 0.00199002 303510 0.0580906
66.7004 0.00198705 308652 0.0580037
66.873 0.00196827 314558 0.0574557
67.0452 0.00195882 311988 0.0571799
67.2167 0.00194911 314166 0.0568963
67.3893 0.00193672 319856 0.0565347
67.5627 0.00193019 319770 0.0563442
67.736 0.00193092 323448 0.0563653
67.9099 0.00191111 324522 0.055787
68.0843 0.00190814 329726 0.0557003
68.2601 0.0018866 332016 0.0550716
68.4362 0.00188348 334626 0.0549807
68.612 0.0018708 335168 0.0546105
68.7884 0.00187494 338658 0.0547312
68.9655 0.00185853 343800 0.0542524
69.1432 0.00185886 342110 0.0542619
69.3207 0.0018426 347556 0.0537873
69.4995 0.00184123 350334 0.0537472
69.6777 0.00183527 349538 0.0535732
69.8564 0.00182419 355776 0.0532498
70.0364 0.00182235 357534 0.0531961
70.2163 0.0018049 360068 0.0526867
70.3968 0.00178889 362454 0.0522194
70.5773 0.00178589 365028 0.0521317
70.7588 0.00177375 369782 0.0517774
70.9406 0.00177204 369918 0.0517275
71.1227 0.00176606 374796 0.051553
71.3065 0.00175236 379982 0.0511532
71.4899 0.00174501 378780 0.0509385
71.6738 0.00173755 384414 0.0507207
71.8578 0.00172614 383942 0.0503876
72.0427 0.00172631 392340 0.0503926
72.2278 0.00171291 387750 0.0500013
72.4132 0.00169899 398828 0.049595
72.5999 0.00169217 396150 0.0493962
72.7859 0.00168974 401364 0.049325
72.9733 0.00168377 405398 0.0491507
73.1618 0.00167537 409662 0.0489056
73.3494 0.00166319 407364 0.04855
73.5378 0.00165118 414878 0.0481996
73.7266 0.00165024 415908 0.048172
73.9161 0.00164333 421094 0.0479703
74.1066 0.00163394 424146 0.0476964
74.2971 0.00162885 426792 0.0475477
74.4885 0.00162111 431078 0.0473218
74.6798 0.0016081 431538 0.0469421
74.8715 0.00160643 438096 0.0468932
75.0646 0.00160046 440258 0.0467191
75.2577 0.00158968 444936 0.0464044
75.4513 0.00158676 445530 0.0463191
75.645 0.00157658 451022 0.0460219
75.8399 0.00156672 455808 0.0457339
76.0354 0.0015534 457122 0.0453453
76.2304 0.00154219 459488 0.0450181
76.4264 0.00154827 466050 0.0451954
76.6232 0.00153729 467550 0.0448749
76.8199 0.00152905 471692 0.0446344
77.0177 0.00151856 476262 0.044328
77.2151 0.00150714 475634 0.0439948
77.4132 0.00150012 484896 0.0437898
77.6125 0.00149757 484782 0.0437154
77.8115 0.00148826 489914 0.0434436
78.0117 0.00147805 495264 0.0431457
78.2131 0.00146897 500082 0.0428805
78.4143 0.00146732 500456 0.0428326
78.6159 0.00145871 506682 0.0425811
78.8177 0.00145058 507134 0.0423438
79.0203 0.00144037 516012 0.0420457
79.2243 0.00143445 518838 0.0418729
79.4272 0.00142974 515978 0.0417356
79.6311 0.00142794 530376 0.0416829
79.8371 0.001416 529734 0.0413344
80.0421 0.0014094 532778 0.0411418
80.2477 0.00140336 537816 0.0409654
80.4541 0.00139584 541322 0.0407458
80.6607 0.00139239 546414 0.0406453
80.8685 0.00138538 551916 0.0404406
81.0764 0.00137493 553094 0.0401355
81.2845 0.00136922 558474 0.0399688
81.4935 0.0013629 564552 0.0397842
81.7033 0.00135416 566498 0.0395293
81.913 0.00135315 571878 0.0394996
82.1239 0.00134241 577724 0.0391862
82.3355 0.00134327 582438 0.0392113
82.5465 0.00133466 579690 0.0389599
82.758 0.00132121 592112 0.0385674
82.9721 0.00132231 598134 0.0385993
83.1855 0.0013113 596618 0.0382779
83.3989 0.00130649 603792 0.0381376
83.6131 0.00130439 606738 0.0380762
83.8282 0.00130125 614870 0.0379847
84.044 0.00129162 617940 0.0377037
84.2603 0.00128302 623510 0.0374526
84.477 0.00127348 626322 0.037174
84.6934 0.00126629 629328 0.0369641
84.911 0.00126416 639050 0.0369019
85.1297 0.00125607 641766 0.036666
85.3485 0.00125379 647306 0.0365993
85.5682 0.00124291 653112 0.0362816
85.7884 0.00123662 656874 0.036098
86.0089 0.00123238 662126 0.0359744
86.2299 0.00121947 666780 0.0355975
86.4514 0.00121988 670934 0.0356095
86.6737 0.00120928 679698 0.0353001
86.8964 0.00120916 680064 0.0352965
87.12 0.00120302 691682 0.0351174
87.3448 0.00119487 694686 0.0348793
87.569 0.00118923 695450 0.0347147
87.7937 0.00118423 705840 0.0345689
88.0203 0.00117655 712314 0.0343445
88.2462 0.00117335 710150 0.0342512
88.4726 0.00116808 723276 0.0340972
88.7001 0.00115901 723230 0.0338326
88.9284 0.00115253 736218 0.0336435
89.1579 0.0011511 738662 0.0336018
89.3867 0.00114172 740364 0.0333279
89.6161 0.00113676 748398 0.0331831
89.8463 0.00113119 753290 0.0330205
90.0772 0.00112625 762138 0.0328762
90.3085 0.00112428 763784 0.0328187
90.5413 0.00111694 778170 0.0326045
90.7746 0.00110952 776006 0.032388
91.0075 0.00110461 783738 0.0322446
91.2418 0.00109994 794256 0.0321082
91.4765 0.00109423 792962 0.0319415
91.7111 0.00108878 801846 0.0317826
91.9473 0.00108744 813170 0.0317435
92.1839 0.00107921 812880 0.0315032
92.4211 0.00107376 824282 0.0313442
92.6591 0.00107398 827622 0.0313506
92.8972 0.00106867 834186 0.0311954
93.1361 0.00106244 841472 0.0310135
93.375 0.00105741 841890 0.0308668
93.6147 0.00104736 856262 0.0305735
93.8558 0.00104437 861042 0.0304863
94.0972 0.00103753 867476 0.0302864
94.3397 0.00103568 877470 0.0302325
94.5823 0.00103078 876842 0.0300895
94.8248 0.00102468 886686 0.0299113
95.0688 0.00101829 896130 0.029725
95.3133 0.00101664 899528 0.0296767
95.5582 0.00101061 908634 0.0295006
95.804 0.00100551 915134 0.0293519
96.0501 0.000999905 920034 0.0291882
96.2972 0.000996223 933212 0.0290807
96.545 0.000987946 933582 0.0288391
96.7929 0.000985297 944786 0.0287618
97.0421 0.000983749 952422 0.0287166
97.2918 0.000975443 958850 0.0284741
97.5418 0.000974768 964152 0.0284544
97.7929 0.000968144 977106 0.028261
98.0448 0.000962957 980390 0.0281096
98.2967 0.00095796 987162 0.0279638
98.5494 0.000954376 997082 0.0278591
98.803 0.000945692 1005240 0.0276056
99.0568 0.000942124 1008218 0.0275015
99.3112 0.000938126 1020270 0.0273848
99.567 0.000933691 1029386 0.0272553
99.8227 0.00093102 1030422 0.0271774
100.079 0.000925823 1048556 0.0270257
100.337 0.000920316 1044762 0.0268649
100.594 0.00091727 1061342 0.026776
100.853 0.000910035 1066122 0.0265648
101.112 0.000905088 1080278 0.0264204
101.372 0.00090069 1080882 0.026292
101.633 0.000894583 1095860 0.0261137
101.895 0.0008922 1101246 0.0260442
102.156 0.000887146 1105722 0.0258966
102.419 0.000883027 1122854 0.0257764
102.683 0.000880291 1122522 0.0256965
102.946 0.00087557 1135754 0.0255587
103.211 0.00087144 1146096 0.0254382
103.476 0.000866947 1150154 0.025307
103.743 0.000862785 1165614 0.0251855
104.01 0.000857805 1169954 0.0250401
104.276 0.000854206 1174794 0.0249351
104.544 0.000850117 1188782 0.0248157
104.813 0.000846357 1202250 0.024706
105.083 0.000841886 1207520 0.0245754
105.354 0.000838217 1221258 0.0244683
105.624 0.000831745 1222682 0.0242794
105.896 0.000828588 1236822 0.0241873
106.168 0.000825723 1245962 0.0241036
106.441 0.000820354 1251582 0.0239469
106.714 0.000817673 1263914 0.0238686
106.989 0.000811773 1277892 0.0236964
107.264 0.000809825 1287302 0.0236396
107.541 0.000807494 1295394 0.0235715
107.817 0.000802792 1300334 0.0234343
108.094 0.000799098 1315458 0.0233264
108.372 0.000795379 1325810 0.0232179
108.651 0.000790293 1334190 0.0230694
108.93 0.000786529 1343954 0.0229595
109.21 0.000783252 1357794 0.0228639
109.491 0.000781529 1363328 0.0228136
109.771 0.000777053 1371210 0.0226829
110.054 0.000770191 1394666 0.0224826
110.338 0.000767446 1396910 0.0224025
110.621 0.000762726 1410546 0.0222647
110.906 0.000759488 1416590 0.0221702
111.19 0.000756541 1429794 0.0220841
111.477 0.000752706 1449338 0.0219722
111.764 0.000750675 1451382 0.0219129
112.051 0.000747434 1459178 0.0218183
112.338 0.000741866 1474866 0.0216558
112.627 0.000739554 1486952 0.0215883
112.917 0.00073646 1500402 0.021498
113.208 0.00073116 1512098 0.0213432
113.499 0.000726556 1521486 0.0212089
113.791 0.000721998 1531346 0.0210758
114.083 0.000719877 1544826 0.0210139
114.376 0.000714427 1556654 0.0208548
114.67 0.000712218 1570562 0.0207903
114.965 0.000708739 1579914 0.0206888
115.261 0.000706066 1598798 0.0206107
115.558 0.000701867 1603074 0.0204882
115.855 0.000697723 1620794 0.0203672
116.153 0.00069435 1631262 0.0202687
116.451 0.000691078 1639754 0.0201732
116.751 0.000688366 1658106 0.020094
117.051 0.000685676 1667510 0.0200155
117.351 0.000681904 1679754 0.0199054
117.653 0.000678365 1698164 0.0198021
117.956 0.000675609 1707206 0.0197217
118.259 0.00067269 1717866 0.0196364
118.563 0.000669371 1737602 0.0195396
118.868 0.000666272 1745166 0.0194491
119.174 0.000661669 1768226 0.0193147
119.48 0.000659046 1771986 0.0192382
119.788 0.000655224 1789838 0.0191266
120.096 0.000651363 1802874 0.0190139
120.404 0.000648058 1814282 0.0189174
120.714 0.000645281 1834154 0.0188364
121.024 0.000643175 1843710 0.0187749
121.336 0.000641995 1859306 0.0187404
121.647 0.000637507 1870050 0.0186094
121.96 0.000633642 1891334 0.0184966
122.274 0.000631266 1898490 0.0184272
122.588 0.000629224 1921898 0.0183676
122.903 0.000625472 1926590 0.0182581
123.219 0.000622273 1950426 0.0181647
123.536 0.000618702 1966178 0.0180605
123.854 0.000615692 1973922 0.0179726
124.172 0.000612161 1991942 0.0178696
124.492 0.000608773 2008394 0.0177707
124.811 0.000606851 2021802 0.0177145
125.132 0.000603602 2039858 0.0176197
125.454 0.000600493 2057670 0.0175289
125.777 0.000597665 2069354 0.0174464
126.1 0.000594799 2086922 0.0173627
126.424 0.000592928 2101206 0.0173081
126.75 0.000590425 2122514 0.0172351
127.076 0.000587127 2133600 0.0171388
127.402 0.000584531 2148026 0.017063
127.73 0.000581265 2177030 0.0169677
128.059 0.000578834 2183874 0.0168967
128.387 0.000577148 2194802 0.0168475
128.717 0.000574646 2228706 0.0167744
129.049 0.00056981 2238902 0.0166333
129.381 0.000567985 2249906 0.01658
129.713 0.000565841 2273034 0.0165174
130.047 0.000563841 2286386 0.016459
130.381 0.000560617 2303982 0.0163649
130.716 0.000556333 2326394 0.0162399
131.052 0.000554462 2342522 0.0161853
131.389 0.000551463 2361450 0.0160977
131.727 0.000549289 2375606 0.0160343
132.066 0.000545449 2398010 0.0159222
132.405 0.000543999 2411016 0.0158798
132.746 0.0005414 2442266 0.015804
133.087 0.000538501 2449086 0.0157194
133.429 0.00053614 2476418 0.0156504
133.772 0.000533315 2484818 0.015568
134.116 0.000529779 2516802 0.0154647
134.461 0.000527859 2530442 0.0154087
134.807 0.000524697 2554382 0.0153164
135.154 0.000521426 2565978 0.0152209
135.502 0.000519275 2590778 0.0151581
135.85 0.000516547 2606874 0.0150785
136.199 0.0005143 2631164 0.0150129
136.549 0.000511287 2649554 0.0149249
136.9 0.00050968 2666754 0.0148781
137.252 0.000507383 2693714 0.014811
137.606 0.000504817 2715650 0.0147361
137.959 0.000501748 2725038 0.0146465
138.313 0.000499416 2755226 0.0145784
138.669 0.000496957 2773802 0.0145066
139.026 0.000494557 2798760 0.0144366
139.383 0.000492058 2820002 0.0143636
139.742 0.000489712 2837054 0.0142952
140.101 0.000488069 2870922 0.0142472
140.462 0.000485575 2881346 0.0141744
140.823 0.000482499 2902394 0.0140846
141.185 0.000479753 2928498 0.0140045
141.547 0.000478171 2947664 0.0139583
141.911 0.000475667 2979758 0.0138852
142.277 0.000473224 2998434 0.0138139
142.643 0.000471129 3024578 0.0137527
143.01 0.000468423 3043514 0.0136737
143.377 0.000466235 3061818 0.0136098
143.746 0.00046465 3091868 0.0135636
144.115 0.00046252 3114722 0.0135014
144.486 0.000459559 3143634 0.013415
144.857 0.000457674 3160586 0.0133599
145.23 0.000454996 3184658 0.0132818
145.603 0.000453052 3222000 0.013225
145.978 0.0004504 3231974 0.0131476
146.353 0.000448285 3262802 0.0130859
146.729 0.000446978 3286002 0.0130477
147.106 0.000444399 3312602 0.0129724
147.485 0.000442514 3337568 0.0129174
147.864 0.000439538 3366362 0.0128305
148.244 0.000437327 3396018 0.012766
148.625 0.0004356 3408926 0.0127156
149.007 0.000433135 3444482 0.0126436
149.39 0.000431368 3467784 0.012592
149.774 0.000428986 3498770 0.0125225
150.16 0.000427134 3524282 0.0124684
150.546 0.00042498 3548354 0.0124056
150.933 0.00042311 3580968 0.012351
151.321 0.000420633 3607658 0.0122787
151.71 0.000418376 3634646 0.0122128
152.1 0.000416231 3660666 0.0121502
152.491 0.000414516 3689696 0.0121001
152.884 0.000412302 3722978 0.0120355
153.277 0.000410479 3749090 0.0119823
153.671 0.000408261 3773754 0.0119175
154.066 0.000406012 3805976 0.0118519
154.462 0.00040458 3833522 0.0118101
154.859 0.000402507 3862434 0.0117496
155.257 0.000400871 3903374 0.0117018
155.657 0.000398799 3917240 0.0116413
156.057 0.000396842 3961082 0.0115842
156.458 0.000394058 3985818 0.0115029
156.861 0.000392122 4017122 0.0114464
157.264 0.000390003 4050344 0.0113845
157.668 0.000388611 4079402 0.0113439
158.073 0.000386452 4102290 0.0112809
158.48 0.000385527 4147256 0.0112539
158.887 0.00038309 4173074 0.0111828
159.296 0.000380807 4204082 0.0111161
159.705 0.000378942 4241100 0.0110617
160.116 0.000376681 4268354 0.0109957
160.528 0.000374687 4310354 0.0109375
160.94 0.000373161 4336802 0.0108929
161.354 0.000371864 4373568 0.0108551
161.769 0.000369877 4401866 0.0107971
162.185 0.000368156 4440074 0.0107468
162.602 0.000366543 4476560 0.0106997
163.02 0.000365423 4509378 0.010667
163.44 0.000363156 4546658 0.0106009
163.86 0.000361108 4583720 0.0105411
164.282 0.00035944 4613090 0.0104924
164.704 0.000357983 4650386 0.0104499
165.127 0.000356123 4686120 0.0103956
165.552 0.000354574 4713410 0.0103503
165.977 0.000352352 4757864 0.0102855
166.404 0.000350625 4793786 0.0102351
166.832 0.000348984 4840422 0.0101872
167.261 0.000347371 4868024 0.0101401
167.691 0.000345524 4904978 0.0100862
168.122 0.000343382 4946690 0.0100236
168.554 0.000342281 4985120 0.0099915
168.988 0.000340397 5023338 0.00993651
169.423 0.000338636 5067146 0.00988509
169.858 0.000337195 5094296 0.00984304
170.295 0.000335516 5139554 0.00979404
170.733 0.000333567 5182520 0.00973712
171.172 0.000331712 5223618 0.00968298
171.612 0.000330351 5252786 0.00964325
172.053 0.000329023 5301128 0.0096045
172.496 0.000327299 5349314 0.00955418
172.939 0.000325544 5379920 0.00950295
173.384 0.000323601 5428778 0.00944621
173.83 0.000322528 5458488 0.0094149
174.277 0.000320734 5513570 0.00936251
174.725 0.000318771 5549522 0.00930522
175.174 0.000317191 5588936 0.0092591
175.624 0.000315481 5646746 0.0092092
176.076 0.000314347 5677520 0.0091761
176.529 0.000312593 5723130 0.00912488
176.982 0.000311138 5769560 0.00908242
177.438 0.000309562 5817050 0.00903642
177.894 0.000307997 5857202 0.00899071
178.351 0.00030663 5906408 0.00895082
178.81 0.000305332 5946794 0.00891294
179.27 0.000303857 6000396 0.00886987
179.731 0.000302256 6038906 0.00882315
180.193 0.000300273 6091256 0.00876525
180.656 0.000299274 6140858 0.0087361
181.121 0.000297555 6177776 0.0086859
181.586 0.00029635 6239738 0.00865074
182.053 0.000294929 6270456 0.00860924
182.521 0.000292759 6326018 0.00854591
182.991 0.00029159 6384392 0.00851178
183.461 0.00028995 6427970 0.0084639
183.933 0.000288737 6477032 0.0084285
184.406 0.000287041 6519386 0.008379
184.88 0.000285527 6578144 0.00833481
185.355 0.00028414 6629210 0.00829432
185.832 0.000282961 6675720 0.00825989
186.31 0.000281811 6738554 0.00822631
186.789 0.000280039 6772208 0.0081746
187.269 0.000278784 6835742 0.00813798
187.75 0.00027738 6893840 0.00809697
188.233 0.0002757 6937658 0.00804793
188.717 0.000274665 6992360 0.00801772
189.202 0.000273548 7055024 0.00798513
189.689 0.000272222 7095962 0.0079464
190.176 0.000271055 7160064 0.00791234
190.666 0.000269632 7221338 0.00787081
191.156 0.000268401 7261952 0.00783487
191.647 0.000266902 7331066 0.00779111
192.14 0.000265525 7376108 0.00775092
192.634 0.000264392 7444178 0.00771786
193.13 0.000262927 7498544 0.0076751
193.626 0.000261765 7553096 0.00764117
194.124 0.000260394 7605074 0.00760116
194.623 0.000259335 7677224 0.00757024
195.123 0.000257714 7730426 0.0075229
195.625 0.000256594 7797984 0.00749023
196.128 0.000255124 7853588 0.00744732
196.633 0.000254066 7911458 0.00741643
197.138 0.000252644 7965872 0.00737493
197.645 0.000251493 8040818 0.00734131
198.153 0.000250203 8091080 0.00730365
198.663 0.0002492 8170088 0.00727438
199.174 0.000247837 8227610 0.00723461
199.686 0.00024633 8278412 0.00719062
200.199 0.000245154 8352296 0.00715628
200.714 0.000243901 8419322 0.00711971
201.23 0.000242523 8471912 0.00707946
201.747 0.000241285 8540552 0.00704334
202.266 0.000240185 8612762 0.00701122
202.786 0.000238785 8694428 0.00697035
203.308 0.000237569 8739866 0.00693486
203.831 0.000236266 8821520 0.00689682
204.355 0.000235552 8874512 0.00687598
204.88 0.000234255 8948306 0.00683814
205.407 0.000232981 9023400 0.00680093
205.935 0.000231869 9093620 0.00676848
206.465 0.000230649 9151952 0.00673287
206.995 0.000229809 9229178 0.00670834
207.527 0.000228561 9302240 0.00667192
208.061 0.000227205 9377192 0.00663232
208.596 0.000225992 9446270 0.00659693
209.133 0.000224873 9521792 0.00656426
209.67 0.000223893 9588752 0.00653565
210.209 0.000222641 9670178 0.00649909
210.75 0.000221637 9742832 0.00646978
211.292 0.000220265 9819980 0.00642974
211.835 0.000219275 9888560 0.00640086
212.38 0.000217985 9971810 0.0063632
212.926 0.000216866 10045688 0.00633052
213.474 0.000216024 10131500 0.00630596
214.022 0.000214806 10193840 0.00627039
214.573 0.000213642 10289138 0.00623642
215.125 0.000212936 10359176 0.00621579
215.677 0.000211665 10435556 0.00617871
216.232 0.000210676 10527032 0.00614983
216.788 0.00020971 10604282 0.00612163
217.345 0.000208568 10681544 0.00608829
217.904 0.000207494 10773116 0.00605693
218.465 0.000206475 10854352 0.00602721
219.026 0.000205435 10925264 0.00599684
219.589 0.00020426 11022962 0.00596254
220.154 0.000203376 11104076 0.00593675
220.72 0.00020252 11198888 0.00591175
221.288 0.000201535 11274560 0.00588301
221.857 0.000200327 11362352 0.00584773
222.427 0.00019958 11450918 0.00582593
222.999 0.000198485 11540792 0.00579396
223.573 0.000197305 11638856 0.00575951
224.147 0.000196244 11715836 0.00572856
224.724 0.000195362 11809448 0.00570281
225.302 0.000194427 11906312 0.0056755
225.881 0.000193337 11989478 0.0056437
226.462 0.000192376 12091352 0.00561564
227.044 0.000191435 12185264 0.00558817
227.628 0.000190662 12267320 0.00556559
228.213 0.000189678 12372476 0.00553687
228.8 0.000188967 12468856 0.00551612
229.388 0.000187952 12568520 0.0054865
229.978 0.00018698 12652574 0.00545813
230.569 0.000185922 12752984 0.00542725
231.162 0.000184867 12859160 0.00539645
231.756 0.000183905 12949244 0.00536836
232.352 0.000183185 13055168 0.00534734
232.95 0.000182219 13151840 0.00531915
233.549 0.000181276 13271996 0.00529162
234.149 0.00018054 13354232 0.00527012
234.751 0.000179582 13465052 0.00524216
235.355 0.000178602 13566064 0.00521356
235.96 0.000177734 13671944 0.00518822
236.567 0.000176913 13776566 0.00516425
237.175 0.000176048 13890512 0.00513902
237.785 0.000175049 13999112 0.00510986
238.397 0.000174187 14097908 0.00508467
239.009 0.000173291 14203280 0.00505853
239.624 0.000172576 14324084 0.00503766
240.24 0.000171629 14438080 0.00501
240.858 0.000170853 14534936 0.00498737
241.477 0.00017002 14653316 0.00496304
242.098 0.000169151 14776880 0.00493768
242.721 0.000168314 14873084 0.00491324
243.345 0.00016738 15008984 0.00488599
243.971 0.000166603 15105272 0.00486329
244.598 0.000165936 15237076 0.00484383
245.227 0.000165091 15350984 0.00481918
245.857 0.000164353 15445892 0.00479761
246.489 0.00016346 15598592 0.00477155
247.123 0.000162652 15704288 0.00474795
247.759 0.000161783 15842660 0.00472259
248.396 0.000160902 15932848 0.00469688
249.034 0.000160108 16083092 0.0046737
249.675 0.000159445 16195904 0.00465434
250.317 0.000158697 16313708 0.00463252
250.96 0.00015785 16448672 0.00460779
251.605 0.000157059 16589012 0.0045847
252.252 0.000156358 16698160 0.00456423
252.901 0.000155549 16835390 0.00454061
253.551 0.000154794 16968356 0.00451859
254.203 0.000154077 17101592 0.00449764
254.857 0.000153266 17226524 0.00447397
255.513 0.000152452 17365816 0.00445021
256.169 0.000151785 17485796 0.00443074
256.828 0.000151041 17631224 0.00440902
257.488 0.000150376 17771780 0.00438961
258.151 0.000149583 17908096 0.00436646
258.814 0.000148795 18033524 0.00434346
259.479 0.000148168 18177278 0.00432517
260.147 0.000147457 18323780 0.00430441
260.816 0.000146762 18474272 0.00428411
261.486 0.000146015 18609292 0.00426233
262.159 0.000145276 18751232 0.00424073
262.833 0.000144497 18896948 0.00421801
263.509 0.000143829 19043600 0.00419851
264.186 0.000143097 19187434 0.00417712
264.866 0.000142257 19343312 0.00415261
265.547 0.000141587 19484900 0.00413305
266.229 0.000140892 19639040 0.00411278
266.914 0.000140257 19790812 0.00409423
267.6 0.000139466 19944428 0.00407113
268.288 0.000138821 20083934 0.00405232
268.978 0.000138009 20264708 0.00402862
269.67 0.000137487 20416744 0.00401339
270.363 0.000136852 20561780 0.00399485
271.058 0.00013616 20722592 0.00397465
271.755 0.000135442 20897122 0.00395368
272.454 0.000134803 21038948 0.00393503
273.155 0.000134143 21220016 0.00391575
273.857 0.000133396 21375740 0.00389395
274.561 0.000132801 21538654 0.00387657
275.267 0.000132149 21710852 0.00385757
275.975 0.000131489 21863168 0.00383827
276.684 0.000130886 22042780 0.00382069
277.396 0.000130169 22225562 0.00379975
278.109 0.000129563 22374104 0.00378208
278.824 0.000128943 22567564 0.00376398
279.541 0.000128297 22732424 0.0037451
280.26 0.000127657 22921610 0.00372644
280.981 0.000126971 23086564 0.0037064
281.703 0.000126434 23262032 0.00369072
282.427 0.000125861 23433890 0.00367401
283.153 0.000125131 23636092 0.00365269
283.882 0.000124526 23824040 0.00363502
284.612 0.000123914 23985218 0.00361716
285.343 0.000123266 24179260 0.00359825
286.077 0.000122592 24376712 0.00357857
286.813 0.000122055 24544178 0.00356291
287.55 0.000121476 24753748 0.003546
288.29 0.000120835 24937064 0.00352729
289.031 0.000120213 25134674 0.00350913
289.774 0.000119685 25307668 0.00349373
290.519 0.000119024 25517864 0.00347443
291.266 0.000118454 25728626 0.00345778
292.015 0.000117937 25893652 0.00344269
292.766 0.00011732 26127710 0.00342467
293.519 0.000116836 26319604 0.00341056
294.273 0.000116157 26520908 0.00339074
295.03 0.00011563 26726654 0.00337534
295.788 0.000115136 26929204 0.00336092
296.549 0.000114563 27145994 0.00334421
297.312 0.000113946 27352564 0.00332618
298.076 0.000113405 27572150 0.00331039
298.843 0.00011284 27769916 0.00329391
299.611 0.000112304 27998308 0.00327826
300.382 0.000111784 28207190 0.00326307
301.154 0.000111219 28426180 0.00324658
301.928 0.000110671 28624130 0.0032306
302.704 0.000110096 28896460 0.00321379
303.483 0.000109644 29080694 0.00320061
304.263 0.000109046 29319836 0.00318314
305.046 0.000108558 29532394 0.00316891
305.83 0.000108053 29767340 0.00315416
306.616 0.000107532 30014194 0.00313895
307.405 0.000106984 30224432 0.00312296
308.195 0.000106341 30473410 0.00310419
308.988 0.000105798 30702596 0.00308835
309.782 0.000105302 30930418 0.00307387
310.578 0.000104836 31176008 0.00306027
311.377 0.000104297 31426922 0.00304452
312.178 0.000103772 31653868 0.00302919
312.98 0.000103298 31911962 0.00301536
313.785 0.000102767 32153338 0.00299987
314.592 0.000102388 32400824 0.00298879
315.401 0.000101842 32673226 0.00297288
316.212 0.000101374 32897276 0.0029592
317.025 0.00010083 33149338 0.00294333
317.84 0.000100394 33432602 0.00293059
318.657 9.98979e-05 33673084 0.00291611
319.476 9.94406e-05 33919790 0.00290276
320.298 9.89104e-05 34217764 0.00288729
321.122 9.84723e-05 34469282 0.0028745
321.948 9.80194e-05 34723138 0.00286128
322.775 9.75174e-05 34993172 0.00284662
323.605 9.70161e-05 35281954 0.00283199
324.437 9.65442e-05 35524210 0.00281822
325.271 9.61071e-05 35815028 0.00280546
326.108 9.5594e-05 36103222 0.00279048
326.946 9.51167e-05 36363554 0.00277655
327.787 9.47204e-05 36666988 0.00276498
328.63 9.42923e-05 36930554 0.00275248
329.475 9.38617e-05 37232002 0.00273991
330.322 9.33392e-05 37512140 0.00272466
331.171 9.29508e-05 37794946 0.00271332
332.023 9.24536e-05 38093978 0.00269881
332.877 9.20405e-05 38400652 0.00268675
333.733 9.15554e-05 38670034 0.00267259
334.591 9.11849e-05 38996498 0.00266177
335.451 9.07808e-05 39277894 0.00264998
336.314 9.03056e-05 39591956 0.00263611
337.178 8.98734e-05 39888106 0.00262349
338.045 8.94541e-05 40208698 0.00261125
338.914 8.90702e-05 40517882 0.00260004
339.786 8.86011e-05 40820764 0.00258635
340.66 8.81371e-05 41154026 0.0025728
341.536 8.77425e-05 41459578 0.00256129
342.414 8.73252e-05 41788306 0.0025491
343.294 8.6897e-05 42081866 0.00253661
344.177 8.64987e-05 42446572 0.00252498
345.062 8.60307e-05 42763874 0.00251132
345.949 8.56677e-05 43094746 0.00250072
346.839 8.52104e-05 43426258 0.00248737
347.73 8.48487e-05 43752578 0.00247681
348.624 8.44833e-05 44101090 0.00246615
349.521 8.40331e-05 44436868 0.00245301
350.42 8.36746e-05 44782802 0.00244254
351.321 8.32958e-05 45128914 0.00243148
352.224 8.28535e-05 45483370 0.00241857
353.13 8.2464e-05 45816314 0.0024072
354.037 8.2122e-05 46188442 0.00239722
354.948 8.17444e-05 46553674 0.0023862
355.861 8.13551e-05 46895978 0.00237483
356.776 8.09375e-05 47266582 0.00236264
357.693 8.05893e-05 47633458 0.00235248
358.613 8.01849e-05 47988956 0.00234067
359.535 7.98672e-05 48376618 0.0023314
360.459 7.94857e-05 48746386 0.00232026
361.386 7.9152e-05 49117010 0.00231052
362.315 7.87707e-05 49488418 0.00229939
363.247 7.83875e-05 49895914 0.0022882
364.181 7.80454e-05 50262466 0.00227822
365.117 7.76774e-05 50665130 0.00226748
366.056 7.73573e-05 51039802 0.00225813
366.997 7.70206e-05 51446590 0.0022483
367.941 7.66556e-05 51844810 0.00223765
368.887 7.62703e-05 52248530 0.0022264
369.836 7.59507e-05 52642810 0.00221707
370.787 7.56153e-05 53061658 0.00220728
371.74 7.52536e-05 53477170 0.00219672
372.696 7.49092e-05 53869586 0.00218667
373.654 7.45716e-05 54282286 0.00217682
374.615 7.42707e-05 54713002 0.00216803
375.578 7.39499e-05 55139536 0.00215867
376.544 7.36333e-05 55571090 0.00214942
377.512 7.32432e-05 55982746 0.00213804
378.483 7.2936e-05 56420434 0.00212907
379.456 7.26638e-05 56893246 0.00212112
380.432 7.23327e-05 57287866 0.00211146
381.41 7.2069e-05 57743522 0.00210376
382.39 7.17593e-05 58181746 0.00209472
383.373 7.14183e-05 58643734 0.00208477
384.359 7.11189e-05 59099032 0.00207603
385.348 7.07719e-05 59564794 0.0020659
386.339 7.04688e-05 60009410 0.00205705
387.332 7.01848e-05 60480010 0.00204876
388.328 6.98837e-05 60944086 0.00203997
389.326 6.96095e-05 61411906 0.00203197
390.327 6.93121e-05 61897144 0.00202329
391.331 6.89751e-05 62377450 0.00201345
392.337 6.87241e-05 62855294 0.00200612
393.346 6.84472e-05 63328810 0.00199804
394.358 6.81404e-05 63845434 0.00198908
395.372 6.78366e-05 64315900 0.00198021
396.388 6.75629e-05 64821082 0.00197223
397.407 6.73162e-05 65323114 0.00196502
398.429 6.70537e-05 65803834 0.00195736
399.453 6.67669e-05 66337516 0.00194899
400.481 6.64859e-05 66866810 0.00194079
401.511 6.6217e-05 67364626 0.00193294
402.543 6.5979e-05 67877710 0.00192599
403.578 6.57224e-05 68429272 0.0019185
404.616 6.54489e-05 68934970 0.00191051
405.656 6.51787e-05 69468262 0.00190263
406.699 6.49116e-05 69998872 0.00189483
407.745 6.469e-05 70555138 0.00188836
408.793 6.44435e-05 71098054 0.00188117
409.844 6.42005e-05 71666560 0.00187407
410.898 6.39728e-05 72194566 0.00186743
411.955 6.37199e-05 72762586 0.00186004
413.014 6.34874e-05 73331672 0.00185326
414.076 6.32774e-05 73882918 0.00184713
415.141 6.30323e-05 74467456 0.00183997
416.208 6.28281e-05 75008962 0.00183401
417.278 6.25978e-05 75649294 0.00182729
418.351 6.23833e-05 76200112 0.00182103
419.427 6.21636e-05 76798606 0.00181461
420.505 6.19363e-05 77363128 0.00180798
421.586 6.17372e-05 77993662 0.00180217
422.671 6.15395e-05 78583960 0.0017964
423.757 6.1339e-05 79193662 0.00179054
424.847 6.11268e-05 79812544 0.00178435
425.939 6.09353e-05 80441746 0.00177876
427.035 6.07349e-05 81027292 0.00177291
428.133 6.05565e-05 81674242 0.0017677
429.233 6.03769e-05 82306036 0.00176246
430.337 6.02079e-05 82931794 0.00175753
431.444 6.00026e-05 83595436 0.00175153
432.553 5.98554e-05 84226090 0.00174724
433.665 5.96855e-05 84905020 0.00174228
434.78 5.95086e-05 85521378 0.00173711
435.898 5.93615e-05 86208148 0.00173282
437.019 5.91766e-05 86867170 0.00172742
438.143 5.90262e-05 87522292 0.00172303
439.269 5.8898e-05 88222264 0.00171929
440.399 5.87309e-05 88892302 0.00171441
441.531 5.85872e-05 89582572 0.00171022
442.666 5.84695e-05 90272914 0.00170678
443.805 5.83099e-05 90984868 0.00170212
444.946 5.81905e-05 91689400 0.00169864
446.09 5.80503e-05 92388094 0.00169454
447.237 5.79498e-05 93094336 0.00169161
448.387 5.7824e-05 93815556 0.00168794
449.54 5.76989e-05 94551622 0.00168428
450.696 5.7604e-05 95291992 0.00168152
451.855 5.74874e-05 96010564 0.00167811
453.016 5.73869e-05 96766954 0.00167518
454.181 5.72865e-05 97501132 0.00167225
455.349 5.71754e-05 98254180 0.001669
456.52 5.70932e-05 99021864 0.0016666
457.694 5.6996e-05 99782158 0.00166377
458.871 5.69324e-05 100571620 0.00166191
460.051 5.68542e-05 101334952 0.00165963
461.233 5.67956e-05 102118276 0.00165792
462.419 5.67529e-05 102902278 0.00165667
463.608 5.66868e-05 103719888 0.00165474
464.8 5.66485e-05 104491492 0.00165362
465.995 5.65859e-05 105311284 0.0016518
467.194 5.65493e-05 106140496 0.00165073
468.395 5.65047e-05 106951822 0.00164943
469.599 5.64797e-05 107791596 0.0016487
470.807 5.6467e-05 108606772 0.00164832
472.017 5.64819e-05 109435288 0.00164876
473.231 5.64596e-05 110302564 0.00164811
474.448 5.64578e-05 111143388 0.00164806
475.668 5.64768e-05 112020700 0.00164861
476.891 5.65e-05 112894306 0.00164929
478.117 5.65199e-05 113729956 0.00164987
479.346 5.65392e-05 114639612 0.00165043
480.579 5.65551e-05 115499620 0.0016509
481.815 5.66203e-05 116421520 0.0016528
483.053 5.65761e-05 116939335 0.00165151
484.295 5.63792e-05 116939280 0.00164576
485.54 5.61774e-05 116943532 0.00163987
486.789 5.59833e-05 116899072 0.00163421
488.04 5.57988e-05 116889072 0.00162882
489.295 5.55955e-05 116872720 0.00162288
490.553 5.53938e-05 116858284 0.001617
491.815 5.52138e-05 116795044 0.00161174
493.079 5.50384e-05 116788176 0.00160662
494.347 5.48378e-05 116732812 0.00160077
495.618 5.46473e-05 116648368 0.00159521
496.892 5.4465e-05 116650344 0.00158988
498.17 5.42873e-05 116564920 0.0015847
499.451 5.41047e-05 116498052 0.00157937
500.735 5.39308e-05 116435392 0.00157429
502.023 5.37468e-05 116367904 0.00156892
503.314 5.35791e-05 116257824 0.00156402
504.608 5.34302e-05 116196436 0.00155968
505.905 5.32559e-05 116095600 0.00155459
507.206 5.3097e-05 115986576 0.00154995
508.51 5.29255e-05 115891240 0.00154494
509.818 5.27798e-05 115796928 0.00154069
511.129 5.26302e-05 115651240 0.00153632
512.443 5.24719e-05 115542868 0.0015317
513.761 5.23241e-05 115417320 0.00152739
515.082 5.21747e-05 115277548 0.00152303
516.406 5.2007e-05 115132296 0.00151813
517.734 5.18407e-05 114982240 0.00151328
519.065 5.16888e-05 114819180 0.00150885
520.399 5.1543e-05 114670768 0.00150459
521.738 5.14072e-05 114525108 0.00150062
523.079 5.12667e-05 114298600 0.00149652
524.424 5.11326e-05 114176136 0.00149261
525.773 5.10064e-05 113947792 0.00148892
527.124 5.08661e-05 113768896 0.00148483
528.48 5.07441e-05 113558592 0.00148127
529.839 5.05992e-05 113367724 0.00147704
531.201 5.04627e-05 113127276 0.00147305
532.567 5.03333e-05 112914256 0.00146928
533.936 5.02057e-05 112688340 0.00146555
535.309 5.00911e-05 112426152 0.00146221
536.686 4.99785e-05 112198672 0.00145892
538.066 4.98641e-05 111958488 0.00145558
539.449 4.97463e-05 111666640 0.00145214
540.836 4.96188e-05 111400152 0.00144842
542.227 4.95123e-05 111137236 0.00144531
543.621 4.93693e-05 110862960 0.00144114
545.019 4.92684e-05 110551120 0.00143819
546.42 4.91703e-05 110256372 0.00143533
547.825 4.90721e-05 109929480 0.00143246
549.234 4.89821e-05 109648240 0.00142983
550.646 4.88755e-05 109288116 0.00142672
552.062 4.87792e-05 108971368 0.00142391
553.481 4.87048e-05 108615876 0.00142174
554.904 4.8615e-05 108258792 0.00141912
556.331 4.85139e-05 107896156 0.00141617
557.762 4.84545e-05 107548044 0.00141443
559.196 4.83944e-05 107155156 0.00141268
560.634 4.8312e-05 106745640 0.00141027
562.075 4.82378e-05 106381152 0.00140811
563.52 4.81656e-05 105950332 0.001406
564.969 4.81146e-05 105560460 0.00140451
566.422 4.80406e-05 105095832 0.00140235
567.878 4.79696e-05 104691448 0.00140028
569.339 4.79227e-05 104227416 0.00139891
570.802 4.78778e-05 103768020 0.0013976
572.27 4.78101e-05 103321584 0.00139562
573.742 4.77573e-05 102828700 0.00139408
575.217 4.77338e-05 102352788 0.0013934
576.696 4.76881e-05 101856600 0.00139206
578.179 4.76278e-05 101332732 0.0013903
579.665 4.75897e-05 100832628 0.00138919
581.156 4.75624e-05 100293552 0.00138839
582.65 4.75476e-05 99747192 0.00138796
584.148 4.75176e-05 99219016 0.00138708
585.65 4.75002e-05 98641428 0.00138658
587.156 4.74728e-05 98075004 0.00138578
588.666 4.74653e-05 97492236 0.00138556
590.179 4.74572e-05 96889368 0.00138532
591.697 4.7443e-05 96288544 0.0013849
593.218 4.74498e-05 95667084 0.0013851
594.744 4.74833e-05 95038752 0.00138608
596.273 4.74909e-05 94392264 0.0013863
597.806 4.74852e-05 93742056 0.00138614
599.343 4.7509e-05 93080044 0.00138683
600.884 4.75337e-05 92395188 0.00138755
602.429 4.75468e-05 91699368 0.00138793
603.978 4.75972e-05 90981384 0.00138941
605.531 4.76406e-05 90300588 0.00139067
607.088 4.7692e-05 89544360 0.00139217
608.649 4.77325e-05 88824232 0.00139336
610.214 4.77846e-05 88040328 0.00139488
611.783 4.78395e-05 87297984 0.00139648
613.356 4.79252e-05 86497968 0.00139898
614.933 4.79801e-05 85707504 0.00140058
616.514 4.80486e-05 84898392 0.00140258
618.099 4.81302e-05 84056904 0.00140496
619.689 4.82428e-05 83247912 0.00140825
621.282 4.83396e-05 82396368 0.00141108
622.88 4.84209e-05 81516660 0.00141345
624.481 4.85508e-05 80625504 0.00141724
626.087 4.86495e-05 79743588 0.00142012
627.696 4.87403e-05 78851196 0.00142278
629.311 4.88579e-05 77904480 0.00142621
630.928 4.89867e-05 76957480 0.00142997
632.551 4.91512e-05 76018464 0.00143477
634.177 4.92919e-05 75041040 0.00143888
635.808 4.94419e-05 74065920 0.00144325
637.442 4.95977e-05 73055520 0.0014478
639.081 4.97496e-05 72045396 0.00145224
640.725 4.99153e-05 70993964 0.00145707
642.372 5.01013e-05 69966888 0.0014625
644.024 5.0257e-05 68889276 0.00146705
645.68 5.04363e-05 67824288 0.00147228
647.34 5.06093e-05 66704700 0.00147733
649.004 5.07952e-05 65602596 0.00148276
650.673 5.09253e-05 64452240 0.00148656
652.346 5.11438e-05 63318708 0.00149294
654.023 5.12832e-05 62140668 0.001497
655.705 5.14942e-05 60969048 0.00150317
657.391 5.16451e-05 59742948 0.00150757
659.081 5.18168e-05 58545444 0.00151258
660.775 5.19956e-05 57293532 0.0015178
662.474 5.21452e-05 56035064 0.00152217
664.178 5.23148e-05 54769164 0.00152712
665.885 5.24335e-05 53467236 0.00153058
667.597 5.25815e-05 52159800 0.0015349
669.314 5.26983e-05 50824572 0.00153831
671.035 5.28042e-05 49478256 0.0015414
672.76 5.28732e-05 48107940 0.00154342
674.49 5.28849e-05 46713656 0.00154376
676.224 5.28566e-05 45286716 0.00154293
677.962 5.28133e-05 43878768 0.00154167
679.705 5.27158e-05 42417696 0.00153883
681.452 5.2523e-05 40952868 0.0015332
683.205 5.23515e-05 39518069 0.00152819
684.962 5.22217e-05 38220792 0.0015244
686.723 5.21685e-05 37010586 0.00152285
688.489 5.20716e-05 35872284 0.00152002
690.259 5.2063e-05 34769120 0.00151977
692.034 5.2084e-05 33713676 0.00152038
693.814 5.2123e-05 32679294 0.00152152
695.597 5.21642e-05 31689516 0.00152272
697.386 5.21878e-05 30731648 0.00152341
699.179 5.22945e-05 29789496 0.00152653
700.977 5.23478e-05 28876206 0.00152808
702.78 5.24314e-05 27977588 0.00153052
704.586 5.25473e-05 27112026 0.0015339
706.398 5.26284e-05 26263032 0.00153627
708.215 5.28325e-05 25433732 0.00154223
710.036 5.30303e-05 24617118 0.001548
711.861 5.31727e-05 23829618 0.00155216
713.691 5.33427e-05 23045474 0.00155712
715.526 5.35756e-05 22291164 0.00156392
717.366 5.37639e-05 21548138 0.00156942
719.211 5.39628e-05 20822178 0.00157522
721.06 5.42579e-05 20107248 0.00158384
722.914 5.44638e-05 19406348 0.00158985
724.772 5.47112e-05 18723654 0.00159707
726.636 5.50171e-05 18059312 0.001606
728.504 5.52919e-05 17402742 0.00161402
730.377 5.55826e-05 16754724 0.00162251
732.255 5.59493e-05 16135814 0.00163321
734.138 5.63083e-05 15515232 0.00164369
736.025 5.67202e-05 14911028 0.00165572
737.918 5.70082e-05 14330256 0.00166412
739.815 5.74445e-05 13745288 0.00167686
741.717 5.78836e-05 13186902 0.00168968
743.624 5.83051e-05 12629240 0.00170198
745.536 5.87612e-05 12094086 0.00171529
747.453 5.92588e-05 11563610 0.00172982
749.375 5.98846e-05 11050836 0.00174809
751.302 6.04312e-05 10549550 0.00176404
753.233 6.10144e-05 10053218 0.00178107
755.17 6.15241e-05 9573252 0.00179595
757.111 6.21268e-05 9108968 0.00181354
759.058 6.28091e-05 8650770 0.00183346
761.009 6.35771e-05 8203508 0.00185588
762.966 6.43842e-05 7772340 0.00187944
764.927 6.51523e-05 7352690 0.00190186
766.894 6.60167e-05 6941804 0.00192709
768.866 6.67187e-05 6542412 0.00194758
770.843 6.75035e-05 6154682 0.00197049
772.825 6.82705e-05 5779532 0.00199288
774.811 6.92158e-05 5414334 0.00202047
776.803 7.03291e-05 5062910 0.00205297
778.8 7.13484e-05 4721528 0.00208273
780.802 7.24144e-05 4393398 0.00211384
782.81 7.3526e-05 4074230 0.00214629
784.822 7.47846e-05 3767654 0.00218303
786.839 7.60379e-05 3472146 0.00221962
788.861 7.74721e-05 3188006 0.00226148
790.888 7.89345e-05 2916440 0.00230417
792.921 8.04201e-05 2661902 0.00234754
794.961 8.18589e-05 2410242 0.00238954
797.003 8.3427e-05 2171384 0.00243531
799.05 8.54625e-05 1949174 0.00249473
801.105 8.7091e-05 1738592 0.00254227
803.163 8.8686e-05 1533366 0.00258883
805.226 9.08419e-05 1347812 0.00265176
807.296 9.31314e-05 1170398 0.00271859
809.37 9.48657e-05 1004792 0.00276922
811.448 9.731e-05 853736 0.00284057
813.531 9.96545e-05 711416 0.00290901
815.621 0.00010201 587334 0.00297776
817.718 0.000104402 468236 0.00304759
819.802 0.000106809 363320 0.00311784
821.909 0.000109861 280856 0.00320694
824.035 0.000112894 198080 0.00329549
826.109 0.000117552 128864 0.00343144
828.186 0.000118976 83264 0.00347302
830.313 0.000123757 42368 0.00361259
832.391 0.000125252 15296 0.00365622
834.243 0.000125094 2046 0.00365163
835.799 0.000289977 1 0.00846471
